date,tic,close,high,low
2018-01-02,AAPL,39.547394169494964,39.756558001082006,39.30195663365345
2018-01-02,AMGN,134.06444671973372,135.1645016000069,133.1563674309589
2018-01-02,CRM,100.4677376490675,101.13944344759214,99.67889181428909
2018-01-02,CSCO,29.73815909866538,29.91136439464633,29.57843358496303
2018-01-02,IBM,102.05030160429112,102.66505043933577,101.63924172325821
2018-01-02,INTC,38.82460639981004,39.07610518061856,38.458860178640705
2018-01-02,MSFT,78.4287475050881,78.84509576913071,77.95790055518677
2018-01-02,NKE,55.5747341292166,55.973751774457014,55.0510693935438
2018-01-02,VZ,32.79151481001086,33.034820211605705,32.574608444180996
2018-01-02,WMT,28.901235489028842,29.093296670907502,28.723524835493272
2018-01-03,AAPL,39.57118316481976,39.79089703837439,39.333418557123686
2018-01-03,AMGN,133.89666400421942,134.99600836076593,133.00538844209353
2018-01-03,CRM,100.53060393851554,101.22338977877439,99.75399558367542
2018-01-03,CSCO,29.77059057851312,29.949623659995375,29.616645687425613
2018-01-03,IBM,102.0567079130378,102.68367994511196,101.66675431234283
2018-01-03,INTC,38.92685469823367,39.179423786495065,38.55100110142295
2018-01-03,MSFT,78.54876823614626,78.97880987111198,78.090551335532
2018-01-03,NKE,55.63271447376938,56.02874024471464,55.0880250343588
2018-01-03,VZ,32.818244275230946,33.053553851272916,32.60063966011489
2018-01-03,WMT,28.993880390177374,29.182101986838592,28.813511997284024
2018-01-04,AAPL,39.60399862936395,39.832849279547865,39.373226755539115
2018-01-04,AMGN,133.82284673611375,134.96037718208618,132.94556229802194
2018-01-04,CRM,100.62315324991627,101.37152789868945,99.90440060400284
2018-01-04,CSCO,29.821898805307065,30.01021817711623,29.67326905364576
2018-01-04,IBM,102.15039979176649,102.81611625351036,101.77378729077655
2018-01-04,INTC,39.05658427939861,39.32397393118454,38.68495476098442
2018-01-04,MSFT,78.71041106822841,79.17186986896812,78.28328239458615
2018-01-04,NKE,55.74485734981905,56.143481478770134,55.176989679276005
2018-01-04,VZ,32.86546053194451,33.11429177107926,32.64686895093762
2018-01-04,WMT,29.095283549072633,29.29319136183068,28.918443821951062
2018-01-05,AAPL,39.61700378943994,39.82941784611419,39.36982347185496
2018-01-05,AMGN,133.66996003533396,134.79955590550958,132.7900486278437
2018-01-05,CRM,100.65499579802201,101.34426249632119,99.89106609773552
2018-01-05,CSCO,29.851919161008862,30.033547872015216,29.696867473490247
2018-01-05,IBM,102.1713485225525,102.80983089546709,101.7727445524259
2018-01-05,INTC,39.14983412743301,39.41588980637996,38.772946317825266
2018-01-05,MSFT,78.83677841294363,79.26771070423318,78.38456425797486
2018-01-05,NKE,55.80340900714278,56.195273100995614,55.24579599083029
2018-01-05,VZ,32.897898361987124,33.1470479424279,32.67503903507464
2018-01-05,WMT,29.180676023674437,29.37301870326352,29.002041953289165
2018-01-08,AAPL,39.612298897541265,39.83364501279111,39.385426167952374
2018-01-08,AMGN,133.457040734518,134.5911881062271,132.61071235813588
2018-01-08,CRM,100.68530361849987,101.36959271239175,99.94080576334098
2018-01-08,CSCO,29.876451052675552,30.05867689457766,29.726952458483282
2018-01-08,IBM,102.18267042427235,102.81879068394332,101.78635238073439
2018-01-08,INTC,39.230640119531735,39.49151308368081,38.86996685620756
2018-01-08,MSFT,78.94082297532186,79.37174773113982,78.49045982470953
2018-01-08,NKE,55.835059949030935,56.24202154245318,55.311602772758704
2018-01-08,VZ,32.916479066656976,33.16380321542693,32.70306203901516
2018-01-08,WMT,29.259361834598568,29.449413791581797,29.082610236879976
2018-01-09,AAPL,39.64037513094921,39.874367179071264,39.415147087195585
2018-01-09,AMGN,133.40161049746195,134.5380945915239,132.56089703456124
2018-01-09,CRM,100.77631249723113,101.51794709837398,100.03868989924739
2018-01-09,CSCO,29.927745069209074,30.114346995748438,29.779469611521773
2018-01-09,IBM,102.2766474033389,102.9313176599409,101.89043334778827
2018-01-09,INTC,39.34606218744817,39.61320433091551,38.97434194919282
2018-01-09,MSFT,79.08691952633205,79.544913634084,78.64463202993896
2018-01-09,NKE,55.92780651570905,56.33017642991983,55.382516908524735
2018-01-09,VZ,32.972144632163335,33.22209586179389,32.754279924361306
2018-01-09,WMT,29.358240377095253,29.555537099433813,29.186087139149986
2018-01-10,AAPL,39.652958291816375,39.874844253607655,39.41543147520835
2018-01-10,AMGN,133.24324233862222,134.34777196368617,132.34679901236598
2018-01-10,CRM,100.84477569226291,101.5594752883627,100.07148517011346
2018-01-10,CSCO,29.971135646087557,30.15249248894522,29.81364806345266
2018-01-10,IBM,102.31592791293487,102.9532020869431,101.91333333402328
2018-01-10,INTC,39.44905615776312,39.71171809974781,39.07256979317666
2018-01-10,MSFT,79.22812564877103,79.66652398730488,78.76997809345418
2018-01-10,NKE,55.993338577094924,56.39147716442099,55.438575503992695
2018-01-10,VZ,33.019136480971824,33.26474298104047,32.79666784231291
2018-01-10,WMT,29.44711936523042,29.644115991297554,29.26214033018056
2018-01-11,AAPL,39.650298242112754,39.87618848477844,39.42579533141094
2018-01-11,AMGN,133.06220599202047,134.19780048883987,132.2090264198882
2018-01-11,CRM,100.89055087443948,101.60870319608551,100.14334066129528
2018-01-11,CSCO,30.00842598439091,30.194790586720018,29.85773703403695
2018-01-11,IBM,102.39734577992428,103.04449220868881,101.98666259393046
2018-01-11,INTC,39.53759988169173,39.806283916655914,39.173910270022944
2018-01-11,MSFT,79.34667634687519,79.7968939213968,78.89546939665308
2018-01-11,NKE,56.057814803747206,56.46178667977518,55.507873101660536
2018-01-11,VZ,33.06087187521202,33.313549754377185,32.84104413063408
2018-01-11,WMT,29.53132011305949,29.72695743528181,29.35136463402609
2018-01-12,AAPL,39.67986510033448,39.904937005768105,39.44788766408708
2018-01-12,AMGN,132.93473223587273,134.0144424610607,132.02862863952305
2018-01-12,CRM,100.99190888213957,101.71291662864618,100.21263186825038
2018-01-12,CSCO,30.0683756496216,30.25061190609756,29.908744593911887
2018-01-12,IBM,102.544894771026,103.18851242615128,102.12009872744416
2018-01-12,INTC,39.6566938338853,39.92301740485233,39.27283623250436
2018-01-12,MSFT,79.49488063888711,79.94484249811882,79.03249982881835
2018-01-12,NKE,56.16265208167576,56.54950432541793,55.55792683911339
2018-01-12,VZ,33.12258876497218,33.37045675142352,32.89438815270727
2018-01-12,WMT,29.637732056561926,29.82989268567567,29.44498444696382
2018-01-16,AAPL,39.73609817254617,39.987128427723775,39.5288170632048
2018-01-16,AMGN,132.91012323687065,134.14544458235346,132.1467893229957
2018-01-16,CRM,101.22833679907308,102.04366088136582,100.55803807065726
2018-01-16,CSCO,30.148477342844803,30.35074849083809,30.011483857747933
2018-01-16,IBM,102.70824832401284,103.4082300759217,102.3559345012157
2018-01-16,INTC,39.81157975856386,40.101764493682026,39.46485719695675
2018-01-16,MSFT,79.73516682234188,80.22839939873602,79.33480697987854
2018-01-16,NKE,56.30164354110354,56.73459996497702,55.76570921444563
2018-01-16,VZ,33.18722708550545,33.45795384963885,32.98972386877195
2018-01-16,WMT,29.76011543406024,29.97515631632947,29.588123422587778
2018-01-17,AAPL,39.80635133029016,40.05912187375637,39.59815929464935
2018-01-17,AMGN,132.87815382703505,134.09427987001501,132.0973203582013
2018-01-17,CRM,101.46954201248066,102.28859999555797,100.76297698508235
2018-01-17,CSCO,30.229836933218795,30.429448828353074,30.088448808140082
2018-01-17,IBM,102.84558635407312,103.5347601469099,102.48024932011064
2018-01-17,INTC,39.960747954316105,40.24983758417519,39.61433743529502
2018-01-17,MSFT,79.97723328282275,80.47408589148489,79.54950183747772
2018-01-17,NKE,56.40804758368659,56.850066752318334,55.89922594788891
2018-01-17,VZ,33.25963200645437,33.52808210793654,33.062833015031494
2018-01-17,WMT,29.873152651002236,30.09102308184821,29.70026316043297
2018-01-18,AAPL,39.83728834305979,40.06373969077924,39.60712889747232
2018-01-18,AMGN,132.75355068269116,133.88304922671537,131.90261483526007
2018-01-18,CRM,101.5537042589829,102.27819562605822,100.80265126811842
2018-01-18,CSCO,30.27387727952288,30.46229472370339,30.122012418801628
2018-01-18,IBM,102.9087098494516,103.56593417853996,102.51326001193945
2018-01-18,INTC,40.07070305565925,40.34302612398368,39.695770686048625
2018-01-18,MSFT,80.12186445494233,80.5805130983504,79.66419592649103
2018-01-18,NKE,56.481786484673414,56.8905630042349,55.93468747973477
2018-01-18,VZ,33.29975469544392,33.55071048709583,33.081665444618295
2018-01-18,WMT,29.968691519227896,30.169120241117444,29.78709103726764
2018-01-19,AAPL,39.86978625465139,40.12171921606639,39.66565964108978
2018-01-19,AMGN,132.70383561160128,133.9004643132671,131.91608797725536
2018-01-19,CRM,101.7011984805351,102.52429270054267,101.03757858644103
2018-01-19,CSCO,30.331851556596167,30.532297329293183,30.193815343948057
2018-01-19,IBM,103.04463850414959,103.74968961892861,102.69443392863928
2018-01-19,INTC,40.21418887262062,40.5029853758858,39.86549753529521
2018-01-19,MSFT,80.32744946834211,80.82275702389217,79.9250489749827
2018-01-19,NKE,56.59049875390069,57.03409186739988,56.06247212349509
2018-01-19,VZ,33.35632275859854,33.62438185827767,33.1577166773346
2018-01-19,WMT,30.05912878861134,30.27909615309153,29.89428812353953
2018-01-22,AAPL,39.892019125909655,40.10551345006999,39.6464222009753
2018-01-22,AMGN,132.4577017656124,133.56910314914964,131.55668638507277
2018-01-22,CRM,101.78071700738553,102.487637629752,100.99818948751991
2018-01-22,CSCO,30.378798932378064,30.562535982411244,30.216683498571108
2018-01-22,IBM,103.10204165885509,103.7433427234981,102.68252827236364
2018-01-22,INTC,40.325412916782085,40.59522807821862,39.944060574416966
2018-01-22,MSFT,80.48040619614285,80.93051394758514,80.01563116157037
2018-01-22,NKE,56.67112251900659,57.062120017736845,56.07497263949139
2018-01-22,VZ,33.388856682551044,33.63832244703215,33.16274491234142
2018-01-22,WMT,30.15579854172313,30.353811813438142,29.954830684458567
2018-01-23,AAPL,39.922244454853626,40.148758351901726,39.68523633039107
2018-01-23,AMGN,132.34144120624262,133.4584886044611,131.47929335044392
2018-01-23,CRM,101.88502188098285,102.60296654518635,101.11866599491941
2018-01-23,CSCO,30.428448522308887,30.61406205780919,30.26974907604005
2018-01-23,IBM,103.17336267040665,103.81693476727396,102.76626185389755
2018-01-23,INTC,40.43333308259671,40.71190773833107,40.05224683062691
2018-01-23,MSFT,80.64819272925804,81.10006195929621,80.18026686298519
2018-01-23,NKE,56.742922588030176,57.145918083490216,56.187606882620514
2018-01-23,VZ,33.444569896243124,33.699919949039725,33.22116939019193
2018-01-23,WMT,30.24950707764003,30.4512415885613,30.06053321096924
2018-01-24,AAPL,39.96791030945359,40.20406305677692,39.740401628699246
2018-01-24,AMGN,132.2559744539552,133.39327343347452,131.42232288263637
2018-01-24,CRM,102.02696862427881,102.78894194579243,101.29009783765295
2018-01-24,CSCO,30.48698988836174,30.679693654794296,30.337020180442426
2018-01-24,IBM,103.28281966853837,103.95838396457557,102.9020499871757
2018-01-24,INTC,40.57437044237281,40.856321813165515,40.19748837264286
2018-01-24,MSFT,80.83844766637668,81.31195630861133,80.39321618426368
2018-01-24,NKE,56.83808630616219,57.25413499878509,56.2767202284668
2018-01-24,VZ,33.49254897903496,33.75599204237364,33.28022572579574
2018-01-24,WMT,30.35153844663624,30.562245909166798,30.17067591269056
2018-01-25,AAPL,39.99594305366131,40.20864118240671,39.74745261588141
2018-01-25,AMGN,132.01240862106803,133.0911987170566,131.11450004276796
2018-01-25,CRM,102.07928037099494,102.77127620346828,101.28945180134016
2018-01-25,CSCO,30.522827407827098,30.7009048246053,30.356958892317113
2018-01-25,IBM,103.31907245340014,103.95026986156965,102.90006945047935
2018-01-25,INTC,40.68374407473878,40.94999526133101,40.2953793954977
2018-01-25,MSFT,80.98583677933347,81.4283590659175,80.50613176419667
2018-01-25,NKE,56.87182299481623,57.26777439207229,56.302973232720646
2018-01-25,VZ,33.51781393517357,33.765569398490456,33.29283800921272
2018-01-25,WMT,30.425494985809326,30.62757479562697,30.23043299944283
2018-01-26,AAPL,40.019790033866116,40.23417052433931,39.77163547116253
2018-01-26,AMGN,131.77582335016595,132.85611770632494,130.85812641642144
2018-01-26,CRM,102.13142721283394,102.82872052752016,101.33308610323714
2018-01-26,CSCO,30.557758557382474,30.73750184519357,30.39231202373455
2018-01-26,IBM,103.32690136051521,103.95232085222817,102.90534210321165
2018-01-26,INTC,40.78449697837273,41.049977434091424,40.39588838666662
2018-01-26,MSFT,81.12215598446578,81.57289904074871,80.63856376474871
2018-01-26,NKE,56.91804447626727,57.31720881433768,56.35328949870964
2018-01-26,VZ,33.54618035899452,33.7884301192754,33.31786679285506
2018-01-26,WMT,30.508213556382735,30.707017216148152,30.308571863434363
2018-01-29,AAPL,40.06017906355543,40.285694071513866,39.82190995140563
2018-01-29,AMGN,131.63995388626955,132.7489269397862,130.76032907328656
2018-01-29,CRM,102.2346873013821,102.97355359677218,101.49009974479884
2018-01-29,CSCO,30.6056098373263,30.79401252593258,30.44853001962368
2018-01-29,IBM,103.4070004636207,104.0652297565563,103.0144968894765
2018-01-29,INTC,40.91551691524607,41.19083012413754,40.52772398586077
2018-01-29,MSFT,81.29060917726646,81.76122560401929,80.83973396182186
2018-01-29,NKE,57.02062511337806,57.42361158961917,56.4401068689309
2018-01-29,VZ,33.585165554550606,33.833430902458446,33.360674040122824
2018-01-29,WMT,30.607905568103515,30.813399429605514,30.41456843603058
2018-01-30,AAPL,40.062935167522355,40.282984817796304,39.81717571541411
2018-01-30,AMGN,131.41149401111124,132.501065602011,130.54196264007888
2018-01-30,CRM,102.26354062590059,102.97137354100292,101.48785189084579
2018-01-30,CSCO,30.633679754776686,30.81505779539863,30.472730699795488
2018-01-30,IBM,103.41317296619445,104.0492514925787,103.0182119950506
2018-01-30,INTC,41.02402154919307,41.29546268490297,40.63653495010303
2018-01-30,MSFT,81.434035887128,81.87084023768607,80.9676075507445
2018-01-30,NKE,57.033826565383485,57.44382698644298,56.48229828257997
2018-01-30,VZ,33.60550815526796,33.8648373386414,33.388781279579476
2018-01-30,WMT,30.67498557027059,30.883937204969122,30.4887449107722
2018-01-31,AAPL,40.11193838086755,40.343879511344014,39.878155359129934
2018-01-31,AMGN,131.29533452968175,132.41408033284245,130.47004015809938
2018-01-31,CRM,102.39842407705267,103.13383978561944,101.64078738398892
2018-01-31,CSCO,30.68497281408232,30.87459776080043,30.53090536916263
2018-01-31,IBM,103.4736808574489,104.13190333612236,103.09083034455873
2018-01-31,INTC,41.15450454435969,41.43239771012417,40.76894230739706
2018-01-31,MSFT,81.60778316189487,82.06910512720965,81.14923876356853
2018-01-31,NKE,57.10434322926669,57.52029403817853,56.5613702810582
2018-01-31,VZ,33.64117423550305,33.89643858663281,33.42770844181726
2018-01-31,WMT,30.77912302194058,30.988492487532657,30.591897881659108
2018-02-01,AAPL,40.04350832198388,40.293351442828246,39.76333272543139
2018-02-01,AMGN,130.94752923507897,132.555680557037,129.80796327999047
2018-02-01,CRM,102.62525357045888,103.32493585758066,101.69053070231645
2018-02-01,CSCO,30.686664825129817,30.886525641236503,30.452041891811085
2018-02-01,IBM,103.5503010248391,104.19925273928604,102.91490481134488
2018-02-01,INTC,41.12166367005801,41.584694846647324,40.63690789970941
2018-02-01,MSFT,81.97144869668847,82.45717228305666,81.29415713455332
2018-02-01,NKE,57.30249062203013,57.647730042160596,56.70470830239488
2018-02-01,VZ,33.70124072769293,33.96051309814455,33.39046631365572
2018-02-01,WMT,30.800655972464963,31.01752657658542,30.56851600489431
2018-02-02,AAPL,39.999025096832874,40.249977877526156,39.71726894910831
2018-02-02,AMGN,130.80244368730894,132.36468515305032,129.6652122067972
2018-02-02,CRM,102.93791069844707,103.68414242124582,102.03261782007145
2018-02-02,CSCO,30.715281970956546,30.91997521734502,30.486605639988095
2018-02-02,IBM,103.59155810015814,104.30155590464615,102.98365836435076
2018-02-02,INTC,41.135502964412396,41.59027166493059,40.65640786843908
2018-02-02,MSFT,82.34150771401787,82.84861245099519,81.69050530761254
2018-02-02,NKE,57.5114513638761,57.88463043274312,56.90759125066378
2018-02-02,VZ,33.77045948884292,34.02412273413738,33.472013431768104
2018-02-02,WMT,30.84682218513392,31.063038802472008,30.614127207266936
2018-02-05,AAPL,39.97956072078351,40.24065659122613,39.70991158159728
2018-02-05,AMGN,130.79473543814817,132.30557459756997,129.71109915639025
2018-02-05,CRM,103.29799898359992,104.06368796759821,102.41915452434597
2018-02-05,CSCO,30.781198220983544,30.99394745110805,30.553408900898688
2018-02-05,IBM,103.7226372301837,104.4357571020072,103.1521713580276
2018-02-05,INTC,41.203197893215204,41.65047691596415,40.711229932642894
2018-02-05,MSFT,82.77013806959316,83.3019217144043,82.12720602232424
2018-02-05,NKE,57.72024308387315,58.10081593140888,57.15977989255118
2018-02-05,VZ,33.87466175392676,34.129528446367374,33.58212492153811
2018-02-05,WMT,30.93659606991879,31.155672922986014,30.70494495147057
2018-02-06,AAPL,39.93923653223299,40.1916141020626,39.66566391768278
2018-02-06,AMGN,130.654729419969,132.15085315244556,129.55061114853316
2018-02-06,CRM,103.5396457841254,104.2733125971716,102.61648900918578
2018-02-06,CSCO,30.818007197555378,31.02480017852589,30.583978744613525
2018-02-06,IBM,103.80911880013882,104.49675262733896,103.20938575862917
2018-02-06,INTC,41.218948778439966,41.67415824825765,40.731513016057534
2018-02-06,MSFT,83.14136647391189,83.66408479030184,82.4834814551953
2018-02-06,NKE,57.931450800900016,58.28836258529851,57.348430137138365
2018-02-06,VZ,33.9526365752243,34.21831495841704,33.65433333684181
2018-02-06,WMT,31.001386706736124,31.215776203286715,30.768870534834683
2018-02-07,AAPL,39.89936462716172,40.15542082649737,39.63013801708117
2018-02-07,AMGN,130.34651644146393,131.99342495110247,129.23745831528532
2018-02-07,CRM,103.84369532208284,104.5839532671615,102.93136676260701
2018-02-07,CSCO,30.82421646218139,31.040915057322504,30.599324679579187
2018-02-07,IBM,103.8699795215982,104.57932326768301,103.26601312197526
2018-02-07,INTC,41.18235236477688,41.67053260835447,40.714434249119066
2018-02-07,MSFT,83.5515537074108,84.08094742203751,82.8813872981833
2018-02-07,NKE,58.181999515847295,58.55235048923346,57.581704971638054
2018-02-07,VZ,34.02629741120566,34.28297005175267,33.717240933164106
2018-02-07,WMT,31.044738960555545,31.270162028748086,30.808262135525233
2018-02-08,AAPL,39.86649711526279,40.132574646772646,39.60972523604453
2018-02-08,AMGN,130.32336692526343,131.83124817490477,129.25395490380063
2018-02-08,CRM,104.20568566089113,104.98554808662946,103.34663297248076
2018-02-08,CSCO,30.887660705154854,31.10235497291069,30.66353885191829
2018-02-08,IBM,103.9620432615896,104.69349694040359,103.38082219657268
2018-02-08,INTC,41.22400387112903,41.680520314925296,40.760795381123614
2018-02-08,MSFT,83.95826469529366,84.49932764837139,83.33191237155899
2018-02-08,NKE,58.411121960387966,58.79903754739955,57.82615617106228
2018-02-08,VZ,34.124446125747575,34.38484356766478,33.8275430106929
2018-02-08,WMT,31.12849585673386,31.347595477655016,30.892504496830924
2018-02-09,AAPL,39.8226174642465,40.0771745157549,39.551327291165656
2018-02-09,AMGN,130.23641696911437,131.73270387129847,129.12808140467834
2018-02-09,CRM,104.50736221217986,105.25856228335361,103.60739221582479
2018-02-09,CSCO,30.94004022125533,31.143453599254304,30.705869517688036
2018-02-09,IBM,104.06646055995752,104.75408213291458,103.46163859281697
2018-02-09,INTC,41.26915603573337,41.7134661416464,40.78331834587252
2018-02-09,MSFT,84.3331858722482,84.8528620665344,83.67618337453088
2018-02-09,NKE,58.61499375195341,58.9848787939308,58.0193720086031
2018-02-09,VZ,34.20874092195031,34.4691192475075,33.90587221023292
2018-02-09,WMT,31.190489142268248,31.40726134359332,30.952914650122796
2018-02-12,AAPL,39.78539171900078,40.04703676460605,39.52340802759798
2018-02-12,AMGN,130.08032112756112,131.6340690162887,128.98818248078635
2018-02-12,CRM,104.8157455935265,105.57927231547754,103.93353255905753
2018-02-12,CSCO,30.982968070511617,31.200094118204547,30.757523390097862
2018-02-12,IBM,104.17546477540651,104.88295916068647,103.58250712103732
2018-02-12,INTC,41.27219799333263,41.7457287723995,40.80170767079818
2018-02-12,MSFT,84.73234247771356,85.27621305426538,84.07859054840135
2018-02-12,NKE,58.848872987555154,59.222425562041124,58.253520531535756
2018-02-12,VZ,34.299758444959146,34.557906791502816,33.99110503347594
2018-02-12,WMT,31.262835103167312,31.487112774814985,31.019779129441556
2018-02-13,AAPL,39.74016069116367,40.00123753369546,39.463882912313075
2018-02-13,AMGN,130.2029082258741,131.61954559606662,129.08908896482336
2018-02-13,CRM,105.12909920026227,105.90649181677126,104.24841743816704
2018-02-13,CSCO,31.072512950476224,31.283053256643072,30.84210191399643
2018-02-13,IBM,104.26885105770744,104.9850642840082,103.69251682070278
2018-02-13,INTC,41.353963398917486,41.79109530730405,40.872088156182826
2018-02-13,MSFT,85.06540197334148,85.61018365531238,84.44520876836056
2018-02-13,NKE,59.036399038045715,59.42227211537206,58.45616186723798
2018-02-13,VZ,34.39445026044431,34.64700432827743,34.08744885359806
2018-02-13,WMT,31.368910575126577,31.5849179330972,31.11721774897077
2018-02-14,AAPL,39.75185889487062,40.03568957410909,39.511325686826844
2018-02-14,AMGN,130.25887233246945,131.88636980296383,129.2724926771264
2018-02-14,CRM,105.63635530175668,106.4920254257468,104.81853630797731
2018-02-14,CSCO,31.165650247654256,31.390147999997183,30.9481254954095
2018-02-14,IBM,104.48487717727416,105.23762031407885,103.94450777236946
2018-02-14,INTC,41.46604037850528,41.938950952671135,40.990215017478945
2018-02-14,MSFT,85.58502637386376,86.16610095222474,84.96174714507572
2018-02-14,NKE,59.32395135727052,59.73390355382368,58.77768358100013
2018-02-14,VZ,34.520394804420306,34.79374969299384,34.237183305852504
2018-02-14,WMT,31.466422334508522,31.706915721787315,31.24285739381942
2018-02-15,AAPL,39.7440988822701,40.03538588974225,39.506719773558274
2018-02-15,AMGN,130.33750190469422,131.96531326112233,129.34941147141535
2018-02-15,CRM,106.10001128845835,106.98215897568073,105.30901994988727
2018-02-15,CSCO,31.251743515435614,31.47435181649184,31.039293003918576
2018-02-15,IBM,104.69625661778723,105.4302609645272,104.13319249602422
2018-02-15,INTC,41.54557039573199,42.022719168300334,41.09842438396044
2018-02-15,MSFT,86.03579550929993,86.62555518117865,85.43968392347104
2018-02-15,NKE,59.60107417200537,60.011582780283696,59.027315682204744
2018-02-15,VZ,34.63325079142767,34.916120224827914,34.34382251766661
2018-02-15,WMT,31.547856394597247,31.788527001157572,31.324753005789162
2018-02-16,AAPL,39.711990197711344,39.97519529704933,39.446375094051035
2018-02-16,AMGN,130.26779930492228,131.8215260368637,129.18037806196295
2018-02-16,CRM,106.408812126348,107.20719288723733,105.51316113333158
2018-02-16,CSCO,31.298797448114776,31.516999395661045,31.072530559274306
2018-02-16,IBM,104.80293778834171,105.51979575742558,104.20761665297623
2018-02-16,INTC,41.55904477846718,42.031554331496466,41.088046460001365
2018-02-16,MSFT,86.43017433319525,86.9980856863619,85.77632489628188
2018-02-16,NKE,59.82954016796196,60.21648157317649,59.2252643622907
2018-02-16,VZ,34.723083079624196,34.990775115689694,34.41550302624772
2018-02-16,WMT,31.6238718682126,31.848107040098345,31.384558795612897
2018-02-20,AAPL,39.71184836575768,39.98931860851772,39.46149781449803
2018-02-20,AMGN,130.20840502172678,131.89001220661433,129.18444474494277
2018-02-20,CRM,106.92438650903794,107.75714934521979,106.06870160476615
2018-02-20,CSCO,31.36351769599914,31.592128568191338,31.145736133665228
2018-02-20,IBM,104.99779170186476,105.73752648676229,104.43971573503299
2018-02-20,INTC,41.62636003209887,42.11161116097196,41.153568233650844
2018-02-20,MSFT,86.98317281323362,87.54893484477869,86.31835275023231
2018-02-20,NKE,60.09900145809134,60.51781810021075,59.528183086631564
2018-02-20,VZ,34.84300884409262,35.11544682067887,34.54846300185708
2018-02-20,WMT,31.708851665650357,31.955039405581555,31.47990373464828
2018-02-21,AAPL,39.67182332827875,39.922952369754334,39.39036876633408
2018-02-21,AMGN,130.09428707936783,131.57951830379324,128.9911443801348
2018-02-21,CRM,107.18735188350463,107.95015032626938,106.24866314008975
2018-02-21,CSCO,31.418832036388014,31.627009426910675,31.18173282646101
2018-02-21,IBM,105.14184899087064,105.81561090489247,104.53706402913701
2018-02-21,INTC,41.67155338972451,42.11647254906265,41.162251766512576
2018-02-21,MSFT,87.35529081235984,87.89384245293924,86.66708159819737
2018-02-21,NKE,60.29155433408592,60.65952813792744,59.692408417636415
2018-02-21,VZ,34.92132254163736,35.18636568328564,34.61079368834863
2018-02-21,WMT,31.780314787272648,32.00251286858899,31.53535087437687
2018-02-22,AAPL,39.63523571906777,39.90068393259652,39.37248447740058
2018-02-22,AMGN,130.0388899850611,131.53303074504421,128.95988299347775
2018-02-22,CRM,107.4864517308424,108.2900973391267,106.58716319962392
2018-02-22,CSCO,31.47272390439874,31.68792317571833,31.24219384193994
2018-02-22,IBM,105.2658085544157,105.97538748630454,104.67086814273019
2018-02-22,INTC,41.696642132026604,42.16185958865406,41.22622480078263
2018-02-22,MSFT,87.72949726179554,88.29816951560724,87.07593818205063
2018-02-22,NKE,60.532781963742394,60.91587625168831,59.92524123508496
2018-02-22,VZ,35.00573697141539,35.281742571184274,34.69746458352419
2018-02-22,WMT,31.855229996847775,32.07795528473791,31.613039230516915
2018-02-23,AAPL,39.60621710809446,39.87787650727829,39.34353031975396
2018-02-23,AMGN,130.08509472846532,131.62505813813394,129.0304883388957
2018-02-23,CRM,107.88479810669217,108.72120264245581,106.98388232236711
2018-02-23,CSCO,31.54793671743378,31.768156819658145,31.322079525899863
2018-02-23,IBM,105.39319493359866,106.12596873401355,104.82301256500945
2018-02-23,INTC,41.783523477785444,42.24271232815078,41.30043463042262
2018-02-23,MSFT,88.16128131818746,88.74623086327296,87.50438297986162
2018-02-23,NKE,60.76758612266885,61.1786106000119,60.18551133377672
2018-02-23,VZ,35.114048877986846,35.384028121800945,34.81015227677319
2018-02-23,WMT,31.948645011229104,32.18025598956505,31.71021010195322
2018-02-26,AAPL,39.548596427167766,39.801524891640234,39.26139749118427
2018-02-26,AMGN,129.92867748234374,131.4566828214694,128.8050375282063
2018-02-26,CRM,108.13626726201444,108.90418660762975,107.16488457535772
2018-02-26,CSCO,31.582445156971666,31.79356025327463,31.34767373263517
2018-02-26,IBM,105.50813573617607,106.17721582383201,104.88757709542038
2018-02-26,INTC,41.79274569531958,42.24950744001209,41.298415330556104
2018-02-26,MSFT,88.51967354987299,89.06314022313897,87.81941210624915
2018-02-26,NKE,60.95613579192397,61.33438463788872,60.33985695805697
2018-02-26,VZ,35.17772344628326,35.44975611362854,34.858485001083906
2018-02-26,WMT,32.012174570082664,32.23625624168702,31.763712115503342
2018-02-27,AAPL,39.500172599958894,39.74891586201155,39.21794252368717
2018-02-27,AMGN,129.73325756980572,131.24897653979164,128.60353151325208
2018-02-27,CRM,108.38508211982989,109.15325208739537,107.42662890336004
2018-02-27,CSCO,31.60994774215351,31.818655929643278,31.372678686274558
2018-02-27,IBM,105.63848677030076,106.30438999126049,105.00406281924298
2018-02-27,INTC,41.78397643327332,42.24166005290447,41.29096273805731
2018-02-27,MSFT,88.87700076621628,89.42045161699626,88.17129936279933
2018-02-27,NKE,61.15318215732594,61.52745393369302,60.52117236902548
2018-02-27,VZ,35.2398982079305,35.50879234571511,34.92117862417946
2018-02-27,WMT,32.061628316768335,32.284352610934604,31.815607700150885
2018-02-28,AAPL,39.478419175521545,39.733044002356564,39.20093839338848
2018-02-28,AMGN,129.66365365016793,131.17654177133923,128.56814499939324
2018-02-28,CRM,108.73220742676916,109.53079881383326,107.79158128237378
2018-02-28,CSCO,31.664029867392294,31.881600881577473,31.431371362006917
2018-02-28,IBM,105.7941015077533,106.49879489286958,105.19802364951263
2018-02-28,INTC,41.82709214500482,42.282937336696065,41.327336925132315
2018-02-28,MSFT,89.30863029086872,89.87204786740267,88.6076601906475
2018-02-28,NKE,61.366121945302076,61.76244803041384,60.758904950709685
2018-02-28,VZ,35.326783991298896,35.595424952384946,35.0196588952477
2018-02-28,WMT,32.14508566545867,32.37283055078403,31.901149785059307
2018-03-01,AAPL,39.4162699995425,39.669660532984736,39.13993579279316
2018-03-01,AMGN,129.43034807590948,130.99960183240816,128.33144981545306
2018-03-01,CRM,109.0667093176277,109.83780644622738,108.07205819106734
2018-03-01,CSCO,31.68813357788914,31.89832998075743,31.44997696519681
2018-03-01,IBM,105.87400358153636,106.5589161692032,105.26075089908925
2018-03-01,INTC,41.85778205863905,42.31788448964573,41.35719587343272
2018-03-01,MSFT,89.74287086976699,90.28087548173693,89.00809850294088
2018-03-01,NKE,61.59086559380032,61.98352599804841,60.977843002915826
2018-03-01,VZ,35.40349266500365,35.675536583261746,35.085753683779906
2018-03-01,WMT,32.188546968126,32.421018051074356,31.94778875109441
2018-03-02,AAPL,39.3837110371407,39.64779672205368,39.117660310597785
2018-03-02,AMGN,129.37788988677815,130.93836588506215,128.31052326879367
2018-03-02,CRM,109.4472816181519,110.28452364150282,108.51757266521321
2018-03-02,CSCO,31.737389800901372,31.956386909619003,31.510387608495446
2018-03-02,IBM,105.96688403704421,106.70341330733888,105.37232979271525
2018-03-02,INTC,41.9041526861052,42.37087701859655,41.42625217894632
2018-03-02,MSFT,90.16142002901383,90.74753776470071,89.48014523381165
2018-03-02,NKE,61.83817020929633,62.2524477607211,61.217123536407826
2018-03-02,VZ,35.490249916763716,35.76629568089858,35.18281846067743
2018-03-02,WMT,32.257881005781556,32.49044920916401,32.01895666743906
2018-03-05,AAPL,39.421195640220255,39.73015535414825,38.969302938781645
2018-03-05,AMGN,129.62576375399118,130.98965538537368,128.02954013001983
2018-03-05,CRM,110.02089642099237,110.92356208294058,108.44310496185862
2018-03-05,CSCO,31.829521710926258,32.152644193415135,31.432096576975248
2018-03-05,IBM,105.98363181782038,106.81710318384599,105.02073200936711
2018-03-05,INTC,42.082032115039475,42.58555464673269,41.38187590771161
2018-03-05,MSFT,90.33605549670885,91.09087133929397,89.21795641319402
2018-03-05,NKE,61.85141261203057,62.37002291231504,61.0140082284743
2018-03-05,VZ,35.480705057926556,35.799740229677894,35.15093215413445
2018-03-05,WMT,32.18000077540287,32.47303691646776,31.829198001244805
2018-03-06,AAPL,39.47506900729612,39.82343815269471,39.04936216176913
2018-03-06,AMGN,129.9407345018141,131.36059208750666,128.42038400120592
2018-03-06,CRM,110.58629984515679,111.6250469961203,109.13802659816866
2018-03-06,CSCO,31.933238558894875,32.2759976094377,31.54935895571693
2018-03-06,IBM,106.04612329802951,106.92894387439178,105.11460892125919
2018-03-06,INTC,42.253424423845644,42.79747437730974,41.60015536395329
2018-03-06,MSFT,90.50452232573099,91.3483821221002,89.43832596724697
2018-03-06,NKE,61.918464255529656,62.476594643377666,61.13717230593488
2018-03-06,VZ,35.47303442550093,35.81712710274976,35.15444042632141
2018-03-06,WMT,32.0761188454971,32.39994104053447,31.747139413275644
2018-03-07,AAPL,39.5625856870219,39.90920862072671,39.15598255081999
2018-03-07,AMGN,130.3353534168635,131.76471283510188,128.85874746739992
2018-03-07,CRM,111.24230998361973,112.2610358727477,109.87807938991445
2018-03-07,CSCO,32.07513694509203,32.41059676649898,31.695602536674656
2018-03-07,IBM,106.20138048341308,107.07614245609673,105.29353914665181
2018-03-07,INTC,42.47048158048589,42.9988016874126,41.83455374103444
2018-03-07,MSFT,90.7619583038876,91.5923420313577,89.73357932010602
2018-03-07,NKE,62.019835679890605,62.55868180975433,61.253374096606116
2018-03-07,VZ,35.47806759840279,35.82790508505859,35.168201133572005
2018-03-07,WMT,32.003928489451305,32.323238946483414,31.681873503321356
2018-03-08,AAPL,39.612424714522895,39.954907849505084,39.19619820264661
2018-03-08,AMGN,130.57569880491613,131.99290142529935,129.07840869549912
2018-03-08,CRM,111.8119066177258,112.83329729778333,110.38413295878883
2018-03-08,CSCO,32.18215092695197,32.51973984560631,31.798219791508387
2018-03-08,IBM,106.26347639556185,107.13103296862536,105.35593549932214
2018-03-08,INTC,42.64965176131292,43.18028787269262,42.00375461447919
2018-03-08,MSFT,90.95870661850073,91.79397476529756,89.89887011062761
2018-03-08,NKE,62.054901879805676,62.59993075148403,61.28078444826511
2018-03-08,VZ,35.47506905250852,35.81478989154868,35.15826045770027
2018-03-08,WMT,31.92264468086584,32.23485480735793,31.592733529758906
2018-03-09,AAPL,39.6919550414824,40.009359704992406,39.23637940079744
2018-03-09,AMGN,130.91051463011738,132.28905543755585,129.3207408120049
2018-03-09,CRM,112.49961481978157,113.46955327080016,110.89743773590652
2018-03-09,CSCO,32.29620936819813,32.63068875200216,31.894508904539887
2018-03-09,IBM,106.32778817851542,107.17063415255589,105.36814975635765
2018-03-09,INTC,42.89421201947031,43.40586837028337,42.17814305878529
2018-03-09,MSFT,91.17611209676964,91.96101130002475,90.03881976061811
2018-03-09,NKE,62.10839451003874,62.646792762775185,61.290007207794844
2018-03-09,VZ,35.48293095655578,35.801090245436136,35.15946616657672
2018-03-09,WMT,31.83470035418776,32.13931882083117,31.492193916927167
2018-03-12,AAPL,39.778637472446526,40.12956715966941,39.364368536547
2018-03-12,AMGN,131.29559338998035,132.748533683089,129.80713920791484
2018-03-12,CRM,113.18418661695735,114.22440207539515,111.77744015250217
2018-03-12,CSCO,32.43103456595706,32.777526809665225,32.0464712153574
2018-03-12,IBM,106.45716296619942,107.34900371511853,105.56133427948824
2018-03-12,INTC,43.12144266711599,43.669662413566044,42.473958929809015
2018-03-12,MSFT,91.4655756426613,92.3027746257293,90.40523047919389
2018-03-12,NKE,62.22647150458263,62.77893034371625,61.45949574715452
2018-03-12,VZ,35.49017174815475,35.83668856850494,35.17732092256081
2018-03-12,WMT,31.758702636250536,32.08842095215041,31.432550420122794
2018-03-13,AAPL,39.83925529578196,40.17851106848654,39.41532606804044
2018-03-13,AMGN,131.64982672461522,133.07188750536142,130.11668772749206
2018-03-13,CRM,113.77989571976165,114.78971460223008,112.32216392595458
2018-03-13,CSCO,32.55178456899283,32.88930160204738,32.161253631178504
2018-03-13,IBM,106.553980198543,107.42081731765752,105.6352012679675
2018-03-13,INTC,43.31114786638298,43.85027202661946,42.65215078424504
2018-03-13,MSFT,91.69919036089497,92.51507618370866,90.62761410065822
2018-03-13,NKE,62.29759845017447,62.840169763224246,61.5085232658924
2018-03-13,VZ,35.48711500590131,35.83063973958413,35.16602708815984
2018-03-13,WMT,31.684876865502964,31.995766320417825,31.360065105868348
2018-03-14,AAPL,39.91641295888905,40.242071563260815,39.473251001172954
2018-03-14,AMGN,132.01552738320677,133.429515330407,130.44392049026777
2018-03-14,CRM,114.45277988873674,115.43794111696583,112.88935121637311
2018-03-14,CSCO,32.67626745220653,33.01754472171186,32.276779133767505
2018-03-14,IBM,106.64109840779777,107.4962079396508,105.69693454249723
2018-03-14,INTC,43.56181110153418,44.08632216564045,42.85318234457228
2018-03-14,MSFT,91.95786490785032,92.75423344033436,90.83594142942414
2018-03-14,NKE,62.375198853528104,62.91516049984165,61.562360325115066
2018-03-14,VZ,35.49332033203307,35.82324724749954,35.168618923380926
2018-03-14,WMT,31.614115647537748,31.91989584452141,31.277385394777724
2018-03-15,AAPL,39.974157281785644,40.330929071998725,39.57942903065047
2018-03-15,AMGN,132.36356940102277,133.8489656236321,130.91740092684867
2018-03-15,CRM,114.97547340921057,116.04833808236415,113.65333426895626
2018-03-15,CSCO,32.80183132858357,33.15398410323546,32.428533733424665
2018-03-15,IBM,106.7363840900151,107.6452277288635,105.855430549643
2018-03-15,INTC,43.76335731970563,44.317531530355026,43.14590542503154
2018-03-15,MSFT,92.16094719400238,93.03706267094971,91.16911246534139
2018-03-15,NKE,62.486454859026345,63.05763036841501,61.73826580487191
2018-03-15,VZ,35.482681600779834,35.848188085350685,35.17009565304082
2018-03-15,WMT,31.53747150565649,31.86338170358211,31.232745055409936
2018-03-16,AAPL,40.091752601215,40.45883006046948,39.69532380096442
2018-03-16,AMGN,132.88928918868635,134.43088092174946,131.46414863068966
2018-03-16,CRM,115.78810514576453,116.91084665309454,114.40617021241576
2018-03-16,CSCO,32.968627182059784,33.32331127359478,32.58778923360765
2018-03-16,IBM,106.93799011847788,107.85911921414083,106.06473527707038
2018-03-16,INTC,44.03813292045119,44.59142865220885,43.38545110331477
2018-03-16,MSFT,92.49609455568867,93.37566522029451,91.48060344550021
2018-03-16,NKE,62.62678381048423,63.204800149366996,61.87573824185142
2018-03-16,VZ,35.50546240174026,35.87163318292243,35.21114472912649
2018-03-16,WMT,31.495515268277575,31.817248559253528,31.18693523841994
2018-03-19,AAPL,40.173385252288206,40.54875048743744,39.77819218093743
2018-03-19,AMGN,133.37935379615345,134.97908308991418,131.9543435237291
2018-03-19,CRM,116.51958197630293,117.67141405342983,115.12724472210857
2018-03-19,CSCO,33.10138218347203,33.476877958089304,32.73366016511157
2018-03-19,IBM,107.06795045305981,108.02588484153561,106.20313836869961
2018-03-19,INTC,44.25938612017092,44.85270194252318,43.613748432561316
2018-03-19,MSFT,92.7933704020801,93.69741343437282,91.78888415030828
2018-03-19,NKE,62.76175942182511,63.36489820833357,61.989959141492434
2018-03-19,VZ,35.51585034214212,35.8858133593948,35.220575509293845
2018-03-19,WMT,31.45058264537935,31.779410580263658,31.140045017703873
2018-03-20,AAPL,40.24072490096566,40.590008167355656,39.812863757898484
2018-03-20,AMGN,133.7096665320471,135.1967789051858,132.17803510827417
2018-03-20,CRM,117.16299307260523,118.23748048787715,115.66162917329514
2018-03-20,CSCO,33.217122978089584,33.578776221719174,32.825909138094644
2018-03-20,IBM,107.14310142783263,108.04296633738507,106.2205382681648
2018-03-20,INTC,44.471211003430646,45.039671535252374,43.791523535662165
2018-03-20,MSFT,93.01447613518312,93.87535384587913,91.9358732764782
2018-03-20,NKE,62.84104592468315,63.40554096186357,62.045126588838436
2018-03-20,VZ,35.51575097030635,35.858274429909706,35.19962254470542
2018-03-20,WMT,31.37312127757963,31.687432274652267,31.048072031239645
2018-03-21,AAPL,40.3454518046515,40.69558654076286,39.92878321933583
2018-03-21,AMGN,134.25725886152202,135.7533409633506,132.72862943990418
2018-03-21,CRM,117.98494082736498,119.07722404735988,116.47165086911384
2018-03-21,CSCO,33.37581062850574,33.7236329115223,32.979196181282376
2018-03-21,IBM,107.35878249535163,108.24385675765191,106.43266777722626
2018-03-21,INTC,44.754593507744886,45.30420001122069,44.04571856078784
2018-03-21,MSFT,93.32717743827511,94.16831209184716,92.25999448080313
2018-03-21,NKE,62.96859842924144,63.52310458793322,62.161217629338914
2018-03-21,VZ,35.545328266818295,35.89491049795118,35.24113536358128
2018-03-21,WMT,31.3280786055574,31.63468582998378,31.01107899149285
2018-03-22,AAPL,40.397480504271236,40.735878154396396,39.96364389820708
2018-03-22,AMGN,134.55451703857867,136.03379072110323,133.00226046559837
2018-03-22,CRM,118.54605492353788,119.58832326831673,117.0204157557557
2018-03-22,CSCO,33.49571408616946,33.84336749058032,33.09708701496136
2018-03-22,IBM,107.40917219706883,108.28920309630894,106.47478926768574
2018-03-22,INTC,44.94554109365345,45.49037717683775,44.26353121905073
2018-03-22,MSFT,93.50320546989451,94.34675667947721,92.43459642995352
2018-03-22,NKE,63.01844020939188,63.57006721582579,62.222509497045216
2018-03-22,VZ,35.531334919574746,35.87599602454563,35.209471388415096
2018-03-22,WMT,31.26415960311693,31.553819607079426,30.947100298170785
2018-03-23,AAPL,40.46450302078684,40.807922772815,40.035881926402055
2018-03-23,AMGN,134.8725829242163,136.36400226421844,133.33601144281485
2018-03-23,CRM,119.18782441139268,120.25831223526343,117.67224454589946
2018-03-23,CSCO,33.616118722420495,33.97099678436014,33.22087222364033
2018-03-23,IBM,107.49714980620168,108.382586047837,106.58913460831018
2018-03-23,INTC,45.15857566202633,45.72108485904468,44.47248144845043
2018-03-23,MSFT,93.75022065559827,94.59674784503775,92.665300629673
2018-03-23,NKE,63.096133397920376,63.66093163559642,62.317019351588016
2018-03-23,VZ,35.53758040608924,35.874273662909616,35.219747877712486
2018-03-23,WMT,31.195692124819388,31.50259714120605,30.87862501225573
2018-03-26,AAPL,40.534463450960445,40.897369544567226,40.13677689939254
2018-03-26,AMGN,135.2438883708336,136.77790610425805,133.7805235315298
2018-03-26,CRM,119.83306327980898,120.97141353577605,118.43223611938147
2018-03-26,CSCO,33.7486426394705,34.11047737243063,33.363904213449466
2018-03-26,IBM,107.63128974978599,108.54685503305808,106.74037150705496
2018-03-26,INTC,45.383267823401255,45.95684477001604,44.72548252165893
2018-03-26,MSFT,93.97246964979901,94.87084111191581,92.96346405197164
2018-03-26,NKE,63.20011831975716,63.775394594444094,62.43297837069849
2018-03-26,VZ,35.5401207455168,35.90312012131093,35.236724597990175
2018-03-26,WMT,31.128620725832587,31.446259824024285,30.823172301521094
2018-03-27,AAPL,40.57357132771382,40.90468994786408,40.136502423376754
2018-03-27,AMGN,135.50963218904567,136.9876509972614,133.92772945845203
2018-03-27,CRM,120.39523262037086,121.43694464047643,118.8318349409823
2018-03-27,CSCO,33.85448799718324,34.20591055630153,33.45721282653044
2018-03-27,IBM,107.67015234109041,108.55049948216906,106.73702773903592
2018-03-27,INTC,45.56590112616141,46.12131965365881,44.866038534506245
2018-03-27,MSFT,94.12006666976595,94.95658700009432,93.05609126345732
2018-03-27,NKE,63.24328652450474,63.792704805347476,62.43881973417752
2018-03-27,VZ,35.53361680558009,35.86669459300958,35.21019920141379
2018-03-27,WMT,31.0640243178615,31.349134350079307,30.749902123136728
2018-03-28,AAPL,40.631824060887205,40.951890751326545,40.16312003284914
2018-03-28,AMGN,135.8217304628969,137.27225648966976,134.15474196268897
2018-03-28,CRM,121.01404084602994,122.01408524713389,119.31928184704724
2018-03-28,CSCO,33.96739635864661,34.31918430223808,33.55246921996333
2018-03-28,IBM,107.69997612864286,108.56141183077914,106.72525687367236
2018-03-28,INTC,45.75650614685117,46.311669736132096,45.01529209924122
2018-03-28,MSFT,94.31663253224903,95.11319646429001,93.17242408621416
2018-03-28,NKE,63.29109669494466,63.833580801381174,62.4599985555615
2018-03-28,VZ,35.5237797830912,35.84449401447391,35.19053854981482
2018-03-28,WMT,30.996303100775677,31.277923417349978,30.668903028365143
2018-03-29,AAPL,40.71939096302645,41.0582393371542,40.277538265404814
2018-03-29,AMGN,136.22311418091766,137.6988087933877,134.62346312744532
2018-03-29,CRM,121.71065297930755,122.78249650069637,120.1321573356743
2018-03-29,CSCO,34.11200125793554,34.464366507496734,33.70392294409198
2018-03-29,IBM,107.82959669731382,108.70294456943935,106.88331097214376
2018-03-29,INTC,45.98418267520773,46.543922863521836,45.270730709998986
2018-03-29,MSFT,94.55763461588256,95.3930811038666,93.46362369531077
2018-03-29,NKE,63.38074639683164,63.926894161090374,62.58499743083128
2018-03-29,VZ,35.53137211592749,35.86568819234178,35.210704123867984
2018-03-29,WMT,30.934500158692853,31.224976426645075,30.622201070136338
2018-04-02,AAPL,40.75012650204607,41.086174416867,40.32412782063102
2018-04-02,AMGN,136.48724907056635,137.9463707482251,134.90670410916667
2018-04-02,CRM,122.31564890957135,123.38733489164979,120.7226548014052
2018-04-02,CSCO,34.21919896215461,34.56153113813688,33.81069121871278
2018-04-02,IBM,107.89470704692762,108.75380271106862,106.96159682009767
2018-04-02,INTC,46.18277947978649,46.730527788345015,45.453713164294335
2018-04-02,MSFT,94.70571279027696,95.54222100078655,93.62737011598561
2018-04-02,NKE,63.408011493400835,63.95140727899268,62.59932239641906
2018-04-02,VZ,35.5256351536578,35.86440089116737,35.21155875366155
2018-04-02,WMT,30.855056658687637,31.144438269296355,30.541330329065968
2018-04-03,AAPL,40.8091404814429,41.17435346135168,40.39341698308564
2018-04-03,AMGN,136.8317854334631,138.37396922500486,135.30987092564882
2018-04-03,CRM,122.95316209977555,124.13134463143058,121.44379144842495
2018-04-03,CSCO,34.33353208471644,34.70558952594771,33.939696530713384
2018-04-03,IBM,107.97592974096474,108.89963132801945,107.07146155245405
2018-04-03,INTC,46.37944345462225,46.97642664166213,45.6885444538036
2018-04-03,MSFT,94.8875159567178,95.7961054767998,93.84139373725507
2018-04-03,NKE,63.489544551468406,64.0742734166213,62.7105549266433
2018-04-03,VZ,35.524644353247126,35.87777294636065,35.21788720489271
2018-04-03,WMT,30.77277123794119,31.085229642489878,30.46934929762408
2018-04-04,AAPL,40.82502723723304,41.27716679710096,40.384550320878866
2018-04-04,AMGN,136.8372737022419,138.62478956584818,135.14069158548165
2018-04-04,CRM,123.1685759242129,124.58949587296112,121.58527883781774
2018-04-04,CSCO,34.36068204465859,34.779038692480945,33.9501180401217
2018-04-04,IBM,107.97984483419123,109.06561371401742,106.98186785495258
2018-04-04,INTC,46.49841268808937,47.19862195377291,45.66363573863959
2018-04-04,MSFT,95.034916464715,96.18625459235498,93.83236848726928
2018-04-04,NKE,63.81805862889489,64.44485474450886,62.980614545226494
2018-04-04,VZ,35.500798772597356,35.863204151223876,35.190784746850866
2018-04-04,WMT,30.79635132721384,31.11345071502897,30.458483802690328
2018-04-05,AAPL,40.85335598253263,41.30918898187068,40.42463828937313
2018-04-05,AMGN,136.82668562094685,138.63620839839967,135.18671858876561
2018-04-05,CRM,123.39006028886318,124.83470647325849,121.8190064530581
2018-04-05,CSCO,34.39231147758061,34.81519337855703,33.984423586710435
2018-04-05,IBM,108.06174789075536,109.13984237079025,107.05483613975203
2018-04-05,INTC,46.617614033749106,47.31843530302353,45.79081697422784
2018-04-05,MSFT,95.18702695281449,96.35194476219871,94.00963001657075
2018-04-05,NKE,64.07608778865769,64.7245650346728,63.27965989937206
2018-04-05,VZ,35.48544234556073,35.85759385420844,35.187713824702314
2018-04-05,WMT,30.824621610331803,31.145811800455302,30.49222348992087
2018-04-06,AAPL,40.891823510589596,41.34197629118414,40.442143851770574
2018-04-06,AMGN,136.98572325676437,138.73110811038822,135.29169789717756
2018-04-06,CRM,123.6203017176405,125.12150390357331,122.0945082850149
2018-04-06,CSCO,34.4468861218803,34.85718276169668,34.041398913941954
2018-04-06,IBM,108.01508695249976,109.12707319966331,107.08124017780173
2018-04-06,INTC,46.75043118359471,47.42832980477958,45.907115088318896
2018-04-06,MSFT,95.34494760992723,96.53199065706382,94.16171117161699
2018-04-06,NKE,64.50267384534713,65.12132124707327,63.575716850370725
2018-04-06,VZ,35.4923029922982,35.83272531688545,35.171651916327434
2018-04-06,WMT,30.899059197583288,31.193876351296883,30.564859868334537
2018-04-09,AAPL,40.86127092745923,41.28325171954534,40.40388029847093
2018-04-09,AMGN,136.78955874242357,138.46181813620439,135.02595582028547
2018-04-09,CRM,123.56193020811905,124.9110731784472,121.89588436797287
2018-04-09,CSCO,34.43537064392111,34.83575582451566,34.01250977555588
2018-04-09,IBM,107.90158092013424,108.94263691557317,106.88299579050508
2018-04-09,INTC,46.7947590494891,47.44798068839434,45.93602605269942
2018-04-09,MSFT,95.3410847571173,96.46643128425403,94.10885564034675
2018-04-09,NKE,64.75702127686264,65.36655841138055,63.8695516875443
2018-04-09,VZ,35.45865221614547,35.79926871901188,35.125545695731944
2018-04-09,WMT,30.934251659757734,31.219268894627895,30.58311664180955
2018-04-10,AAPL,40.836397276590795,41.26133408954961,40.38595099525795
2018-04-10,AMGN,136.52879834968275,138.214866276961,134.78641430252725
2018-04-10,CRM,123.59269670177197,124.88009477112739,121.88414033233151
2018-04-10,CSCO,34.41959187885582,34.826404762759566,33.986834621718124
2018-04-10,IBM,107.85288852778802,108.87142091622032,106.78385858962875
2018-04-10,INTC,46.85557889967221,47.532824102837274,46.00358465017555
2018-04-10,MSFT,95.38358592499384,96.48014697567831,94.12671810165139
2018-04-10,NKE,64.87193414631633,65.49970615900718,64.0592940196485
2018-04-10,VZ,35.39239384277151,35.75556941558137,35.08032731023294
2018-04-10,WMT,30.90408227879729,31.22008400291632,30.555494457634815
2018-04-11,AAPL,40.87251722446444,41.33021182353378,40.442288545527276
2018-04-11,AMGN,136.5939669833981,138.38774832381577,134.94473383139646
2018-04-11,CRM,123.84692273345132,125.31807219476782,122.30333299086028
2018-04-11,CSCO,34.465574370297105,34.88834619462788,34.05975961509121
2018-04-11,IBM,107.89271427889935,108.99287968259507,106.9331778265338
2018-04-11,INTC,46.985608403101764,47.69633056757157,46.15963268006792
2018-04-11,MSFT,95.55115338825779,96.7375508898285,94.37021984689405
2018-04-11,NKE,65.16485435811022,65.81989860396803,64.33011255097912
2018-04-11,VZ,35.38285177912534,35.74517752926892,35.08127694403839
2018-04-11,WMT,30.94055900468555,31.260579295890818,30.608256393948658
2018-04-12,AAPL,40.87701531345632,41.34396680684257,40.45656382014849
2018-04-12,AMGN,136.53205671250493,138.3331318095739,134.89707628321875
2018-04-12,CRM,123.98623458164316,125.46797202380587,122.45286041719707
2018-04-12,CSCO,34.48482128494224,34.91895348069321,34.08919735426971
2018-04-12,IBM,107.88550866238141,108.98545313409655,106.923688543468
2018-04-12,INTC,47.06478239695695,47.77749508606814,46.2438558908605
2018-04-12,MSFT,95.62731945178395,96.83362276217034,94.48215224758015
2018-04-12,NKE,65.39336892961913,66.06157970152545,64.58822927422673
2018-04-12,VZ,35.35915169143342,35.72985099976004,35.06442749371671
2018-04-12,WMT,30.96083887778183,31.280726242851003,30.631682767921916
2018-04-13,AAPL,40.858424958965834,41.3276304067231,40.445310291866306
2018-04-13,AMGN,136.30566270941225,138.09136478694714,134.67023800267856
2018-04-13,CRM,124.05269040903114,125.48323851520459,122.44759077173944
2018-04-13,CSCO,34.48533376905876,34.92388993933335,34.078080175982855
2018-04-13,IBM,107.87836125979841,108.9603507816321,106.8834993051927
2018-04-13,INTC,47.111910529138775,47.8279558535006,46.29958822993226
2018-04-13,MSFT,95.6553170463561,96.86526157155333,94.48241749242257
2018-04-13,NKE,65.47022744030195,66.1548192591466,64.71906471596076
2018-04-13,VZ,35.31072734103751,35.69376638428252,35.022423944053514
2018-04-13,WMT,30.943598733780032,31.273834084637038,30.613790570970625
2018-04-16,AAPL,40.91462824421005,41.36255640355707,40.48250424747486
2018-04-16,AMGN,136.39815653698201,138.18978896715439,134.7756047173112
2018-04-16,CRM,124.33772218209974,125.80913493862384,122.77534800366978
2018-04-16,CSCO,34.539466975630404,34.954367094632325,34.130459276554326
2018-04-16,IBM,107.99809885313283,109.07659471519449,106.99687642622672
2018-04-16,INTC,47.269231817950974,47.95126514872815,46.42231404288813
2018-04-16,MSFT,95.87287209908605,97.03746149316639,94.68675123350569
2018-04-16,NKE,65.8014229849886,66.45755664850917,64.94400272197025
2018-04-16,VZ,35.32208796745244,35.68461101034621,35.01843179948791
2018-04-16,WMT,31.011924803227043,31.320281018940783,30.679593434125223
2018-04-17,AAPL,40.95173237674762,41.40250315094704,40.50726130757481
2018-04-17,AMGN,136.50722179564116,138.2727905591104,134.8332023189252
2018-04-17,CRM,124.59700093292035,126.06610326946226,123.02170085235218
2018-04-17,CSCO,34.58550736420021,34.998991542749415,34.17483440202099
2018-04-17,IBM,108.0364606679131,109.12125716047282,107.05186064064299
2018-04-17,INTC,47.42022696657619,48.12084156957861,46.563752724614346
2018-04-17,MSFT,96.06355421570308,97.22999880270001,94.86212033992157
2018-04-17,NKE,66.16600986981686,66.81249036055053,65.28277441673612
2018-04-17,VZ,35.32144675240646,35.67246070156138,35.011348723567714
2018-04-17,WMT,31.061470600625796,31.370438665068363,30.724627192422464
2018-04-18,AAPL,40.92638097315332,41.352471655042095,40.46497619602875
2018-04-18,AMGN,136.30154902433335,138.00644948356137,134.54559924829098
2018-04-18,CRM,124.58442712718539,125.91429783503169,122.88388260424746
2018-04-18,CSCO,34.57577676580664,34.98107952812536,34.146044306545456
2018-04-18,IBM,107.99043268903043,109.01238133281193,106.92645225180115
2018-04-18,INTC,47.4796818893005,48.157445364214745,46.60434465989651
2018-04-18,MSFT,96.09035783774006,97.19728075150148,94.83958830711707
2018-04-18,NKE,66.36364944159092,66.99230482315842,65.49148383547245
2018-04-18,VZ,35.269857824406024,35.62051629125136,34.94834653703217
2018-04-18,WMT,31.060397195940418,31.362682435173728,30.708445996845946
2018-04-19,AAPL,40.962173667882986,41.42356779987876,40.53463761657441
2018-04-19,AMGN,136.29193778415674,138.10203671630725,134.66575378331123
2018-04-19,CRM,124.86994117218296,126.3295452346109,123.29306356450115
2018-04-19,CSCO,34.61335071346551,35.042587023073224,34.20230513515892
2018-04-19,IBM,108.09101843520239,109.16966399658563,107.07464729404403
2018-04-19,INTC,47.61864888604773,48.34352467307742,46.7764623810475
2018-04-19,MSFT,96.27323988443113,97.44434781190644,95.07655891507035
2018-04-19,NKE,66.59236425909586,67.2674939816433,65.77518339955418
2018-04-19,VZ,35.2456302493567,35.62221731268051,34.95752758441172
2018-04-19,WMT,31.060593599165134,31.394270305240454,30.728817310056844
2018-04-20,AAPL,40.99585349070125,41.45788340531913,40.575978389308546
2018-04-20,AMGN,136.34811996757585,138.14331129035804,134.73123347840087
2018-04-20,CRM,125.07458471919254,126.55946763851627,123.54764141345622
2018-04-20,CSCO,34.65978039571718,35.08948511820276,34.26216504051112
2018-04-20,IBM,108.14884738004879,109.2462468639504,107.20502137641074
2018-04-20,INTC,47.74223953210735,48.46644436993162,46.916340807103275
2018-04-20,MSFT,96.41919479897687,97.62428244010553,95.27087632119132
2018-04-20,NKE,66.84126296589166,67.5261067593802,66.0355872131263
2018-04-20,VZ,35.237411527083964,35.602785410911316,34.94587827490463
2018-04-20,WMT,31.101156373087782,31.418387977955,30.774161203040173
2018-04-23,AAPL,41.04552665245149,41.49747042717008,40.60311897968488
2018-04-23,AMGN,136.4595063603893,138.2702482657694,134.80344653430538
2018-04-23,CRM,125.32450038848225,126.81871472925685,123.76777959385495
2018-04-23,CSCO,34.70835298141783,35.12935177430236,34.30167462649602
2018-04-23,IBM,108.23225334288819,109.31853976541267,107.23276821093906
2018-04-23,INTC,47.89641737750617,48.594056433982274,47.040227967695536
2018-04-23,MSFT,96.62243121599461,97.80263192404423,95.43834047295792
2018-04-23,NKE,67.22277112849311,67.89169522737429,66.3399935444688
2018-04-23,VZ,35.24240681309719,35.601516864255885,34.93860664821605
2018-04-23,WMT,31.16457837616463,31.474989407969527,30.830074655252286
2018-04-24,AAPL,41.02375659378337,41.449794882506424,40.56367752831205
2018-04-24,AMGN,136.275660017253,137.95959703938115,134.52771619987385
2018-04-24,CRM,125.34741655938042,126.68150514520165,123.63448000654004
2018-04-24,CSCO,34.70391796974853,35.105611987316735,34.27029073021238
2018-04-24,IBM,108.20907228328728,109.23113309149569,107.14734210520673
2018-04-24,INTC,47.95944251962181,48.64416836261893,47.07279650318388
2018-04-24,MSFT,96.66343311297196,97.7729254864099,95.405975207719
2018-04-24,NKE,67.38866636179364,68.02242232580197,66.5069448410584
2018-04-24,VZ,35.19430951384,35.5427507343511,34.875503314583725
2018-04-24,WMT,31.167004049897386,31.46824608800209,30.815136272986823
2018-04-25,AAPL,41.048136804061485,41.50885327518258,40.623606211312946
2018-04-25,AMGN,136.27244864830027,138.1065421284478,134.64378650847814
2018-04-25,CRM,125.57241812145483,127.0284064744214,123.99701416175625
2018-04-25,CSCO,34.73895182167103,35.166466745508444,34.32962174729178
2018-04-25,IBM,108.29159696519142,109.38191041811282,107.28983235938725
2018-04-25,INTC,48.07113747102432,48.798885302223276,47.22101135808535
2018-04-25,MSFT,96.81262043679773,97.99746933231098,95.63450674988934
2018-04-25,NKE,67.64039889987394,68.32416545587402,66.80766232370476
2018-04-25,VZ,35.17176367942334,35.543384236214415,34.876277123397934
2018-04-25,WMT,31.201106988864257,31.52549787029171,30.864722486392846
2018-04-26,AAPL,41.06412296751229,41.53614814692794,40.643078129876216
2018-04-26,AMGN,136.26908436018658,138.09697053601732,134.6449204482156
2018-04-26,CRM,125.7675746011795,127.29477965002322,124.25170465928416
2018-04-26,CSCO,34.76490469254457,35.208275347396,34.36757843382375
2018-04-26,IBM,108.25733931787627,109.387633389999,107.31690877027752
2018-04-26,INTC,48.17395333868897,48.92785659635248,47.34328052688018
2018-04-26,MSFT,96.91612552105991,98.14906535880588,95.74997127851927
2018-04-26,NKE,67.9217057035788,68.62441327793341,67.07014695036128
2018-04-26,VZ,35.142230567807744,35.51239506662943,34.85124783147687
2018-04-26,WMT,31.21129167553791,31.54511003532101,30.878628460110697
2018-04-27,AAPL,41.07508226276795,41.542788724432135,40.64339518288818
2018-04-27,AMGN,136.19637032760724,138.0117507346571,134.55049219964806
2018-04-27,CRM,125.98029526983441,127.4868703915084,124.3898842865768
2018-04-27,CSCO,34.77664783434997,35.21803260312862,34.36887448438849
2018-04-27,IBM,108.23046105867084,109.34493285642398,107.23948127277282
2018-04-27,INTC,48.28540102847305,49.02753596942108,47.438689257605915
2018-04-27,MSFT,97.0362007702786,98.25061405931922,95.81717145858444
2018-04-27,NKE,68.18416623887116,68.88510558787367,67.30638280976997
2018-04-27,VZ,35.10861604502124,35.480117484245746,34.81365791883839
2018-04-27,WMT,31.204035110519378,31.542980651386507,30.866659071440086
2018-04-30,AAPL,41.04562506127189,41.4913615590917,40.5948746043631
2018-04-30,AMGN,136.04015918651984,137.8027803778203,134.31768588969229
2018-04-30,CRM,126.01243489495172,127.40801136598672,124.34079663441628
2018-04-30,CSCO,34.76727498961859,35.18584842864961,34.34172102727521
2018-04-30,IBM,108.18044581332386,109.24378701903039,107.14326128567352
2018-04-30,INTC,48.34237280563786,49.06665838440996,47.466069849277126
2018-04-30,MSFT,97.0627267313306,98.22413993514961,95.82721804582133
2018-04-30,NKE,68.36167053111483,69.03144270712815,67.4814750298163
2018-04-30,VZ,35.05252973868087,35.408819588125255,34.74072031370829
2018-04-30,WMT,31.20069569889476,31.518173709050473,30.850944310028865
2018-05-01,AAPL,41.06198656353727,41.54229541588441,40.648286674905115
2018-05-01,AMGN,136.07809661277236,137.95734797276276,134.4707948393896
2018-05-01,CRM,126.19116032990938,127.74579513204397,124.66153337028172
2018-05-01,CSCO,34.80467853447774,35.24449604113412,34.40204999184644
2018-05-01,IBM,108.21426606683009,109.35998943055931,107.27120884941259
2018-05-01,INTC,48.43581643461814,49.18844791881133,47.598468817988184
2018-05-01,MSFT,97.17401460182887,98.4442845677057,96.02029397861112
2018-05-01,NKE,68.64935126023137,69.36456152277623,67.79410364042461
2018-05-01,VZ,35.04493003638926,35.41429905027939,34.74585584210097
2018-05-01,WMT,31.268363281559274,31.589154688003312,30.933879821408027
2018-05-02,AAPL,41.077791489968476,41.56240735731856,40.66789316545998
2018-05-02,AMGN,136.02235700569105,137.87315378333082,134.44109610943198
2018-05-02,CRM,126.39707957585611,127.9439279849333,124.84648079011842
2018-05-02,CSCO,34.83215890735357,35.28189915416072,34.43190135420658
2018-05-02,IBM,108.26235096382153,109.38126412497246,107.2914715341657
2018-05-02,INTC,48.53600242634686,49.29079702147401,47.702377462371295
2018-05-02,MSFT,97.28327204055027,98.54040094250088,96.12028481063317
2018-05-02,NKE,68.82799397192044,69.55873226824254,68.01573981839505
2018-05-02,VZ,35.02053624957424,35.40224656473666,34.739811035543276
2018-05-02,WMT,31.275562721918604,31.614172911448097,30.947975959947374
2018-05-03,AAPL,41.33222457243713,41.81280309273161,40.87022086782133
2018-05-03,AMGN,135.74063055416812,137.65520230264173,134.2716421977534
2018-05-03,CRM,126.53019179726464,128.08519725063823,124.9596622252134
2018-05-03,CSCO,34.78859014037492,35.32609865706289,34.42113719385696
2018-05-03,IBM,107.80106990550314,109.04799215606927,106.95420202068247
2018-05-03,INTC,48.486293295188105,49.3462823899188,47.846933182760566
2018-05-03,MSFT,97.04899350184756,98.4907620649753,95.94871650306598
2018-05-03,NKE,68.85122522312113,69.55105085207985,68.13405581605889
2018-05-03,VZ,34.87065977172087,35.34813654078683,34.56727431388972
2018-05-03,WMT,31.185983974630307,31.529722749774304,30.913993556540337
2018-05-04,AAPL,41.50588950774142,42.006883974896134,41.059766345694506
2018-05-04,AMGN,135.35992998036832,137.3424197297261,133.91257994372276
2018-05-04,CRM,126.59900475249172,128.20917506872303,125.0667855876751
2018-05-04,CSCO,34.74082446561379,35.27517839498467,34.37531267653451
2018-05-04,IBM,107.3413549816449,108.58754325600314,106.5039114747568
2018-05-04,INTC,48.41183007680707,49.29627995654255,47.78250111113634
2018-05-04,MSFT,96.79403892543064,98.26186600429752,95.69908516774052
2018-05-04,NKE,68.85654233691372,69.5843124226905,68.15633869227746
2018-05-04,VZ,34.731031501554995,35.19959517778393,34.43336010351453
2018-05-04,WMT,31.104644140037426,31.453004692599976,30.82743993377806
2018-05-07,AAPL,41.870839585058484,42.34450234937472,41.3889218151433
2018-05-07,AMGN,135.29307952740368,137.11840474475068,133.82462709633018
2018-05-07,CRM,126.9090905411183,128.40513576483465,125.37035448373935
2018-05-07,CSCO,34.689600779659784,35.23590988201767,34.34304503603655
2018-05-07,IBM,106.90442338972471,108.1251873467825,106.0662849548426
2018-05-07,INTC,48.34026033361129,49.19071792952163,47.73641509071201
2018-05-07,MSFT,96.66513052229433,98.08690868951552,95.56695401850503
2018-05-07,NKE,69.01127884144564,69.64129544203638,68.2738406559199
2018-05-07,VZ,34.5582779862178,35.04448245766672,34.26191227563656
2018-05-07,WMT,30.99726727866385,31.344288275107452,30.73865119490787
2018-05-08,AAPL,42.074052268769016,42.53600939257531,41.5746898698562
2018-05-08,AMGN,134.88206352058864,136.63355983484487,133.31826973543656
2018-05-08,CRM,126.93857781868279,128.34843823737083,125.24130880068793
2018-05-08,CSCO,34.61834621585766,35.124928936439794,34.23642374058926
2018-05-08,IBM,106.3873800731059,107.53176690824029,105.48598099657653
2018-05-08,INTC,48.24400070000418,49.06088590405805,47.57825552821165
2018-05-08,MSFT,96.38386255652281,97.73768289506795,95.19617388799011
2018-05-08,NKE,69.0694164098832,69.68036277348038,68.28182964739617
2018-05-08,VZ,34.388682539611196,34.837789239499635,34.06766562517299
2018-05-08,WMT,30.880908075009046,31.20247024805182,30.58964404568174
2018-05-09,AAPL,42.167860119017455,42.630616158846955,41.68186325733573
2018-05-09,AMGN,134.33003151359932,136.13625547361968,132.7708945761333
2018-05-09,CRM,126.81288551799389,128.25545953832705,125.09267175301467
2018-05-09,CSCO,34.56987704359496,35.0500642365236,34.16444639336531
2018-05-09,IBM,105.90491824048054,107.01851285553153,104.99277275014327
2018-05-09,INTC,48.15817711734074,48.96376157123416,47.46238714250779
2018-05-09,MSFT,96.06688604861453,97.38378521302452,94.86506680598362
2018-05-09,NKE,68.97918221248668,69.6618715853259,68.22765942239985
2018-05-09,VZ,34.245578757613025,34.66609867648171,33.921961754904615
2018-05-09,WMT,30.790681721606674,31.10708658502678,30.486965350165715
2018-05-10,AAPL,42.41623115807727,42.91869812971304,41.951332579842806
2018-05-10,AMGN,134.1589845412103,136.07450185115667,132.72574458980725
2018-05-10,CRM,127.0582989582889,128.65164111061023,125.51287978117887
2018-05-10,CSCO,34.556746284388666,35.086108596004976,34.19409453146417
2018-05-10,IBM,105.52958721541592,106.74564010186214,104.70630891590346
2018-05-10,INTC,48.13836354441481,48.994618429056764,47.51136697272102
2018-05-10,MSFT,95.92391804926855,97.35461051943382,94.83289919104352
2018-05-10,NKE,69.06770214205577,69.773382954277,68.35804703476906
2018-05-10,VZ,34.111715911787286,34.57690409269832,33.82106326463081
2018-05-10,WMT,30.721042980716394,31.06584781837199,30.45340499494537
2018-05-11,AAPL,42.62250842900482,43.12229551186905,42.147500628373834
2018-05-11,AMGN,133.92671573839374,135.80575311893045,132.44512859913985
2018-05-11,CRM,127.29233717559374,128.83905280806397,125.68200194716177
2018-05-11,CSCO,34.5488616641897,35.060367822942816,34.172425850380215
2018-05-11,IBM,105.17709272575914,106.33902760610847,104.30365701306509
2018-05-11,INTC,48.124771411254606,48.97687660466351,47.47393538517169
2018-05-11,MSFT,95.82062893412017,97.22055323394363,94.67077383542697
2018-05-11,NKE,69.14941647315787,69.83152752359828,68.42103513124994
2018-05-11,VZ,33.998583255998966,34.44634103063321,33.695755160874846
2018-05-11,WMT,30.64023545171567,30.980324774634223,30.361609024600956
2018-05-14,AAPL,42.710990083234044,43.20066618657704,42.23286118663852
2018-05-14,AMGN,133.63470787855906,135.45115503342055,132.0815061513524
2018-05-14,CRM,127.48764141785875,128.97655618481733,125.77903674637366
2018-05-14,CSCO,34.58684860131016,35.04885606025224,34.17303198574211
2018-05-14,IBM,104.90002685810607,105.9827958288007,103.9757136669456
2018-05-14,INTC,48.1600052349968,48.978093401300875,47.45485650190633
2018-05-14,MSFT,95.76437601480262,97.07744140091283,94.52619330630053
2018-05-14,NKE,69.20039306303235,69.8827838261035,68.45313323182346
2018-05-14,VZ,33.916036621330306,34.32436446315662,33.5974318229369
2018-05-14,WMT,30.585757777346743,30.910165905367037,30.282055564860922
2018-05-15,AAPL,42.946919551207074,43.47315769358738,42.49589827586457
2018-05-15,AMGN,133.33401153951073,135.31800378230594,131.97374410067505
2018-05-15,CRM,127.6113976355779,129.26924245269115,126.14886503322549
2018-05-15,CSCO,34.525540527101306,35.0777411935085,34.18669298274399
2018-05-15,IBM,104.46485326473375,105.70946116124232,103.68561202198508
2018-05-15,INTC,48.06575187623982,48.96477623672398,47.48104730446089
2018-05-15,MSFT,95.51850683282662,97.00920030759625,94.48803432068586
2018-05-15,NKE,69.26106699833224,69.98439751408115,68.5747496828795
2018-05-15,VZ,33.77267584187876,34.24588130151497,33.49835407407317
2018-05-15,WMT,30.506013984581912,30.855181218899027,30.245024965426772
2018-05-16,AAPL,43.229333503898104,43.73780399517958,42.75274608032188
2018-05-16,AMGN,133.1084981302514,135.0085132516193,131.69144238886543
2018-05-16,CRM,127.75491936404559,129.34990886680154,126.23712403142471
2018-05-16,CSCO,34.46716842136204,35.01218469263198,34.116234190875375
2018-05-16,IBM,104.01103938466473,105.2316339909604,103.21677831842365
2018-05-16,INTC,47.981260968831094,48.85233477861815,47.37890577011523
2018-05-16,MSFT,95.28978414717992,96.73388078320328,94.23668518836914
2018-05-16,NKE,69.31218066685621,70.01057835219912,68.59501181006989
2018-05-16,VZ,33.61511598155658,34.08526424130664,33.330771078042275
2018-05-16,WMT,30.40777784943223,30.75151126881959,30.15322495089186
2018-05-17,AAPL,43.379058304948764,43.870015395679935,42.87787635001697
2018-05-17,AMGN,132.6108476304142,134.42278595480713,131.0934083008742
2018-05-17,CRM,127.67565325218017,129.17634651058034,125.99245397168592
2018-05-17,CSCO,34.390270988621936,34.895396961178946,34.00390001223152
2018-05-17,IBM,103.483223464594,104.62907779990981,102.61623760146598
2018-05-17,INTC,47.88020437673746,48.7101274928542,47.21715331210492
2018-05-17,MSFT,94.95261285857721,96.32303630246801,93.80410272587396
2018-05-17,NKE,69.27439506078716,69.94870689300284,68.514559099237
2018-05-17,VZ,33.458250644776975,33.89320633503744,33.150626394226244
2018-05-17,WMT,30.296955908378013,30.617894462644,30.014514742249023
2018-05-18,AAPL,43.549024935919704,44.07446564820021,43.08583701288587
2018-05-18,AMGN,132.26451375725676,134.250304235586,130.86283800882484
2018-05-18,CRM,127.76425099568834,129.42121189653807,126.21928023103256
2018-05-18,CSCO,34.36281512923346,34.88688620580356,33.992961591788806
2018-05-18,IBM,103.10296662296908,104.29548649751668,102.28931571989618
2018-05-18,INTC,47.83430443347734,48.70949615865087,47.204037872122235
2018-05-18,MSFT,94.7405998427007,96.18124400862395,93.66980429701206
2018-05-18,NKE,69.23682099946807,70.0058067709167,68.55594282080908
2018-05-18,VZ,33.33964768755047,33.785293880189926,33.05571225107153
2018-05-18,WMT,30.228734133373244,30.57118493131443,29.957141375635658
2018-05-21,AAPL,43.77025808242193,44.29473616438415,43.2894963697905
2018-05-21,AMGN,132.10484957842803,133.9954096838205,130.67210116072795
2018-05-21,CRM,128.07468670577512,129.680887172059,126.47422717263044
2018-05-21,CSCO,34.37863859082738,34.88896811215477,34.00169285739296
2018-05-21,IBM,102.79404671768235,103.95117315862004,101.96555172322165
2018-05-21,INTC,47.85875149679294,48.7019577541291,47.214666042669485
2018-05-21,MSFT,94.67482579717627,96.07098245102686,93.54666912336648
2018-05-21,NKE,69.36098098669886,70.05955974502812,68.63442028210223
2018-05-21,VZ,33.231122978318005,33.675809930880945,32.94142179214458
2018-05-21,WMT,30.158699141557907,30.499867193680778,29.88945379520515
2018-05-22,AAPL,44.05275224780384,44.58352456988295,43.57809890755861
2018-05-22,AMGN,131.84274139240085,133.74884701271355,130.48056419158686
2018-05-22,CRM,128.21663281844758,129.85658851406268,126.7174702097707
2018-05-22,CSCO,34.30692291628123,34.856742799203886,33.96928846936957
2018-05-22,IBM,102.33453018172135,103.55047515020127,101.56127007678624
2018-05-22,INTC,47.764487066297704,48.64808275775428,47.178406427634734
2018-05-22,MSFT,94.43897565833214,95.8986452099459,93.40732036640263
2018-05-22,NKE,69.4286090022091,70.12981986994454,68.72488777064137
2018-05-22,VZ,33.08783577542591,33.553586391067334,32.81703432006991
2018-05-22,WMT,30.066279774231855,30.408051779132826,29.817752675390057
2018-05-23,AAPL,44.170188231222994,44.679259342014355,43.67083164277235
2018-05-23,AMGN,131.34177219708135,133.17630952556266,129.83742889053133
2018-05-23,CRM,128.12300398843163,129.6496928802287,126.46974443633005
2018-05-23,CSCO,34.22971075970439,34.736024713424754,33.848666344455346
2018-05-23,IBM,101.82047010029436,102.95473765837589,100.9822750047312
2018-05-23,INTC,47.647822438584654,48.48942543828533,46.99558405271432
2018-05-23,MSFT,94.08927914716698,95.46175515321391,92.9677695100125
2018-05-23,NKE,69.36640872009566,70.0614048824114,68.62039056548397
2018-05-23,VZ,32.929821280105415,33.35776420820245,32.628586743781646
2018-05-23,WMT,29.958950772714484,30.280993761367636,29.678128669675374
2018-05-24,AAPL,44.35288137832334,44.901691368543005,43.881402967378115
2018-05-24,AMGN,131.01484866602118,132.97619249122306,129.6216079945124
2018-05-24,CRM,128.23746467450005,129.90924235888005,126.69617265572826
2018-05-24,CSCO,34.18989773269332,34.723384938209065,33.83443613819165
2018-05-24,IBM,101.41780834464872,102.60997286616718,100.63003736315171
2018-05-24,INTC,47.59927984759211,48.47215342517304,46.98125680885293
2018-05-24,MSFT,93.85409118381878,95.30148852303428,92.80250100161774
2018-05-24,NKE,69.39020476447841,70.13281888152828,68.69475685126316
2018-05-24,VZ,32.802439063149095,33.25072370093921,32.52582955771842
2018-05-24,WMT,29.883992988759672,30.223237903565362,29.619579033441713
2018-05-25,AAPL,44.63597430722616,45.154238738903324,44.137090823536134
2018-05-25,AMGN,130.86818695343504,132.71800679827896,129.46047292548093
2018-05-25,CRM,128.55367920925445,130.13680771505378,126.93029888805398
2018-05-25,CSCO,34.19735625379688,34.710118471899065,33.826567943583775
2018-05-25,IBM,101.09810364576987,102.22842340766684,100.2725441931858
2018-05-25,INTC,47.620796249340636,48.442133835574126,46.97576515951174
2018-05-25,MSFT,93.79075219193376,95.15414279799532,92.68603383894829
2018-05-25,NKE,69.4908455527154,70.19358395687419,68.76816509628185
2018-05-25,VZ,32.68923797787062,33.128420816509625,32.403468576765995
2018-05-25,WMT,29.81257675088279,30.14615678101135,29.549099957533265
2018-05-29,AAPL,44.884924948217375,45.393532325888046,44.38491041324926
2018-05-29,AMGN,130.62412834936194,132.43601707181003,129.22893401664632
2018-05-29,CRM,128.7523170445518,130.3038219783409,127.12990692592592
2018-05-29,CSCO,34.180782245340886,34.68311955662437,33.8075538761695
2018-05-29,IBM,100.73065829113044,101.84757309259805,99.9122132700613
2018-05-29,INTC,47.601728381822845,48.422400123196056,46.95404949317364
2018-05-29,MSFT,93.65153160745675,94.99115503273833,92.55155113507591
2018-05-29,NKE,69.53216396845738,70.2345072432399,68.80960920949009
2018-05-29,VZ,32.570476750728275,32.99724726934728,32.284742780887925
2018-05-29,WMT,29.742634624668565,30.066963134417566,29.477054605109316
2018-05-30,AAPL,45.039494973153644,45.562456995757394,44.535472564857805
2018-05-30,AMGN,130.2009715949286,132.01764304324462,128.73767928271542
2018-05-30,CRM,128.7288110581593,130.2841617681064,127.09272189031878
2018-05-30,CSCO,34.113049988179945,34.62073086817851,33.73837770381121
2018-05-30,IBM,100.22803973092995,101.36025625103993,99.41614461398449
2018-05-30,INTC,47.509595274572995,48.342568234425755,46.86217029341609
2018-05-30,MSFT,93.34124918932078,94.6992189134007,92.24453441646747
2018-05-30,NKE,69.49880455526299,70.19834728311923,68.75649224750082
2018-05-30,VZ,32.417412617640366,32.84368975901971,32.126899934829304
2018-05-30,WMT,29.640132949642354,29.961601861691182,29.373800832226497
2018-05-31,AAPL,45.268109282201316,45.8330487907186,44.79297534164419
2018-05-31,AMGN,130.03111390807138,131.9463404998252,128.64629607129572
2018-05-31,CRM,129.02330789462567,130.69261980996563,127.5090992086592
2018-05-31,CSCO,34.09967264806853,34.63263987852951,33.75417743396087
2018-05-31,IBM,99.88915713108578,101.06329184802463,99.12530226059224
2018-05-31,INTC,47.50361930110882,48.37469497727116,46.89700628087771
2018-05-31,MSFT,93.20530474601341,94.63863958602467,92.16565557191461
2018-05-31,NKE,69.63744498863778,70.35242224979656,68.9296575208744
2018-05-31,VZ,32.29378497910478,32.741440043725206,32.02449096423612
2018-05-31,WMT,29.56770412748658,29.908138138213086,29.312849515300798
2018-06-01,AAPL,45.43637185190687,45.977947732258606,44.94503480503402
2018-06-01,AMGN,129.82232126310106,131.6885510691424,128.40714839613335
2018-06-01,CRM,129.2957470330576,130.9101370369794,127.68318748071042
2018-06-01,CSCO,34.117900386560464,34.609423780579384,33.73810418451805
2018-06-01,IBM,99.61373556263058,100.71206474510583,98.78863367273503
2018-06-01,INTC,47.52449213422293,48.36940748059841,46.873412967807894
2018-06-01,MSFT,93.1535617384393,94.51233866948122,92.03269385477385
2018-06-01,NKE,69.71344294904628,70.43486914364331,68.99921404492439
2018-06-01,VZ,32.204519160651394,32.620106149368524,31.92167459027221
2018-06-01,WMT,29.51048952902763,29.840379539246968,29.239077273749597
2018-06-04,AAPL,45.57081013429925,45.90732731951805,45.189856770230676
2018-06-04,AMGN,130.17910701109528,131.5218417092078,128.70928332051523
2018-06-04,CRM,129.58970461899776,130.9155733372944,128.0646216412205
2018-06-04,CSCO,34.17845013936733,34.483757275989845,33.830290086301105
2018-06-04,IBM,99.51973292317986,100.29984517399625,98.89242402689193
2018-06-04,INTC,47.77914671095395,48.302203948956006,47.12929244709951
2018-06-04,MSFT,93.42422346732532,94.24752872005291,92.40668647776805
2018-06-04,NKE,69.95235146246829,70.46891645034823,69.25452264438613
2018-06-04,VZ,32.194548778538426,32.45481530370799,31.961988837716532
2018-06-04,WMT,29.486428897945288,29.737591874423586,29.262465743034838
2018-06-05,AAPL,45.681941184019735,46.03385757632926,45.31396724711968
2018-06-05,AMGN,130.41208974628742,131.81148817610736,129.00817893816776
2018-06-05,CRM,129.87306613344617,131.26076210418748,128.37459059297308
2018-06-05,CSCO,34.21585805369238,34.53444591934719,33.87915187889339
2018-06-05,IBM,99.39212604020086,100.18754445999399,98.75884206164618
2018-06-05,INTC,47.98927857945516,48.53612043692663,47.355650631511736
2018-06-05,MSFT,93.65472519411941,94.51420493799755,92.66828626109076
2018-06-05,NKE,70.14824588825608,70.693898865752,69.46069965765476
2018-06-05,VZ,32.18743344316912,32.45474977782659,31.955029607424777
2018-06-05,WMT,29.458849426930175,29.71606649107387,29.23189052352034
2018-06-06,AAPL,45.892551660944356,46.20689809772647,45.508069128491684
2018-06-06,AMGN,131.00188827015594,132.28189363610363,129.56111086128936
2018-06-06,CRM,130.36935707146972,131.58506716923384,128.83133382138632
2018-06-06,CSCO,34.34307210145758,34.61732726718134,33.977709741466185
2018-06-06,IBM,99.37830029487935,100.15340383843846,98.78553415882647
2018-06-06,INTC,48.37313327769751,48.852098716401954,47.68762675287504
2018-06-06,MSFT,94.10675266218352,94.85138739308977,93.05539728163323
2018-06-06,NKE,70.41293222552046,70.92630698845171,69.76841377810214
2018-06-06,VZ,32.2057591850756,32.45854534257524,31.981371272027065
2018-06-06,WMT,29.469472979993075,29.713082538052046,29.257312809696398
2018-06-07,AAPL,46.00878520707652,46.29862115673865,45.5962765242647
2018-06-07,AMGN,131.23913574549687,132.4450304440914,129.69180651979005
2018-06-07,CRM,130.47299740221342,131.6583758331303,128.85663707930684
2018-06-07,CSCO,34.371937244657516,34.653438075784635,34.00738267958353
2018-06-07,IBM,99.19647245583582,99.92935324152751,98.55367974227755
2018-06-07,INTC,48.5965054514792,49.0991583463158,47.918787650044614
2018-06-07,MSFT,94.29782913224544,95.04783084811787,93.2377166120529
2018-06-07,NKE,70.53498694063288,71.02993588617721,69.81838666710935
2018-06-07,VZ,32.173580935370964,32.4167847415537,31.926720047792312
2018-06-07,WMT,29.440600601487887,29.665133620589778,29.201125396814163
2018-06-08,AAPL,46.03711652973446,46.36772108241019,45.63269782926929
2018-06-08,AMGN,131.20674934081174,132.51845494528322,129.69893607667328
2018-06-08,CRM,130.45559423883003,131.751923748887,128.86027989890798
2018-06-08,CSCO,34.34775924780375,34.65454308411676,33.998378271448495
2018-06-08,IBM,98.93410635318332,99.68291961995793,98.23995158131937
2018-06-08,INTC,48.684476921430104,49.23242185363207,48.03428189984055
2018-06-08,MSFT,94.3539774696875,95.17737409374051,93.304662841315
2018-06-08,NKE,70.6660770459082,71.16437707815454,69.9053564352719
2018-06-08,VZ,32.13089564616173,32.38536044064033,31.87363855086832
2018-06-08,WMT,29.378636161305295,29.621119929044315,29.1301466130279
2018-06-11,AAPL,46.19477109944699,46.5425278767703,45.8199424039018
2018-06-11,AMGN,131.60906840020573,132.97338751568384,130.18136854905083
2018-06-11,CRM,130.84273830761038,132.19652314696867,129.3570754434997
2018-06-11,CSCO,34.416844691017126,34.72710586214894,34.07638368426965
2018-06-11,IBM,98.87254743107275,99.6678047982238,98.26482547027335
2018-06-11,INTC,48.9518301403019,49.49785455096854,48.3001040659461
2018-06-11,MSFT,94.67572543856855,95.5141704512283,93.66727929567477
2018-06-11,NKE,70.918900108342,71.45896613733693,70.23938974715334
2018-06-11,VZ,32.13680146511684,32.4017751065521,31.910461014970085
2018-06-11,WMT,29.37229172794095,29.626032338529097,29.150925670668748
2018-06-12,AAPL,46.315715054039714,46.662629781473676,45.93488960883344
2018-06-12,AMGN,131.9026672573267,133.25770424299762,130.48241860237144
2018-06-12,CRM,131.17163813954934,132.5102899517961,129.63549394114216
2018-06-12,CSCO,34.46070015092716,34.768293188165345,34.11365723998762
2018-06-12,IBM,98.76020377770007,99.54252361059639,98.11797241503476
2018-06-12,INTC,49.18050893904106,49.721471166367536,48.52123691937749
2018-06-12,MSFT,94.92521007396564,95.76814396032759,93.90245278954444
2018-06-12,NKE,71.0984668850907,71.64061729492383,70.4104581768276
2018-06-12,VZ,32.12974129346283,32.3925549282016,31.894429165393877
2018-06-12,WMT,29.356982954428023,29.60472420331313,29.126671769751077
2018-06-13,AAPL,46.37891383436692,46.729867399346084,45.99944870377535
2018-06-13,AMGN,132.00002630059282,133.32934184553199,130.57718264607823
2018-06-13,CRM,131.33764385529759,132.70226878947506,129.8304338863905
2018-06-13,CSCO,34.4454279812619,34.764185725594544,34.11507194051263
2018-06-13,IBM,98.59655270145973,99.37101847759156,97.91763753944362
2018-06-13,INTC,49.28642360365296,49.861488479596915,48.66198300719222
2018-06-13,MSFT,95.04411813945164,95.90446831315103,94.03953220817338
2018-06-13,NKE,71.22868327496535,71.76495071581739,70.50504244331225
2018-06-13,VZ,32.110519947483255,32.37118863943878,31.862186744241495
2018-06-13,WMT,29.3255480869906,29.57257467126546,29.075645851706838
2018-06-14,AAPL,46.53767076119537,46.89368607002118,46.16877143254664
2018-06-14,AMGN,132.38558882329403,133.83180685437068,130.98166673678378
2018-06-14,CRM,131.7413591306369,133.15399850986591,130.23603980957907
2018-06-14,CSCO,34.52278966752093,34.83924429534836,34.18243771369337
2018-06-14,IBM,98.52314870470951,99.32422786007444,97.92759406228622
2018-06-14,INTC,49.574307512720985,50.127416344086505,48.92117150183869
2018-06-14,MSFT,95.38811559968926,96.25581657283003,94.39111559545304
2018-06-14,NKE,71.46754317144291,72.03794657743065,70.79890192029994
2018-06-14,VZ,32.12297525626559,32.39058169734807,31.902094073921482
2018-06-14,WMT,29.318739165073428,29.575018711336135,29.10356438222999
2018-06-15,AAPL,46.696721137278104,47.04414179214466,46.31229895604158
2018-06-15,AMGN,132.8045693934061,134.19455521327734,131.34365678903504
2018-06-15,CRM,132.13119169883558,133.470898928601,130.57957545454948
2018-06-15,CSCO,34.607866853565795,34.91095601691411,34.251645793886595
2018-06-15,IBM,98.44776513282885,99.22967148686763,97.84120630797136
2018-06-15,INTC,49.87774775530455,50.4094832213137,49.18912318245936
2018-06-15,MSFT,95.73843543957499,96.56675106213363,94.69509579159444
2018-06-15,NKE,71.71692429940174,72.25976941579013,71.03209342483478
2018-06-15,VZ,32.12976312595075,32.38897165175406,31.903212043377902
2018-06-15,WMT,29.304638598607436,29.556615850362864,29.088385704878206
2018-06-18,AAPL,46.753132302664866,47.08057363679193,46.34248567996742
2018-06-18,AMGN,132.8833357761106,134.20189714857653,131.32557675745366
2018-06-18,CRM,132.15792377897944,133.46474035236332,130.51512765134825
2018-06-18,CSCO,34.60252715817334,34.9093330694299,34.239714726398574
2018-06-18,IBM,98.2101062267301,98.95383267973556,97.54409297309195
2018-06-18,INTC,50.029514112527664,50.57532289594746,49.33544560666156
2018-06-18,MSFT,95.82848262750721,96.66405437375289,94.76179144875235
2018-06-18,NKE,71.827136014877,72.35069500479055,71.07895437061363
2018-06-18,VZ,32.08802774872058,32.336929821322094,31.839702156042517
2018-06-18,WMT,29.255505065550775,29.49088806081515,29.0138766971923
2018-06-19,AAPL,46.84049385486109,47.22092516499479,46.46388629875432
2018-06-19,AMGN,133.08106811940317,134.5591399004267,131.65922244776672
2018-06-19,CRM,132.48783573581684,133.94732296284187,130.94610920471382
2018-06-19,CSCO,34.63318987242177,34.962742487522576,34.29236453733386
2018-06-19,IBM,98.09335016630716,98.88790214167287,97.44070459469154
2018-06-19,INTC,50.21875273154218,50.79819687310955,49.55535374824195
2018-06-19,MSFT,96.061055608255,96.96967863332318,95.03713521568928
2018-06-19,NKE,72.05620644777373,72.61892371370406,71.33930691018153
2018-06-19,VZ,32.08574423510351,32.35656841938114,31.851835668680327
2018-06-19,WMT,29.221133305528426,29.484187533911435,28.99386242987444
2018-06-20,AAPL,46.968603676766406,47.335973905675026,46.59639010703593
2018-06-20,AMGN,133.391852841361,134.79772796313372,131.97212756286436
2018-06-20,CRM,132.7850817409947,134.21328590831615,131.302139043541
2018-06-20,CSCO,34.666591702741506,34.995773797295435,34.334148742120576
2018-06-20,IBM,97.98183427009332,98.79021752012822,97.3788353560892
2018-06-20,INTC,50.423276225141834,51.01349111102089,49.770558694289775
2018-06-20,MSFT,96.2850139609037,97.1859929303621,95.2895816842377
2018-06-20,NKE,72.24663879046739,72.82426943299517,71.56673857420499
2018-06-20,VZ,32.08325343171978,32.35398874563968,31.85834512545589
2018-06-20,WMT,29.213690697235606,29.46523718237326,28.986148701112572
2018-06-21,AAPL,47.131409145906055,47.492015502018035,46.74702346999615
2018-06-21,AMGN,133.78992504788462,135.25802104117105,132.35680291058907
2018-06-21,CRM,133.19010740865616,134.59076950690766,131.624328673449
2018-06-21,CSCO,34.75640229514026,35.07080634214377,34.398452047579404
2018-06-21,IBM,97.88494200012438,98.6805558695968,97.28511792643938
2018-06-21,INTC,50.73904867753049,51.29592785753673,50.04181780767176
2018-06-21,MSFT,96.63068770040117,97.51411832239845,95.59231911339559
2018-06-21,NKE,72.47986665463617,73.05789010237763,71.80739922224117
2018-06-21,VZ,32.08930933227729,32.354353409501904,31.87000712701034
2018-06-21,WMT,29.211280301735073,29.46498647817461,28.99862719545804
2018-06-22,AAPL,47.188572452290714,47.5201394506076,46.779597883688254
2018-06-22,AMGN,133.84062677615475,135.17673260655485,132.29554865250913
2018-06-22,CRM,133.2500316706633,134.56665987558023,131.60595435475432
2018-06-22,CSCO,34.74727271050864,35.054341432145556,34.38847502081186
2018-06-22,IBM,97.65493340016168,98.39357067920176,96.98995566511459
2018-06-22,INTC,50.881711275756075,51.432590915480155,50.17985177313471
2018-06-22,MSFT,96.73402193641773,97.5623888814309,95.66106370448853
2018-06-22,NKE,72.59158064140189,73.11922159298847,71.83499608617308
2018-06-22,VZ,32.05273527621585,32.3030716766963,31.803550422391556
2018-06-22,WMT,29.155175367975403,29.39282575648948,28.91398550807803
2018-06-25,AAPL,47.306532913102025,47.67704002496545,46.93212051943592
2018-06-25,AMGN,134.0880045949691,135.5477105999755,132.64014307967835
2018-06-25,CRM,133.5321287961038,134.99898785290696,132.01035361985606
2018-06-25,CSCO,34.782091713102204,35.113953194227605,34.44506194369953
2018-06-25,IBM,97.52178140675075,98.31456657790422,96.91628204073709
2018-06-25,INTC,51.10230993680103,51.69447583562201,50.43542229018281
2018-06-25,MSFT,96.95641945998717,97.86995216015124,95.94624369567578
2018-06-25,NKE,72.79813429651475,73.37786916027098,72.08847831601905
2018-06-25,VZ,32.04379554243336,32.31370048137562,31.815340375298966
2018-06-25,WMT,29.129595483441456,29.38530082206507,28.906654836763508
2018-06-26,AAPL,47.448637116108316,47.81579475479293,47.05897898872882
2018-06-26,AMGN,134.44801867582396,135.85177084630223,132.99615407751799
2018-06-26,CRM,133.8856913171028,135.27196385374668,132.35792606357495
2018-06-26,CSCO,34.84055640257724,35.15789307421832,34.49182022781711
2018-06-26,IBM,97.43808953564114,98.22546949236288,96.8301149928692
2018-06-26,INTC,51.35914919007343,51.942751770782756,50.67252034504713
2018-06-26,MSFT,97.23317910407164,98.12039676248195,96.18990495114325
2018-06-26,NKE,73.04569040229758,73.60397141184303,72.34481422479469
2018-06-26,VZ,32.036805604535324,32.308798160154716,31.807854336316915
2018-06-26,WMT,29.117115686584043,29.370937710601012,28.89724203351722
2018-06-27,AAPL,47.580960090437486,47.94415430613569,47.18397980732
2018-06-27,AMGN,134.76927128874712,136.18600916202166,133.29999233639708
2018-06-27,CRM,134.21795784405634,135.6001769741372,132.66817376963778
2018-06-27,CSCO,34.89976953762066,35.21110147451269,34.545400266226224
2018-06-27,IBM,97.35314547597935,98.12578301069358,96.7285320949952
2018-06-27,INTC,51.60373911497422,52.18140129299548,50.91590505816747
2018-06-27,MSFT,97.51892040637372,98.39203125789926,96.46287252382143
2018-06-27,NKE,73.31247440407567,73.85422521242238,72.58478394132264
2018-06-27,VZ,32.029829269527525,32.295689692678195,31.79644643696791
2018-06-27,WMT,29.097993218570494,29.352544974407756,28.876244498788356
2018-06-28,AAPL,47.66157960945747,48.010971006014806,47.25695353702055
2018-06-28,AMGN,134.8710049099311,136.2542129709837,133.33981322590623
2018-06-28,CRM,134.31538037476653,135.67223823391208,132.70781057449125
2018-06-28,CSCO,34.908980106438555,35.22280558485707,34.550162507562305
2018-06-28,IBM,97.1435627797403,97.89353435525592,96.50640017450685
2018-06-28,INTC,51.776968908608616,52.35113082006717,51.064491992617896
2018-06-28,MSFT,97.64855944899723,98.51366347374803,96.5786268915373
2018-06-28,NKE,73.45945766794863,74.00587490633991,72.71058473741822
2018-06-28,VZ,31.995979323878064,32.2530573331637,31.75357980595504
2018-06-28,WMT,29.048693637523204,29.295042824680554,28.816859663397757
2018-06-29,AAPL,47.84976120602157,48.20949624184094,47.47619124427581
2018-06-29,AMGN,135.28334712062556,136.6978319173769,133.83864993257478
2018-06-29,CRM,134.71147842126166,136.14563406281582,133.22632990010112
2018-06-29,CSCO,34.976585742935875,35.30015454058796,34.64061597935266
2018-06-29,IBM,97.1080577700216,97.88969290234355,96.53984712567159
2018-06-29,INTC,52.07931030029131,52.67215046705607,51.39844564995681
2018-06-29,MSFT,97.97947206725553,98.86451584491266,96.96854426926362
2018-06-29,NKE,73.67436159086694,74.2672596879292,72.99436565629127
2018-06-29,VZ,32.00165627124727,32.27061271220551,31.78141717896601
2018-06-29,WMT,29.047913243057717,29.29800943761272,28.828353112591092
2018-07-02,AAPL,47.95955969360744,48.34366281905809,47.58346388070625
2018-07-02,AMGN,135.53860149808082,136.9924020297425,134.12681790265455
2018-07-02,CRM,135.06592118014737,136.52563405855446,133.54924594390278
2018-07-02,CSCO,35.00748054291434,35.33652216943478,34.670248888262456
2018-07-02,IBM,97.0208395157981,97.8079581881823,96.38992230985242
2018-07-02,INTC,52.27323789778634,52.881164371575686,51.60228376040304
2018-07-02,MSFT,98.21554171037536,99.13593961955837,97.19156061297213
2018-07-02,NKE,73.8786231517617,74.46185113096607,73.16785936856239
2018-07-02,VZ,32.00275430928159,32.27359227679447,31.770158913281556
2018-07-02,WMT,29.03034551409118,29.286981648007224,28.801371511420566
2018-07-03,AAPL,48.012730688360016,48.37745272628366,47.675612195280685
2018-07-03,AMGN,135.73256790605078,136.95045640638085,134.52693636379723
2018-07-03,CRM,135.60777071123994,136.92448904130808,134.0447716576511
2018-07-03,CSCO,35.012650588168306,35.33128238529373,34.69805871447407
2018-07-03,IBM,96.89380097242525,97.59173835142764,96.30013506984572
2018-07-03,INTC,52.20484280516528,52.835770960084346,51.66005775399905
2018-07-03,MSFT,98.36057285812517,99.24141007186509,97.50875593444462
2018-07-03,NKE,74.19219818416164,74.80602178440085,73.55850631632404
2018-07-03,VZ,32.05063519223522,32.30978145991758,31.75886210982392
2018-07-03,WMT,28.99826619536105,29.261903022274954,28.78507773988587
2018-07-05,AAPL,47.96398812409374,48.346237211818284,47.6582338792394
2018-07-05,AMGN,135.7389773573774,137.00843337472236,134.61266782935184
2018-07-05,CRM,135.8648535535853,137.3050823936824,134.47626469425788
2018-07-05,CSCO,34.98561720599152,35.318587787145695,34.6880754549052
2018-07-05,IBM,96.59790140509462,97.34762158157848,96.05609054906876
2018-07-05,INTC,51.98619287193062,52.67228264271629,51.510181369767864
2018-07-05,MSFT,98.33991602098713,99.28297041478,97.53871060146885
2018-07-05,NKE,74.54112942581577,75.16268042880714,73.96083496579287
2018-07-05,VZ,32.02686685180299,32.309624037352876,31.77122883587665
2018-07-05,WMT,28.993138377334418,29.220847070559298,28.77320712601767
2018-07-06,AAPL,47.97071499351429,48.34406931845594,47.636121162843736
2018-07-06,AMGN,135.74750329527922,137.041220510727,134.59504970528795
2018-07-06,CRM,136.3172385546665,137.7754414352723,134.7566549285488
2018-07-06,CSCO,34.9804569676971,35.29157306926393,34.67275750118892
2018-07-06,IBM,96.40370727605699,97.1310462980872,95.83440940666557
2018-07-06,INTC,51.8302839011079,52.51194978925628,51.30580972326754
2018-07-06,MSFT,98.4408976483901,99.33344273715717,97.59603671999703
2018-07-06,NKE,74.76625638728382,75.38769643007748,74.13579628157446
2018-07-06,VZ,32.03449339161739,32.306066494190596,31.772341963237476
2018-07-06,WMT,28.98566921110511,29.21927507218212,28.758035985103138
2018-07-09,AAPL,47.90041806343828,48.237166962359005,47.555810153043566
2018-07-09,AMGN,135.66018704343398,136.80665084343855,134.3440242746947
2018-07-09,CRM,136.44748176208975,137.74536596978453,134.89457650588724
2018-07-09,CSCO,34.9504306055322,35.23141479005679,34.62047356924765
2018-07-09,IBM,96.1332513272959,96.78358333929135,95.51934995549094
2018-07-09,INTC,51.69845960160996,52.282697998601094,51.1427932033439
2018-07-09,MSFT,98.44848433870456,99.21299386225056,97.5600577925851
2018-07-09,NKE,75.02067879343649,75.54361957786871,74.30445732051027
2018-07-09,VZ,32.04420184572473,32.29241776488792,31.743487901933257
2018-07-09,WMT,28.958633545800577,29.162559662592948,28.71416186147048
2018-07-10,AAPL,47.77154259534873,48.128856695138516,47.44596912578615
2018-07-10,AMGN,135.70366318171187,136.76102001625165,134.38844251282399
2018-07-10,CRM,136.5325422392726,137.88509217419843,134.9659292815968
2018-07-10,CSCO,34.8655920910703,35.1634363231742,34.55254351627385
2018-07-10,IBM,95.76811280983642,96.46104575329208,95.18768112696117
2018-07-10,INTC,51.4843426448464,52.105910865172,50.96416446168071
2018-07-10,MSFT,98.34801618174032,99.19513836052911,97.49306055027257
2018-07-10,NKE,75.24049713837694,75.82424777457527,74.602792372737
2018-07-10,VZ,32.05493681201406,32.30104829000172,31.75986704726008
2018-07-10,WMT,28.920068202746116,29.153009566831006,28.692063964528405
2018-07-11,AAPL,47.69584762015765,48.08558986001909,47.411421890019504
2018-07-11,AMGN,135.7828207474278,137.0307212038272,134.65969592946277
2018-07-11,CRM,136.8875251862855,138.42124594904445,135.38446240330705
2018-07-11,CSCO,34.82333238748634,35.13946493646715,34.53123338591048
2018-07-11,IBM,95.42546287594999,96.17743851526126,94.92775254972604
2018-07-11,INTC,51.285142335113875,51.96600823940205,50.8105335344774
2018-07-11,MSFT,98.37873485415092,99.29575932977423,97.59891518968243
2018-07-11,NKE,75.52531607326823,76.15706856632136,74.92255127196444
2018-07-11,VZ,32.0633645824132,32.32319028520074,31.810840060378975
2018-07-11,WMT,28.910515436766346,29.14535103570971,28.69460197217767
2018-07-12,AAPL,47.69192942909606,48.09440923428267,47.3633889255512
2018-07-12,AMGN,135.8295159705035,137.1327775032359,134.63891459737937
2018-07-12,CRM,137.30211761077803,138.86373553273077,135.78647985061897
2018-07-12,CSCO,34.810164833282165,35.13142329486526,34.50348063915861
2018-07-12,IBM,95.23492206990043,95.96350750056115,94.67072368455239
2018-07-12,INTC,51.1453760716769,51.85893552323738,50.629262931235004
2018-07-12,MSFT,98.49228899485419,99.42011971477,97.61877666686604
2018-07-12,NKE,75.77330719292483,76.39320517972223,75.09567485337922
2018-07-12,VZ,32.11008848241728,32.37616926628921,31.833883987346095
2018-07-12,WMT,28.916631670970936,29.149023116378803,28.685308476663522
2018-07-13,AAPL,47.60599609663599,48.01928282318058,47.2990137354136
2018-07-13,AMGN,135.9645713110992,137.1597178811732,134.67690326299473
2018-07-13,CRM,137.48957119758637,139.04697579473512,136.0466879255408
2018-07-13,CSCO,34.766474783057845,35.08715401972805,34.46602427374445
2018-07-13,IBM,94.98162015193883,95.69989681044345,94.44337970733454
2018-07-13,INTC,50.99121747031403,51.68478098063582,50.49873027675454
2018-07-13,MSFT,98.51912127892878,99.46021550129686,97.66043569777534
2018-07-13,NKE,76.10404236520291,76.68961431180189,75.44518903624738
2018-07-13,VZ,32.18285427492752,32.436318708570035,31.877092226432076
2018-07-13,WMT,28.92124944362985,29.147547081325207,28.697244890254474
2018-07-16,AAPL,47.61320374347207,48.072077795418735,47.33451281932137
2018-07-16,AMGN,136.28756210633233,137.68857660627546,135.17586194143118
2018-07-16,CRM,138.019491466522,139.848074564955,136.73302017665833
2018-07-16,CSCO,34.76615937103494,35.12344214037905,34.49789631478056
2018-07-16,IBM,94.82528589994767,95.63690571420656,94.36397066346017
2018-07-16,INTC,50.90294343736892,51.667150138704024,50.46949713852747
2018-07-16,MSFT,98.69287870232401,99.77568854592597,97.90142527391674
2018-07-16,NKE,76.58877255227239,77.27377779433678,76.01578777385221
2018-07-16,VZ,32.23619046498665,32.53497042419639,31.981894567146195
2018-07-16,WMT,28.974030109300344,29.21793784145962,28.76862219277954
2018-07-17,AAPL,47.54964922729007,47.94884200763956,47.17253945325625
2018-07-17,AMGN,136.12012708176775,137.3633117406285,134.78018784506494
2018-07-17,CRM,138.19868182164015,139.79681934778733,136.53944388795568
2018-07-17,CSCO,34.69681393128156,35.014896183743616,34.36657758289041
2018-07-17,IBM,94.50059086289411,95.20041566316918,93.9044601289966
2018-07-17,INTC,50.68496282237842,51.4285011224615,50.142608832037325
2018-07-17,MSFT,98.65442652568052,99.62459047903765,97.65934332112805
2018-07-17,NKE,76.78039275423484,77.36565574368214,76.03495584547655
2018-07-17,VZ,32.25229797044464,32.50871088328355,31.94466942036259
2018-07-17,WMT,28.965508470374427,29.173837979090894,28.715137508598566
2018-07-18,AAPL,47.55525966248836,47.97407573608125,47.20170237347497
2018-07-18,AMGN,136.16518035315477,137.45990095732998,134.86773442482274
2018-07-18,CRM,138.57533656978637,140.18712525324167,136.99485208420802
2018-07-18,CSCO,34.666491677462105,35.00192215497496,34.34919955219182
2018-07-18,IBM,94.3142989120401,95.02553493735364,93.73285698447589
2018-07-18,INTC,50.55472567856106,51.29694354235249,50.02764838664162
2018-07-18,MSFT,98.74544892437866,99.74969637218446,97.79195831846351
2018-07-18,NKE,77.06482479912019,77.68248752401664,76.340861720251
2018-07-18,VZ,32.32048646645666,32.58084386312615,32.008339560136555
2018-07-18,WMT,28.96431713522706,29.202061402437305,28.731186739141876
2018-07-19,AAPL,47.548841365374756,47.9335859626494,47.150646523170934
2018-07-19,AMGN,136.25807170133243,137.38179733335087,134.87389471131766
2018-07-19,CRM,138.95242153136513,140.42729736841562,137.1725995201516
2018-07-19,CSCO,34.59255551179175,34.91427471813371,34.26478561337932
2018-07-19,IBM,94.07092502436666,94.75433162700256,93.4576354288523
2018-07-19,INTC,50.4012933437625,51.09023440084223,49.83426224369756
2018-07-19,MSFT,98.751469277246,99.73573583806339,97.74012448032178
2018-07-19,NKE,77.26544681655493,77.91871388217183,76.56487774967664
2018-07-19,VZ,32.35427179070109,32.610636524048566,32.02882396902464
2018-07-19,WMT,28.923282301599983,29.17711957024487,28.693717224322892
2018-07-20,AAPL,47.61284954516751,48.010214398394524,47.211828038578204
2018-07-20,AMGN,136.20318755965724,137.53866890416575,134.94873221807924
2018-07-20,CRM,139.553465964352,141.10873316593634,137.80490794669177
2018-07-20,CSCO,34.57518663304091,34.90428417673944,34.24957036202171
2018-07-20,IBM,93.88759591414993,94.57762569176285,93.2938727278349
2018-07-20,INTC,50.27678385762114,50.99802645580907,49.71490253874105
2018-07-20,MSFT,98.91518407578431,99.91277450750576,97.88661919759471
2018-07-20,NKE,77.55575542834286,78.20930236722069,76.79671383098494
2018-07-20,VZ,32.36267565646081,32.63297466143789,32.06036281415242
2018-07-20,WMT,28.900669497581458,29.136978836605795,28.667802240924786
2018-07-23,AAPL,47.658004106055806,48.01647095945414,47.20881317806311
2018-07-23,AMGN,136.00593276590075,137.2366739016866,134.61242413352923
2018-07-23,CRM,139.86096017278732,141.27179520994412,138.03612158113756
2018-07-23,CSCO,34.536568657252815,34.85191096670542,34.18350828082426
2018-07-23,IBM,93.70096424853361,94.34081728430289,93.00777060893748
2018-07-23,INTC,50.11221461323381,50.79820280125947,49.5044186887813
2018-07-23,MSFT,98.92944581966628,99.86692088782762,97.82809253983392
2018-07-23,NKE,77.70914292232791,78.31449741106621,76.9050260765936
2018-07-23,VZ,32.36130619706827,32.625246394389144,32.032213871970626
2018-07-23,WMT,28.85922958711749,29.078024133211894,28.604694541303292
2018-07-24,AAPL,47.72519590789669,48.08257013262583,47.30700692783545
2018-07-24,AMGN,136.00948479082567,137.2240159599401,134.62170077703237
2018-07-24,CRM,140.18973163650324,141.62166487621178,138.4500637531216
2018-07-24,CSCO,34.51907212659971,34.83536286320772,34.176003390849836
2018-07-24,IBM,93.53836341975106,94.18845671541061,92.89107162220257
2018-07-24,INTC,50.01205546323404,50.65664905604447,49.42553184423038
2018-07-24,MSFT,98.96486984178932,99.90915090174197,97.9383312932305
2018-07-24,NKE,77.96525087167946,78.57159542651314,77.21964818208187
2018-07-24,VZ,32.37322263516573,32.642581440290165,32.04628250683102
2018-07-24,WMT,28.832987044963506,29.05438690730416,28.589537213473534
2018-07-25,AAPL,47.80845692357654,48.17029688676822,47.383135627111706
2018-07-25,AMGN,135.89722204297104,137.17230190652506,134.60188892943938
2018-07-25,CRM,140.71100505210225,142.14766909990686,138.90866523205125
2018-07-25,CSCO,34.485598505188506,34.810991313511025,34.14414422919273
2018-07-25,IBM,93.32001924672183,93.98527440173115,92.68915672039404
2018-07-25,INTC,49.89722986208527,50.553739117771265,49.32617895666105
2018-07-25,MSFT,99.03271540954962,100.00407900712659,97.98540600134055
2018-07-25,NKE,78.274423394553,78.92384031101469,77.51379346987264
2018-07-25,VZ,32.3395541400254,32.61329084477468,32.035031340554035
2018-07-25,WMT,28.789241933933617,29.021796130668925,28.55374836982064
2018-07-26,AAPL,47.8635454591939,48.2140223048601,47.45675823810433
2018-07-26,AMGN,135.6673267529171,136.94897021576654,134.43704482703103
2018-07-26,CRM,141.23422891510629,142.57730132903995,139.38839205539088
2018-07-26,CSCO,34.45270213402523,34.76978201939057,34.1109134560112
2018-07-26,IBM,93.07259000660486,93.72440794812802,92.43898136223454
2018-07-26,INTC,49.725736894686364,50.384462359563024,49.16016022906281
2018-07-26,MSFT,99.09066895455321,100.01017442149654,98.08020045998929
2018-07-26,NKE,78.47109293304204,79.11657502983252,77.69823822729198
2018-07-26,VZ,32.31069706592687,32.570069068817695,32.01489076314996
2018-07-26,WMT,28.725971457478714,28.96435492325841,28.490272533410483
2018-07-27,AAPL,48.044159027993025,48.38701757089967,47.6121086473803
2018-07-27,AMGN,135.78467351122598,137.05791723227202,134.5176342365571
2018-07-27,CRM,142.10188788086785,143.44331627037852,140.24393111993774
2018-07-27,CSCO,34.504641912847895,34.80352149984203,34.170574028626795
2018-07-27,IBM,93.1111005291908,93.74958324908519,92.45433935948098
2018-07-27,INTC,49.73251343183817,50.330202841501674,49.12304863760054
2018-07-27,MSFT,99.41042101252164,100.27819949251177,98.3870416982096
2018-07-27,NKE,78.6936607543534,79.38071309947769,77.94037409485875
2018-07-27,VZ,32.341134546032016,32.61576493198044,32.03439187773619
2018-07-27,WMT,28.687489691882373,28.939527103803155,28.458939026270368
2018-07-30,AAPL,48.173413962284826,48.53288175903695,47.786371263654345
2018-07-30,AMGN,136.009383967032,137.27484075399937,134.75857445897546
2018-07-30,CRM,142.76308493024362,144.23893287306714,141.10482185539215
2018-07-30,CSCO,34.54004360561955,34.852860953176005,34.222642047539196
2018-07-30,IBM,93.06436772572725,93.74142849908861,92.46983623004198
2018-07-30,INTC,49.71685416189486,50.32405732268065,49.161947357745476
2018-07-30,MSFT,99.62378917677282,100.5440450029323,98.6878079263631
2018-07-30,NKE,79.02726933640753,79.70716515942125,78.34533859393454
2018-07-30,VZ,32.35571827549846,32.6455037310632,32.065586169332214
2018-07-30,WMT,28.681767161309963,28.92122487602221,28.456470856511412
2018-07-31,AAPL,48.26902690897401,48.617349881003655,47.89279641615449
2018-07-31,AMGN,135.99472947152654,137.31905119208022,134.82861954381312
2018-07-31,CRM,143.39836453647473,144.81869854236325,141.66507433351916
2018-07-31,CSCO,34.55076483322381,34.861451247584796,34.22838309592592
2018-07-31,IBM,92.90059973718634,93.57426148440926,92.31048887740735
2018-07-31,INTC,49.633272658546474,50.232449389982456,49.093649019403394
2018-07-31,MSFT,99.7759802335935,100.66487125449531,98.85047712151793
2018-07-31,NKE,79.35085038316814,80.01698997228306,78.62715119044081
2018-07-31,VZ,32.32434126959382,32.60256701593758,32.055413853671396
2018-07-31,WMT,28.646593493364787,28.882130478541118,28.422077937967895
2018-08-01,AAPL,48.35931982085867,48.731259827143354,48.01347332232489
2018-08-01,AMGN,136.03621260529144,137.40668146567114,134.92770000370948
2018-08-01,CRM,144.06918206233914,145.56804262331465,142.4220230392641
2018-08-01,CSCO,34.57396537880349,34.89112985894232,34.26357400936696
2018-08-01,IBM,92.78779407039427,93.48964343209401,92.21908517743329
2018-08-01,INTC,49.57039735610933,50.19802448629346,49.05992656853426
2018-08-01,MSFT,99.96471081203659,100.8727317741944,99.09568404039602
2018-08-01,NKE,79.65971667582254,80.33703768968343,78.96820428760019
2018-08-01,VZ,32.33530588939003,32.615115640429124,32.075422827018556
2018-08-01,WMT,28.630662275569104,28.871615102018346,28.412231897723522
2018-08-02,AAPL,48.4634960279493,48.79317272208374,48.14478082729493
2018-08-02,AMGN,136.57999694283745,137.55205163939337,135.21148079809313
2018-08-02,CRM,144.113760144719,145.47305241580787,142.30875436586226
2018-08-02,CSCO,34.61934619663565,34.89243443825245,34.31865484762113
2018-08-02,IBM,92.89094732752953,93.46150669531616,92.35956698420127
2018-08-02,INTC,49.54113411235789,49.97930864412926,48.968285514235426
2018-08-02,MSFT,100.1732064733649,100.93708125261489,99.29698344848997
2018-08-02,NKE,79.84038409327232,80.46975236369889,79.17368450677667
2018-08-02,VZ,32.37921064069801,32.63094335860323,32.12542815673828
2018-08-02,WMT,28.68839422183156,28.886985716539854,28.474670777743007
2018-08-03,AAPL,48.47611574286587,48.825860644541955,48.21321597065094
2018-08-03,AMGN,137.15405102723628,138.10015634779663,135.71365649138627
2018-08-03,CRM,144.01129393352562,145.29159449548192,142.16591749733962
2018-08-03,CSCO,34.62644556428329,34.90063674153274,34.34312255163927
2018-08-03,IBM,92.96073501661193,93.51784738269907,92.43350242399619
2018-08-03,INTC,49.41333670093437,49.888304496592376,48.91432622748067
2018-08-03,MSFT,100.36157833692181,101.13680913144049,99.4872311846902
2018-08-03,NKE,80.03243009983895,80.6260489109168,79.34510519283891
2018-08-03,VZ,32.418784212990474,32.680429106608734,32.1540934628754
2018-08-03,WMT,28.76586849321316,28.959114111187866,28.54066626031039
2018-08-06,AAPL,48.5645873683295,48.90719762456505,48.26319344759852
2018-08-06,AMGN,137.69603513907046,138.7281118637866,136.36976694107682
2018-08-06,CRM,144.22462645073833,145.63159889510445,142.55418229813517
2018-08-06,CSCO,34.629707435591364,34.92133104005398,34.35364859027124
2018-08-06,IBM,93.01398662640491,93.63904799082248,92.53833447069343
2018-08-06,INTC,49.34053074629978,49.79342812498468,48.83738906962587
2018-08-06,MSFT,100.64818554260873,101.42862967368335,99.80160910933466
2018-08-06,NKE,80.30723998376486,80.91837948637739,79.64858903051412
2018-08-06,VZ,32.482259353901206,32.73690662931651,32.23715402111859
2018-08-06,WMT,28.810301549218956,29.027099238863926,28.61072728987256
2018-08-07,AAPL,48.43101051317611,48.72231467076424,48.11058835639349
2018-08-07,AMGN,137.96173564161694,138.82770853293496,136.4700457855895
2018-08-07,CRM,143.9442123671068,145.11581843145484,142.11021697238908
2018-08-07,CSCO,34.59129154331543,34.85889982854949,34.28178780536616
2018-08-07,IBM,92.97524180099332,93.51043258482433,92.41184482859373
2018-08-07,INTC,49.1814287525044,49.5896708900955,48.616720714576175
2018-08-07,MSFT,100.71563445886802,101.43807106254178,99.80861611988674
2018-08-07,NKE,80.35397871116065,80.91163273086741,79.66044653184599
2018-08-07,VZ,32.489777205519935,32.714139410891796,32.20420549099966
2018-08-07,WMT,28.808487566843585,28.99563046769554,28.598819312854868
2018-08-08,AAPL,48.48675086759208,48.791540364037274,48.16169181033716
2018-08-08,AMGN,138.27707737188726,139.14320773627472,136.82228886948891
2018-08-08,CRM,143.63965052955768,144.95188059738194,141.7995604627139
2018-08-08,CSCO,34.554394489112966,34.82809150437372,34.238627791409755
2018-08-08,IBM,92.90711447987857,93.44214546661081,92.35472782894756
2018-08-08,INTC,49.03690031059351,49.465838017677555,48.47137590850003
2018-08-08,MSFT,100.79926545192825,101.53598845806643,99.8644393105631
2018-08-08,NKE,80.44688114836643,81.02487595742386,79.72448874219528
2018-08-08,VZ,32.49542747799642,32.739666757926514,32.21875432490181
2018-08-08,WMT,28.838827821721516,29.0140499270332,28.613262651391317
2018-08-09,AAPL,48.51080548703441,48.862608321279055,48.22006082584178
2018-08-09,AMGN,138.9489862746246,139.98538665832544,137.63461764073523
2018-08-09,CRM,143.8162068723221,145.21635549458674,142.1601380869064
2018-08-09,CSCO,34.56722425215533,34.86742637436314,34.280889489626404
2018-08-09,IBM,92.94761356263207,93.57056708548494,92.47613566461621
2018-08-09,INTC,48.98933059836343,49.44744045719739,48.488732216109454
2018-08-09,MSFT,101.14821289897412,101.95214715149383,100.2878590848194
2018-08-09,NKE,80.72703454304234,81.34079211148808,80.06712614907453
2018-08-09,VZ,32.5691360161469,32.84157853748024,32.32639833523047
2018-08-09,WMT,28.905667030226006,29.124466799539565,28.69777183688757
2018-08-10,AAPL,48.58787587908636,48.925092223398906,48.28107166598239
2018-08-10,AMGN,139.3983153086044,140.43142178640403,138.10112690529596
2018-08-10,CRM,143.95580244436678,145.41586806174578,142.37677033409017
2018-08-10,CSCO,34.563921633887,34.86007015962494,34.279766964372634
2018-08-10,IBM,92.92792369083548,93.57015404532791,92.45940930614924
2018-08-10,INTC,48.918215264222184,49.35876714147243,48.39428989616071
2018-08-10,MSFT,101.41601721952952,102.21358202105489,100.54701905933312
2018-08-10,NKE,80.97019845861138,81.60269596484156,80.30877925782525
2018-08-10,VZ,32.617894259727876,32.87051726205748,32.37454185921253
2018-08-10,WMT,28.92504651799173,29.140423685254667,28.73607727656856
2018-08-13,AAPL,48.65255733712954,48.9949286235461,48.34778781456006
2018-08-13,AMGN,139.8230960497216,140.84537334038194,138.514646224436
2018-08-13,CRM,143.92872378120802,145.36216605552013,142.24669234017549
2018-08-13,CSCO,34.57469883128583,34.864243934455615,34.27677218233794
2018-08-13,IBM,92.9433602368046,93.54790305230307,92.43101424280722
2018-08-13,INTC,48.834330404035974,49.296219690891235,48.27301169488566
2018-08-13,MSFT,101.64493214735397,102.48359232914052,100.73882372733478
2018-08-13,NKE,81.11937222012277,81.78180572009586,80.45318555891193
2018-08-13,VZ,32.65133122413357,32.91266168734362,32.4019378356741
2018-08-13,WMT,28.96733259490438,29.161267290982455,28.761139388895494
2018-08-14,AAPL,48.837772557698294,49.2310392319311,48.58665751936286
2018-08-14,AMGN,140.5575583633457,141.7301286583646,139.360304898423
2018-08-14,CRM,144.17065154472002,145.845710363826,142.67593932844875
2018-08-14,CSCO,34.61034047664133,34.93573738490017,34.34159199299964
2018-08-14,IBM,93.0483837931611,93.73126760832571,92.61025139253577
2018-08-14,INTC,48.827397656776164,49.349989480119305,48.34828785099472
2018-08-14,MSFT,102.08725501510847,103.01499425516705,101.25696218336459
2018-08-14,NKE,81.4450263962919,82.15462496371818,80.8237730290432
2018-08-14,VZ,32.73403762346934,33.024781772987026,32.503805596346645
2018-08-14,WMT,29.06156704940143,29.280732088595347,28.865711236399992
2018-08-15,AAPL,48.9464305198932,49.25935638700247,48.585329265758375
2018-08-15,AMGN,140.88622629555795,141.8687709323655,139.52981833835818
2018-08-15,CRM,144.1917132246994,145.60905561178723,142.50178258009294
2018-08-15,CSCO,34.579956147949325,34.85761583284899,34.261922047622775
2018-08-15,IBM,92.91634757292144,93.5368571658404,92.39346618903676
2018-08-15,INTC,48.736372100678544,49.15050576187651,48.153821550708834
2018-08-15,MSFT,102.34357012670257,103.10810037016783,101.33597482268215
2018-08-15,NKE,81.61833402477808,82.23115501285524,80.88623638742641
2018-08-15,VZ,32.76616583093821,33.01291040832339,32.50964613502865
2018-08-15,WMT,29.063738067618615,29.266549142018786,28.84849042465093
2018-08-16,AAPL,49.05663416015196,49.39300433804781,48.71568838183803
2018-08-16,AMGN,141.31604701809317,142.37587254528705,140.0023593894756
2018-08-16,CRM,144.33671799402507,145.78826689489634,142.675729918846
2018-08-16,CSCO,34.61101724139588,34.891851297243555,34.30124568162588
2018-08-16,IBM,92.8823877588874,93.51346274971674,92.37335250556731
2018-08-16,INTC,48.70364885377561,49.134094626994106,48.11596055831251
2018-08-16,MSFT,102.6404320352587,103.45362829677624,101.67135600627367
2018-08-16,NKE,81.82317178987371,82.49330068366943,81.13113629868513
2018-08-16,VZ,32.803118400364696,33.058873719861715,32.55865789529358
2018-08-16,WMT,29.087962226966408,29.293230252267758,28.882674633980574
2018-08-17,AAPL,49.33573640765981,49.65354962447392,48.949046849946896
2018-08-17,AMGN,141.6814832237616,142.6657480868332,140.31970106615364
2018-08-17,CRM,144.2975346013945,145.8454466473094,142.54135133274704
2018-08-17,CSCO,34.60758414447511,34.88321667484001,34.27895133055655
2018-08-17,IBM,92.79941763221584,93.40146424540245,92.26368836354223
2018-08-17,INTC,48.66864311709377,49.09608577686814,48.055200242498415
2018-08-17,MSFT,102.86584656199128,103.63437333334052,101.84487758863291
2018-08-17,NKE,81.98242295740424,82.64259099450122,81.22021782022738
2018-08-17,VZ,32.82364407202664,33.08568622603805,32.5681202853134
2018-08-17,WMT,29.117809882361858,29.306445812138858,28.886658528504743
2018-08-20,AAPL,49.52144626259345,49.858844382261495,49.16117103847337
2018-08-20,AMGN,142.19344457186133,143.24844495153573,140.83758615863198
2018-08-20,CRM,144.44384306440224,145.9411290497638,142.8072772447142
2018-08-20,CSCO,34.61685846696667,34.89582443418966,34.30937053600911
2018-08-20,IBM,92.75648985828487,93.41278764566059,92.26182823561966
2018-08-20,INTC,48.669019482315946,49.09795746275634,48.101573101925446
2018-08-20,MSFT,103.19095196308177,103.963882006886,102.22132458426906
2018-08-20,NKE,82.21804220390766,82.87080066465126,81.48454150810551
2018-08-20,VZ,32.87690468325205,33.14142846269285,32.629234889229906
2018-08-20,WMT,29.144179203220414,29.360938238160482,28.929685908356397
2018-08-21,AAPL,49.57153649767693,49.866563004121026,49.183268330464955
2018-08-21,AMGN,142.40702622798264,143.342181176007,140.92639478131562
2018-08-21,CRM,144.33097531254543,145.67022963634912,142.4995575618054
2018-08-21,CSCO,34.59431824444452,34.847652784637226,34.26718603806652
2018-08-21,IBM,92.62721567590025,93.20055465032185,92.05831441233923
2018-08-21,INTC,48.55914058045968,48.94928315805765,47.95262433547692
2018-08-21,MSFT,103.31404137678605,104.0253431227072,102.27355386340666
2018-08-21,NKE,82.34411113029047,82.95163674180493,81.55912617923038
2018-08-21,VZ,32.88394356232089,33.11436622092244,32.61193259830929
2018-08-21,WMT,29.13256369161117,29.32171724404714,28.905437746470522
2018-08-22,AAPL,49.62600201173474,49.93620855051518,49.2506321010953
2018-08-22,AMGN,142.79747082644985,143.80341430727466,141.36585276976962
2018-08-22,CRM,144.3117369251024,145.72296001187448,142.45187629260758
2018-08-22,CSCO,34.60996851404284,34.875051833686534,34.28096503608273
2018-08-22,IBM,92.60947284087304,93.17414448526128,92.02689036498349
2018-08-22,INTC,48.48366121876787,48.90137770931947,47.875071075174795
2018-08-22,MSFT,103.52547578085702,104.30054081992515,102.50005920903983
2018-08-22,NKE,82.46745008878133,83.11394262781042,81.7078921308271
2018-08-22,VZ,32.91128083629788,33.15789414144708,32.64668932204819
2018-08-22,WMT,29.156254539299603,29.35160635367355,28.920812242497817
2018-08-23,AAPL,49.8306093141237,50.1456042025287,49.45539009683866
2018-08-23,AMGN,143.30403915588377,144.26441064002432,141.81387453980443
2018-08-23,CRM,144.22556870358807,145.67872237526342,142.42222785794692
2018-08-23,CSCO,34.60641707459802,34.87069452537993,34.2789517240789
2018-08-23,IBM,92.55681705443997,93.13844030210505,92.008550631553
2018-08-23,INTC,48.45756205860858,48.86321113434357,47.870972316316866
2018-08-23,MSFT,103.75083334582501,104.48128986573349,102.73266177898368
2018-08-23,NKE,82.65404067891734,83.26978665099107,81.87600695846376
2018-08-23,VZ,32.940996254839355,33.19494897771948,32.67186434092727
2018-08-23,WMT,29.189970330432555,29.3910431638225,28.95318923288741
2018-08-24,AAPL,49.925334911695955,50.236932560615905,49.54988457339681
2018-08-24,AMGN,143.78347087578643,144.7279530691034,142.24965297341532
2018-08-24,CRM,144.24617034983223,145.52250480268634,142.41107371892707
2018-08-24,CSCO,34.61429105609562,34.86539938497771,34.29415045957416
2018-08-24,IBM,92.50449609573917,93.07906451751397,91.96598001137174
2018-08-24,INTC,48.419785080014904,48.796397520778804,47.842547796431276
2018-08-24,MSFT,103.95066474402239,104.63624876704033,102.94249703586513
2018-08-24,NKE,82.86282036706436,83.44815149459458,82.09409585540088
2018-08-24,VZ,32.97196875283944,33.21522146658612,32.70443108020217
2018-08-24,WMT,29.21088620998657,29.417620831170026,28.982289461564577
2018-08-27,AAPL,50.077147263231815,50.41007077978311,49.71546230907884
2018-08-27,AMGN,144.2614098416548,145.35283986795835,142.8736936761714
2018-08-27,CRM,144.48356216447107,146.01992068290815,142.83021503928418
2018-08-27,CSCO,34.630737490988096,34.913847952948124,34.343935521561576
2018-08-27,IBM,92.58631522813023,93.21810688629768,92.09077763742195
2018-08-27,INTC,48.40676331235132,48.83589197547597,47.86252134740949
2018-08-27,MSFT,104.19883281109144,104.97590547177302,103.31533330628831
2018-08-27,NKE,83.12612643725839,83.79177765587546,82.40535923079253
2018-08-27,VZ,33.024317250003854,33.27336547836438,32.77748236804875
2018-08-27,WMT,29.230655966067776,29.451536661831547,29.029475646580885
2018-08-28,AAPL,50.22888827240558,50.570046083645316,49.898701070917895
2018-08-28,AMGN,144.80681444800248,145.89411895088693,143.41817190788052
2018-08-28,CRM,144.58730084140066,146.15154987594397,142.8850676242937
2018-08-28,CSCO,34.64389497591038,34.93759529305871,34.35019790028555
2018-08-28,IBM,92.67600107341246,93.28415332432989,92.15725597777039
2018-08-28,INTC,48.36493434524138,48.82312756717209,47.83824982983532
2018-08-28,MSFT,104.47323767764587,105.29654713140981,103.57640499031798
2018-08-28,NKE,83.33713388791088,84.00685022443106,82.61801952653907
2018-08-28,VZ,33.07895995823504,33.342393269106765,32.82431966211444
2018-08-28,WMT,29.277038472313347,29.490607885969393,29.060961313847606
2018-08-29,AAPL,50.31876451744394,50.65690301087782,49.99220369026745
2018-08-29,AMGN,145.48221856225425,146.5176631768184,144.00240501783375
2018-08-29,CRM,144.65649726734603,146.09709473071672,142.94330992588908
2018-08-29,CSCO,34.65770339404858,34.94249492369661,34.36154578757285
2018-08-29,IBM,92.73002647862998,93.32575528759155,92.22683574534933
2018-08-29,INTC,48.34078568236629,48.760428957532135,47.826812700962144
2018-08-29,MSFT,104.74430287839915,105.51039492186932,103.84518118157915
2018-08-29,NKE,83.61741399789157,84.2320249288564,82.89426054820628
2018-08-29,VZ,33.13902925958679,33.39713458595636,32.87763927690729
2018-08-29,WMT,29.323739353171497,29.545391069328687,29.108391214774716
2018-08-30,AAPL,50.357043989990345,50.71348970178318,50.04946512423943
2018-08-30,AMGN,146.17016639243136,147.27161489968782,144.75543883679626
2018-08-30,CRM,144.88975520012193,146.33053120375703,143.22955777557635
2018-08-30,CSCO,34.68519644126467,34.980781735148064,34.40776519784177
2018-08-30,IBM,92.83124129817007,93.44694140875049,92.36016267115625
2018-08-30,INTC,48.31687553181102,48.74841151126469,47.822839564101045
2018-08-30,MSFT,105.05772022290898,105.87198524755955,104.2014473697464
2018-08-30,NKE,83.9490178147189,84.58953386751347,83.28076005858838
2018-08-30,VZ,33.20849313289894,33.4644594077504,32.95818533898518
2018-08-30,WMT,29.37845444877433,29.605499760971195,29.181224871138465
2018-08-31,AAPL,50.63646352918794,50.9624369100118,50.23514191213962
2018-08-31,AMGN,146.60806990658284,147.4771994231756,145.39906856329125
2018-08-31,CRM,145.77024900285446,147.08039076874906,144.0603055246783
2018-08-31,CSCO,34.83628783609554,35.09421578356453,34.56096611981927
2018-08-31,IBM,92.9750077398357,93.51371534862348,92.51293553451475
2018-08-31,INTC,48.308524958909295,48.73140063792617,47.84167838228224
2018-08-31,MSFT,105.52698994156067,106.21198621928332,104.72698933251426
2018-08-31,NKE,84.153629398115,84.8959211192397,83.60300709746467
2018-08-31,VZ,33.26966775520873,33.506018474926655,33.04138751122386
2018-08-31,WMT,29.47027047857319,29.70722264091346,29.289965905484355
2018-09-04,AAPL,50.82906990169827,51.13254700129978,50.44466884052782
2018-09-04,AMGN,147.05710751724592,147.86428713277994,145.73992882164055
2018-09-04,CRM,146.51407417174406,147.7594591082908,144.8798799958431
2018-09-04,CSCO,34.97771031249442,35.24447300220227,34.67176369749927
2018-09-04,IBM,93.23937677566569,93.70421099259494,92.70616168507972
2018-09-04,INTC,48.30316321716326,48.69801164219455,47.807750397106204
2018-09-04,MSFT,105.84734430408692,106.49572739921251,105.03415548836513
2018-09-04,NKE,84.33451082461198,84.98692104643072,83.74049577728083
2018-09-04,VZ,33.35140653259761,33.5751885897427,33.09280846513462
2018-09-04,WMT,29.55750644504923,29.788027561596223,29.369981206019922
2018-09-05,AAPL,51.00988476552582,51.34470342317599,50.63256708171427
2018-09-05,AMGN,147.4687670359752,148.25739290354255,146.18259623789152
2018-09-05,CRM,147.09765881431508,148.4382931994966,145.4550620292733
2018-09-05,CSCO,35.10108654185139,35.366909942396006,34.81769574996321
2018-09-05,IBM,93.38480863490493,93.91005594605642,92.882389142835
2018-09-05,INTC,48.29754379706643,48.701181827667185,47.81311916230068
2018-09-05,MSFT,106.16963180328904,106.85266956972075,105.39409296142267
2018-09-05,NKE,84.5672499141525,85.21876753488907,83.9743496422394
2018-09-05,VZ,33.433934946939075,33.66139464684569,33.17577831932902
2018-09-05,WMT,29.66337109494909,29.878427007064143,29.470931112190016
2018-09-06,AAPL,51.14195794837165,51.42570622626269,50.71139846765551
2018-09-06,AMGN,147.65324401825242,148.3194140083745,146.24848922150852
2018-09-06,CRM,147.5828641931707,148.74613043045287,145.75385294399177
2018-09-06,CSCO,35.186898168741656,35.42117957103746,34.88282062106938
2018-09-06,IBM,93.33928253699554,93.8375120148067,92.82473283837605
2018-09-06,INTC,48.205816685727385,48.57749987659443,47.68335789381588
2018-09-06,MSFT,106.42233105551422,107.03398675243257,105.54566039390465
2018-09-06,NKE,84.80329585092159,85.40729623986938,84.15289397434582
2018-09-06,VZ,33.45185621001482,33.67333949693394,33.19079419246379
2018-09-06,WMT,29.716355093962164,29.92339937737027,29.506374404332863
2018-09-07,AAPL,51.29933888571963,51.605260546966846,50.890220520842576
2018-09-07,AMGN,147.89682379767405,148.62503322338657,146.52750996350449
2018-09-07,CRM,147.98044312337655,149.19154988025488,146.22975423885381
2018-09-07,CSCO,35.27594973791166,35.534449368907225,34.9738482799533
2018-09-07,IBM,93.35163058014419,93.84013815813697,92.84364425610445
2018-09-07,INTC,48.07756906336845,48.47899298106775,47.59504930841654
2018-09-07,MSFT,106.63950440849534,107.27387443904541,105.77868790134292
2018-09-07,NKE,84.85479984221595,85.51593664130067,84.24504602716445
2018-09-07,VZ,33.49208488459673,33.710390335973074,33.23303110456286
2018-09-07,WMT,29.79415243391076,30.00820078200167,29.591118369095085
2018-09-10,AAPL,51.48947545435684,51.84112903211503,51.1254306436794
2018-09-10,AMGN,148.2530348377525,149.07569693323148,147.01812386083571
2018-09-10,CRM,148.5127968010492,149.92068405418848,146.9352449636949
2018-09-10,CSCO,35.38732909163298,35.684574900615104,35.10559529217992
2018-09-10,IBM,93.50235892469811,94.0249813888013,93.02119772593787
2018-09-10,INTC,48.02138884057643,48.45613392404147,47.55915137927566
2018-09-10,MSFT,106.9206949562499,107.63541382304086,106.15378557587091
2018-09-10,NKE,84.97570273399887,85.65687931330332,84.40616807923531
2018-09-10,VZ,33.58757670289302,33.812964485708385,33.33131623745921
2018-09-10,WMT,29.90176408654805,30.125044374022682,29.712428577773345
2018-09-11,AAPL,51.669735376733065,52.024990063020134,51.29105212125646
2018-09-11,AMGN,148.64170010703342,149.45813149969467,147.3930929969524
2018-09-11,CRM,149.02514495198764,150.44557227627854,147.37252617176827
2018-09-11,CSCO,35.50842967052454,35.78278179276173,35.23464589080531
2018-09-11,IBM,93.55519772321468,94.11934010142909,93.07748463573562
2018-09-11,INTC,47.98218638763344,48.40640090601855,47.507821189282645
2018-09-11,MSFT,107.2440961807746,107.97644689420542,106.46161927773527
2018-09-11,NKE,85.26062857331594,85.9387131777856,84.64786682655992
2018-09-11,VZ,33.66097349662425,33.897751705412425,33.40725614417008
2018-09-11,WMT,30.011934289483868,30.230758402067707,29.812160826839374
2018-09-12,AAPL,51.85023998829106,52.187333943014046,51.45435284875559
2018-09-12,AMGN,148.90716268802174,149.74138091564436,147.6393085130652
2018-09-12,CRM,149.51476324747782,150.92641675350362,147.81921883510978
2018-09-12,CSCO,35.60518266006168,35.885629992505265,35.323841430723895
2018-09-12,IBM,93.56895380901011,94.12677919274287,93.10231934582123
2018-09-12,INTC,47.8677160043731,48.310439634418174,47.3963514354466
2018-09-12,MSFT,107.53418831323917,108.26923466423335,106.69778367406671
2018-09-12,NKE,85.4236828880171,86.11091370350856,84.83248756759501
2018-09-12,VZ,33.723598729021596,33.95638670797076,33.46891475584163
2018-09-12,WMT,30.10646034437105,30.335397552246853,29.90576666068168
2018-09-13,AAPL,52.08172800533113,52.487309332439345,51.75474539397544
2018-09-13,AMGN,149.48602584441065,150.4805227468328,148.33651620789973
2018-09-13,CRM,150.21662482233893,151.83976881054036,148.7702943574013
2018-09-13,CSCO,35.73812104997648,36.06270358538473,35.480665900552445
2018-09-13,IBM,93.79738640966211,94.39003799676777,93.36836065116896
2018-09-13,INTC,47.83421780955286,48.32495235438913,47.414579516966036
2018-09-13,MSFT,107.90568895771634,108.74275697559312,107.18648164504123
2018-09-13,NKE,85.73741592702125,86.484092971112,85.20109602869734
2018-09-13,VZ,33.8569607648771,34.10173725249621,33.61333461605751
2018-09-13,WMT,30.24371103237003,30.49542621201315,30.061237577083133
2018-09-14,AAPL,52.15829987028313,52.50512923689987,51.7544278899373
2018-09-14,AMGN,149.53675255545892,150.30084338832202,148.2064218299788
2018-09-14,CRM,150.3311561074949,151.75542533169255,148.570563293108
2018-09-14,CSCO,35.78063398501183,36.05483295873594,35.493966521671545
2018-09-14,IBM,93.74164401650495,94.26685532586887,93.22615945797045
2018-09-14,INTC,47.67972988381768,48.10647539044015,47.177233378600405
2018-09-14,MSFT,107.97747867887102,108.70172596320525,107.11705180300743
2018-09-14,NKE,85.91679210596413,86.56377970249538,85.22474289489887
2018-09-14,VZ,33.92457543779008,34.13836319511168,33.630871504513145
2018-09-14,WMT,30.322138555086912,30.52422394560981,30.098821016670712
2018-09-17,AAPL,52.34408416441995,52.71544254675119,51.94740536648618
2018-09-17,AMGN,149.79559406123218,150.70042525743628,148.58387127047772
2018-09-17,CRM,150.83364929971987,152.35063344865705,149.10187695772416
2018-09-17,CSCO,35.88203692632206,36.164759713296675,35.61495855024323
2018-09-17,IBM,93.76261181201609,94.34315020117936,93.29616301789905
2018-09-17,INTC,47.58840554373163,48.04451031937208,47.121150929919345
2018-09-17,MSFT,108.27243112237846,109.05816451705648,107.44782339009076
2018-09-17,NKE,86.1784173405003,86.91538493570707,85.54988280521339
2018-09-17,VZ,34.000055906130996,34.236394684928435,33.741049762032304
2018-09-17,WMT,30.42263137916602,30.65245658940643,30.21668673578523
2018-09-18,AAPL,52.550218059451105,52.92075233347769,52.12971938995551
2018-09-18,AMGN,150.05135491603693,150.91255598111704,148.77177326567394
2018-09-18,CRM,151.14514590309867,152.5881116144262,149.34832782886275
2018-09-18,CSCO,35.95454284035055,36.23586649210888,35.673947864802166
2018-09-18,IBM,93.78080562675,94.32295839304692,93.29555255791165
2018-09-18,INTC,47.44704006626875,47.896559544916954,46.99394915563267
2018-09-18,MSFT,108.48535402533349,109.2214605655154,107.63215215346173
2018-09-18,NKE,86.25267213346419,87.02999833665596,85.63099876426102
2018-09-18,VZ,34.07924554366387,34.29434704181355,33.80578020711086
2018-09-18,WMT,30.512827040441387,30.741818625919834,30.3077848696457
2018-09-19,AAPL,52.73651737374542,53.11502406342505,52.32318971941371
2018-09-19,AMGN,150.34850230716998,151.21063045397307,149.09126810066897
2018-09-19,CRM,151.52363216531555,153.04039829361517,149.76528661309632
2018-09-19,CSCO,36.03337213851403,36.32728496684038,35.7536881338097
2018-09-19,IBM,93.89292395449083,94.43898712795428,93.37610665667053
2018-09-19,INTC,47.36820035395152,47.8140559093729,46.893582666552334
2018-09-19,MSFT,108.71187831973414,109.47432597982677,107.89697825570113
2018-09-19,NKE,86.43317479854836,87.17278178427851,85.79334405678915
2018-09-19,VZ,34.18614351923843,34.397472117155154,33.899656639703025
2018-09-19,WMT,30.599231106569125,30.831359636318062,30.393717130282838
2018-09-20,AAPL,52.86546229012433,53.20153641308255,52.422468724587425
2018-09-20,AMGN,150.5307367162234,151.30483904702515,149.15632514539953
2018-09-20,CRM,151.82088385091507,153.15406205065477,149.89256224634775
2018-09-20,CSCO,36.10766287797154,36.35123740855688,35.81084791530311
2018-09-20,IBM,93.87998017674492,94.38961027305528,93.33124464316967
2018-09-20,INTC,47.267377965526926,47.662506757064364,46.75944016218088
2018-09-20,MSFT,108.87800819844843,109.56199556949616,107.98733812064553
2018-09-20,NKE,86.65791608407575,87.34417704207524,85.9422429465852
2018-09-20,VZ,34.238973881583405,34.45151695485217,33.94993846255991
2018-09-20,WMT,30.665743062687763,30.879374416129455,30.440142989583077
2018-09-21,AAPL,53.058829358949716,53.39920543578367,52.62970077351479
2018-09-21,AMGN,150.79094173648699,151.62306984802885,149.4643728461448
2018-09-21,CRM,152.3434219497552,153.72155681914376,150.49358298017896
2018-09-21,CSCO,36.19311848280933,36.45385058987855,35.9001647493112
2018-09-21,IBM,93.91547808136255,94.43436564254826,93.4167278212899
2018-09-21,INTC,47.17102215933737,47.58469089971009,46.68218774841025
2018-09-21,MSFT,109.1284665162835,109.8282667125547,108.24399578202855
2018-09-21,NKE,86.91882325031474,87.63769941550467,86.25194093816076
2018-09-21,VZ,34.30431645807033,34.52400921291598,34.03159641877334
2018-09-21,WMT,30.733734984110246,30.967022879974568,30.520643059819857
2018-09-24,AAPL,53.24562924292612,53.59859026344474,52.80650956219394
2018-09-24,AMGN,151.0656506143441,151.90118057253292,149.72278131034884
2018-09-24,CRM,152.86560111614742,154.2286695466472,150.9958130484376
2018-09-24,CSCO,36.27435938301737,36.54577579165767,35.97450289468158
2018-09-24,IBM,94.0334001710945,94.52187215811234,93.50459241510534
2018-09-24,INTC,47.08827339661959,47.501083986691555,46.606052587654034
2018-09-24,MSFT,109.34881943148058,110.04183405978708,108.47157150037478
2018-09-24,NKE,87.11357545613966,87.85638259197736,86.4407574208896
2018-09-24,VZ,34.383000262346016,34.59408061072305,34.10013123489737
2018-09-24,WMT,30.795117854763983,31.026934736374177,30.586603246910336
2018-09-25,AAPL,53.43278854738844,53.771560828863265,52.98412631893747
2018-09-25,AMGN,151.3047377030779,152.12210980482013,149.9744194584133
2018-09-25,CRM,153.44127279611243,154.77914783507399,151.52661827095812
2018-09-25,CSCO,36.384067177037565,36.64402424910337,36.081047443097475
2018-09-25,IBM,94.15918789002977,94.6481948687139,93.60785468407312
2018-09-25,INTC,47.0455074970961,47.43558302896197,46.549465942342195
2018-09-25,MSFT,109.61466233856484,110.29421114112458,108.74422379478621
2018-09-25,NKE,87.27610997906272,88.00204884961067,86.60140130505225
2018-09-25,VZ,34.44934869973144,34.66754294151128,34.169679708513385
2018-09-25,WMT,30.864411692795,31.087234252030086,30.656032177102848
2018-09-26,AAPL,53.70311016642452,54.07368684980965,53.26651568846265
2018-09-26,AMGN,151.8738873396459,152.71504637680331,150.56352277968205
2018-09-26,CRM,154.13925096228218,155.55196360261027,152.25465196087478
2018-09-26,CSCO,36.519818695969256,36.7720499621319,36.236968597382926
2018-09-26,IBM,94.28004806014903,94.84781211521202,93.78178307166847
2018-09-26,INTC,47.06556097500694,47.467309453838915,46.60250248491042
2018-09-26,MSFT,110.05723713200665,110.76694262388683,109.24783807879655
2018-09-26,NKE,87.56514792932634,88.32647608594709,86.9563601719921
2018-09-26,VZ,34.53458515673875,34.76191719949982,34.27366151076055
2018-09-26,WMT,30.962990300978987,31.20183840467635,30.764834186753482
2018-09-27,AAPL,53.96691746439491,54.33899612002452,53.55845446562987
2018-09-27,AMGN,152.4414591022368,153.30747649016809,151.13727769336006
2018-09-27,CRM,154.84127396140573,156.27964291429493,153.07937554462407
2018-09-27,CSCO,36.64497967753855,36.922186266518615,36.35583372783144
2018-09-27,IBM,94.43948353835088,94.98744324799159,93.95712437347801
2018-09-27,INTC,47.0476259687108,47.4633794680891,46.59322648337741
2018-09-27,MSFT,110.4370269251458,111.16002551713245,109.6324167367801
2018-09-27,NKE,87.87629818329842,88.6291048715489,87.27597038976405
2018-09-27,VZ,34.633179034409075,34.86012823696063,34.37232934589456
2018-09-27,WMT,31.05968929240293,31.30928839027462,30.863087474360192
2018-09-28,AAPL,54.195003214198714,54.54848245629183,53.77324107120733
2018-09-28,AMGN,152.927640468762,153.7496974699034,151.5796932062381
2018-09-28,CRM,155.5924486865323,156.9434785469698,153.78041015801338
2018-09-28,CSCO,36.77627197412869,37.050182044099884,36.473286389755756
2018-09-28,IBM,94.61918933948327,95.1212839331957,94.09964405201099
2018-09-28,INTC,47.04718160602908,47.43759738823487,46.57418893352491
2018-09-28,MSFT,110.79704352030706,111.4768533111281,109.96907566255503
2018-09-28,NKE,88.13739256432721,88.85294600283855,87.50514915248668
2018-09-28,VZ,34.71489882007032,34.94112476838958,34.45189353266151
2018-09-28,WMT,31.14350821203671,31.38087153202605,30.94289413180856
2018-10-01,AAPL,54.43583390935827,54.80439900662625,54.02860421348041
2018-10-01,AMGN,153.44704546278712,154.33004237848772,152.1523582620713
2018-10-01,CRM,156.49410707124923,157.90900063749754,154.70562162097204
2018-10-01,CSCO,36.93774868383724,37.20560190184428,36.65077522417358
2018-10-01,IBM,94.77967435430813,95.3281847931903,94.30163414717038
2018-10-01,INTC,47.082760601741654,47.479593731150636,46.62394843672228
2018-10-01,MSFT,111.25571129674594,111.98048818982444,110.45272615627321
2018-10-01,NKE,88.49770930230427,89.22866630495595,87.88533496765892
2018-10-01,VZ,34.7875569875645,35.03938001979929,34.543874441090104
2018-10-01,WMT,31.25195691201724,31.486323253116,31.056400552923336
2018-10-02,AAPL,54.569648454513064,55.02812279385297,54.106630968522374
2018-10-02,AMGN,153.81563826199093,154.77863442340313,152.4459747137969
2018-10-02,CRM,156.98901886615175,158.3452474161464,155.06370048649381
2018-10-02,CSCO,37.0315772255498,37.29150402590954,36.72666026978339
2018-10-02,IBM,94.89582931367691,95.48015708925983,94.41576514169451
2018-10-02,INTC,47.124882743979335,47.49095265955489,46.643760433093206
2018-10-02,MSFT,111.47980185715336,112.20911689402108,110.56525860278254
2018-10-02,NKE,88.69673611058877,89.27160361585587,87.99129487315224
2018-10-02,VZ,34.807750517839985,35.05576390423241,34.57974903163776
2018-10-02,WMT,31.27509141862753,31.497358113647543,31.116459691321662
2018-10-03,AAPL,54.847776429061504,55.3220977176999,54.39606402570877
2018-10-03,AMGN,154.51423810471474,155.599099991193,153.19555386390383
2018-10-03,CRM,157.88027401357712,159.4129736186575,156.01562186162184
2018-10-03,CSCO,37.17726787260507,37.47571371113887,36.88245146234555
2018-10-03,IBM,95.09882360850303,95.74382538374476,94.71272221189214
2018-10-03,INTC,47.296038562711075,47.68087903260468,46.831617230708666
2018-10-03,MSFT,111.91901347098516,112.72375244780132,111.02958193523021
2018-10-03,NKE,89.0622076640584,89.68623937348316,88.44140767529518
2018-10-03,VZ,34.84120923476088,35.12390211358874,34.652974715036336
2018-10-03,WMT,31.323858475908064,31.581108350461026,31.186950084848604
2018-10-04,AAPL,55.03477322326753,55.50845124673639,54.58252812749431
2018-10-04,AMGN,154.98409556697982,156.03318686044193,153.72056618448713
2018-10-04,CRM,158.44807706841334,159.93574089780628,156.58748121014926
2018-10-04,CSCO,37.31079296412232,37.580608515908196,37.0122928036166
2018-10-04,IBM,95.35486828347051,95.94230466513012,94.87062174422884
2018-10-04,INTC,47.35245528149918,47.74881821391495,46.88775360418543
2018-10-04,MSFT,112.28904488138154,113.05156704252482,111.38197495932421
2018-10-04,NKE,89.35662931753042,89.98515486575349,88.68421196025915
2018-10-04,VZ,34.8921314573164,35.144503773145466,34.68179534685323
2018-10-04,WMT,31.373707290488248,31.603185276632676,31.21630724266898
2018-10-05,AAPL,55.14886827715121,55.6062515383359,54.688163831414606
2018-10-05,AMGN,155.25329936081243,156.24251586561306,153.93513394162235
2018-10-05,CRM,158.9193649455148,160.24056364789726,157.00612854021577
2018-10-05,CSCO,37.41406255529853,37.66499324377904,37.10609915835977
2018-10-05,IBM,95.52623081837953,96.07946697421774,95.00527588856028
2018-10-05,INTC,47.35252855280846,47.7294494144744,46.882181084792165
2018-10-05,MSFT,112.54037533529319,113.2396589877392,111.61356928458454
2018-10-05,NKE,89.5404798440233,90.12554323764543,88.83782724562495
2018-10-05,VZ,34.918954522771635,35.15454061017557,34.686100103398864
2018-10-05,WMT,31.395089220957693,31.606362094930766,31.230034285916492
2018-10-08,AAPL,55.27301806374955,55.68846518103546,54.77703409064288
2018-10-08,AMGN,155.54641849713454,156.42861081947734,154.08110618426701
2018-10-08,CRM,159.35034413440104,160.6083838538881,157.29360437654978
2018-10-08,CSCO,37.48892595137342,37.7539150178979,37.16949059205462
2018-10-08,IBM,95.57068214185911,96.13207878468296,95.08830502788757
2018-10-08,INTC,47.39879707112831,47.74421919088983,46.9006351560175
2018-10-08,MSFT,112.73073196627304,113.42848121156452,111.74527895655224
2018-10-08,NKE,89.69858265471338,90.2284456196183,88.96777575399864
2018-10-08,VZ,34.90244168083721,35.150354468661924,34.662210327421775
2018-10-08,WMT,31.399493091978577,31.624175995068775,31.232441648140217
2018-10-09,AAPL,55.475428011085384,55.95299465941633,55.022064316460806
2018-10-09,AMGN,156.08052922048083,157.13013745851956,154.78110020599127
2018-10-09,CRM,160.0166728271367,161.5196543427029,158.16081675807678
2018-10-09,CSCO,37.62667379031937,37.914645649889884,37.32978062248223
2018-10-09,IBM,95.78750660656233,96.39981796333292,95.34358313433965
2018-10-09,INTC,47.492447734327925,47.88460084950277,47.02227329425586
2018-10-09,MSFT,113.10705813585606,113.90183238945538,112.20901386365723
2018-10-09,NKE,89.995729507617,90.61775351727796,89.34063627863165
2018-10-09,VZ,34.94314554369647,35.2078766614513,34.73523586944133
2018-10-09,WMT,31.455555131997166,31.696219221709185,31.304949289668368
2018-10-10,AAPL,55.60700896736788,56.08148031559599,55.15298657338311
2018-10-10,AMGN,156.45413401031226,157.4503912735347,155.1513967775006
2018-10-10,CRM,160.51686067295543,161.9432975718806,158.66420789361877
2018-10-10,CSCO,37.75372588635897,38.025072272499784,37.455140883545425
2018-10-10,IBM,96.00255171388447,96.58829204082276,95.50468338525693
2018-10-10,INTC,47.52180046323653,47.914934024781495,47.05408213351247
2018-10-10,MSFT,113.41404384176124,114.19234122890192,112.51030664017685
2018-10-10,NKE,90.23527662266122,90.83424944243473,89.5271272381637
2018-10-10,VZ,34.987715674853014,35.23599152275609,34.75838838181368
2018-10-10,WMT,31.509744966879925,31.738091274673806,31.349791000824407
2018-10-11,AAPL,55.85447811861654,56.35993831092876,55.43181183920364
2018-10-11,AMGN,157.176614720531,158.30429200212373,155.93129983984252
2018-10-11,CRM,161.28173626780625,163.0069168997881,159.5605130400354
2018-10-11,CSCO,37.92222053940715,38.240574828681325,37.652669892120855
2018-10-11,IBM,96.19973371837291,96.8988402855331,95.83434636393677
2018-10-11,INTC,47.70064184495098,48.11977169839104,47.25097977354274
2018-10-11,MSFT,113.7967637259676,114.74176504221384,112.9885051642003
2018-10-11,NKE,90.60536394515957,91.24852837991124,89.92752017511411
2018-10-11,VZ,35.04706034596717,35.34436697812767,34.83695585834071
2018-10-11,WMT,31.5950397557266,31.86453196235364,31.45849066047758
2018-10-12,AAPL,56.03776501844952,56.51491766522416,55.566633309290054
2018-10-12,AMGN,157.72275185945338,158.72946889429525,156.33619845418235
2018-10-12,CRM,161.88576419078177,163.41291944553254,159.9850712470044
2018-10-12,CSCO,38.05330138378846,38.3446989808216,37.75300717929564
2018-10-12,IBM,96.33615726339383,96.9714326891061,95.90646869983048
2018-10-12,INTC,47.809718382466684,48.197215432257956,47.325344961576405
2018-10-12,MSFT,114.10318712672336,114.93864335370053,113.18895487437027
2018-10-12,NKE,90.87668290566499,91.48863881254395,90.1731533971787
2018-10-12,VZ,35.07560145983131,35.349669808511116,34.855170710602636
2018-10-12,WMT,31.653047773537754,31.89944629499022,31.50117190636853
2018-10-15,AAPL,56.21200132307554,56.69081058433196,55.76151988907084
2018-10-15,AMGN,158.18195163972612,159.2430378945906,156.90380539994354
2018-10-15,CRM,162.32068785792387,163.91735406467964,160.47965993695337
2018-10-15,CSCO,38.18316778869021,38.46808463549298,37.89420647704248
2018-10-15,IBM,96.5333135559815,97.14874413492164,96.06982674232096
2018-10-15,INTC,47.87343829375444,48.28678604949844,47.40506402537071
2018-10-15,MSFT,114.40994943246302,115.2378606827329,113.51434138196389
2018-10-15,NKE,91.12191642411793,91.76883449703361,90.40525369360115
2018-10-15,VZ,35.121874211102465,35.38650809607545,34.89155982944301
2018-10-15,WMT,31.711032166709703,31.94985625065314,31.553450346131857
2018-10-16,AAPL,56.42915105059453,56.90421812167426,55.97759999227131
2018-10-16,AMGN,158.66766860952188,159.74773668627995,157.385969883243
2018-10-16,CRM,162.80813929275624,164.4258712553665,160.9676890920415
2018-10-16,CSCO,38.31611686322575,38.602404643763855,38.0230061868975
2018-10-16,IBM,96.74674790573648,97.35998490805979,96.28042876975049
2018-10-16,INTC,47.91362977407113,48.333755846827636,47.43592838451177
2018-10-16,MSFT,114.7428448820458,115.55241551792986,113.83831253325656
2018-10-16,NKE,91.3614937373773,92.03650784977498,90.65068491666283
2018-10-16,VZ,35.17809825062542,35.439782258226785,34.94661543753579
2018-10-16,WMT,31.767504714925877,32.004919585054004,31.613507804236804
2018-10-17,AAPL,56.59291542333222,57.04878449809871,56.102017933493784
2018-10-17,AMGN,159.0735968359031,160.0439930990643,157.63541652323048
2018-10-17,CRM,163.09412435453126,164.63551725771336,161.12434904263515
2018-10-17,CSCO,38.40560104488732,38.68410408510111,38.09560421343559
2018-10-17,IBM,96.84250407245074,97.44011078992388,96.36265092134732
2018-10-17,INTC,47.91597660054695,48.30483617658922,47.40032316599378
2018-10-17,MSFT,114.96753546762066,115.74330022057887,113.99979808713739
2018-10-17,NKE,91.51017834967075,92.15021087383933,90.7599351045788
2018-10-17,VZ,35.20728061474877,35.4609572136602,34.96545953776828
2018-10-17,WMT,31.811152330336927,32.03803198153444,31.646050545650123
2018-10-18,AAPL,56.83012174514764,57.30918975764083,56.35299384739706
2018-10-18,AMGN,159.6619877620687,160.74513603442796,158.30558883619565
2018-10-18,CRM,163.5685134668947,165.25625705235458,161.6334661525494
2018-10-18,CSCO,38.53511937664583,38.82459203161585,38.22877858602432
2018-10-18,IBM,97.02649390664622,97.66753853294055,96.57862517630893
2018-10-18,INTC,48.018521099579715,48.41590496528618,47.525982986434634
2018-10-18,MSFT,115.29394775658824,116.13209760194852,114.36780953060519
2018-10-18,NKE,91.80112790420215,92.45517219114136,91.06387625013653
2018-10-18,VZ,35.254360310589604,35.529891325615566,35.0361043044973
2018-10-18,WMT,31.861830458467928,32.109074292155924,31.7055474823659
2018-10-19,AAPL,57.06361565242906,57.54914443398149,56.59820282948243
2018-10-19,AMGN,160.19607644166413,161.31699297549122,158.86709055729523
2018-10-19,CRM,164.06283521095685,165.72058213647946,162.14188584750707
2018-10-19,CSCO,38.659186885174,38.940516529167546,38.35892822835495
2018-10-19,IBM,97.22822966647092,97.84924866415112,96.7556123165779
2018-10-19,INTC,48.04873046703397,48.46821086613842,47.570295436379865
2018-10-19,MSFT,115.62802441896191,116.42635302458639,114.692385720294
2018-10-19,NKE,92.04243120630152,92.73609992224979,91.31857595127266
2018-10-19,VZ,35.30777357422207,35.5711716845123,35.08191364019197
2018-10-19,WMT,31.90620879155405,32.14171820233991,31.751654804787552
2018-10-22,AAPL,57.35218371166424,57.88733750821362,56.91165757687204
2018-10-22,AMGN,161.00096531458723,162.1924105683566,159.7216084706344
2018-10-22,CRM,164.75443506244926,166.6565415109634,162.95572529845646
2018-10-22,CSCO,38.82883656801888,39.14387940199141,38.54485742962379
2018-10-22,IBM,97.47208822144529,98.17157335012604,97.0669122177981
2018-10-22,INTC,48.197486899645234,48.6290189614089,47.7367192659747
2018-10-22,MSFT,116.02760183181098,116.99642416372072,115.18333507930208
2018-10-22,NKE,92.4213557602354,93.12371536712277,91.70929767084216
2018-10-22,VZ,35.384720379458926,35.68297175220896,35.179257613206715
2018-10-22,WMT,31.98553626546087,32.24701990470235,31.845029905430906
2018-10-23,AAPL,57.620005307917744,58.12330791103274,57.159741449561295
2018-10-23,AMGN,161.59992495657647,162.76354444289478,160.28082944174133
2018-10-23,CRM,165.43236150620453,167.1078042323339,163.59526455296506
2018-10-23,CSCO,38.97699256818812,39.27178790998677,38.68234242790438
2018-10-23,IBM,97.69999438408801,98.3482866726033,97.25578269280335
2018-10-23,INTC,48.262171994464076,48.68814499946505,47.78542385806087
2018-10-23,MSFT,116.43018398033284,117.24562805191255,115.52722774448215
2018-10-23,NKE,92.67470035925562,93.4017904535344,91.99736517061767
2018-10-23,VZ,35.44874733911814,35.71994643270226,35.23213394606531
2018-10-23,WMT,32.05642547834489,32.30077695314795,31.91309984092513
2018-10-24,AAPL,57.898328230929565,58.36996883393299,57.39661100029297
2018-10-24,AMGN,162.2141947151736,163.30213132922245,160.75429777164072
2018-10-24,CRM,166.00869126008863,167.6333567122575,163.8952068514103
2018-10-24,CSCO,39.079683442590785,39.3699771238855,38.75193022826197
2018-10-24,IBM,97.8544650194307,98.48133376221197,97.39517973669614
2018-10-24,INTC,48.356803704966396,48.736635549510076,47.84613631093002
2018-10-24,MSFT,116.76740961938175,117.53341195514447,115.76837761172591
2018-10-24,NKE,92.94899659358951,93.61050776125042,92.22456317791004
2018-10-24,VZ,35.47380336033693,35.744867327101254,35.263888482442844
2018-10-24,WMT,32.070868357396776,32.31503720626761,31.915832084949667
2018-10-25,AAPL,58.09775311994613,58.59589063700923,57.611737067436515
2018-10-25,AMGN,162.6731746874586,163.76534723715608,161.30448284384042
2018-10-25,CRM,166.45206671485653,168.06348843651227,164.4292034451818
2018-10-25,CSCO,39.19619667141835,39.4646259225348,38.87221147581597
2018-10-25,IBM,98.10768099076597,98.69318545705372,97.56528645326901
2018-10-25,INTC,48.35093709283064,48.752354716572064,47.8626993645919
2018-10-25,MSFT,117.10072065011371,117.87571118608724,116.12459885773372
2018-10-25,NKE,93.21457149551611,93.87887874211872,92.45956631082582
2018-10-25,VZ,35.53358112586696,35.77918553060349,35.3110373885226
2018-10-25,WMT,32.102153471852844,32.32153152218224,31.934309148764857
2018-10-26,AAPL,58.24058562870138,58.693985579868,57.72414870887065
2018-10-26,AMGN,162.99227460288682,164.00478604658588,161.5165775251288
2018-10-26,CRM,166.68570585745078,168.17583254613876,164.57022410617378
2018-10-26,CSCO,39.266507419123606,39.530654542859025,38.93745662183215
2018-10-26,IBM,98.1875997793378,98.77055743056397,97.6732570331519
2018-10-26,INTC,48.356343868573,48.72633430893822,47.84138349823739
2018-10-26,MSFT,117.29127935868367,118.01362880308388,116.27938632656931
2018-10-26,NKE,93.37034246248669,93.98849691988825,92.58795534178826
2018-10-26,VZ,35.54671739038984,35.79216790478213,35.304415480941536
2018-10-26,WMT,32.11633392893475,32.33427835415775,31.938263739908216
2018-10-29,AAPL,58.446616524323346,58.90825470176689,57.924633003266834
2018-10-29,AMGN,163.42552371430574,164.4392595414347,161.90822997889023
2018-10-29,CRM,167.29036013080014,168.7203639132236,165.1038364977699
2018-10-29,CSCO,39.36439701802675,39.63654107093802,39.01885437424584
2018-10-29,IBM,98.30137291402357,98.89560861101621,97.7959546831726
2018-10-29,INTC,48.42095284679254,48.7786642079402,47.91385730345458
2018-10-29,MSFT,117.56964505057047,118.29781216147275,116.53723571709945
2018-10-29,NKE,93.59630709473335,94.19383010270671,92.84633229228047
2018-10-29,VZ,35.54883567055525,35.807714181694195,35.32373174078579
2018-10-29,WMT,32.109762995838096,32.34055961352971,31.94921514328249
2018-10-30,AAPL,58.68206688102033,59.17036702597034,58.18896387268256
2018-10-30,AMGN,163.89285864897298,164.98450838372162,162.50857431761867
2018-10-30,CRM,167.98715801160844,169.48214551447145,165.9508571187734
2018-10-30,CSCO,39.49695958453053,39.77543584797436,39.16405239791026
2018-10-30,IBM,98.57517830891601,99.15727308400498,98.04815853879047
2018-10-30,INTC,48.46299380411849,48.85570483399294,47.97916112214483
2018-10-30,MSFT,117.98764361168818,118.72477239160409,116.9944177156507
2018-10-30,NKE,93.87076350791203,94.52932252972242,93.17215170463805
2018-10-30,VZ,35.592954922182294,35.84224142208011,35.379127483285096
2018-10-30,WMT,32.13537670388063,32.365138143787554,31.978696403141033
2018-10-31,AAPL,58.630830693291365,59.31301951486332,57.94273575583224
2018-10-31,AMGN,163.53156259629867,165.17246345893278,161.7204936246439
2018-10-31,CRM,167.02483986701404,169.82996371714415,164.69971768646573
2018-10-31,CSCO,39.40656295526962,39.8485174348207,39.02370870360772
2018-10-31,IBM,98.05857273771845,98.78652038814187,97.292567044157
2018-10-31,INTC,48.173350976358854,48.82781284479317,47.62552506398997
2018-10-31,MSFT,117.74141972069968,119.17380867742594,116.4500355518545
2018-10-31,NKE,93.42034966378803,94.604587353321,92.66361566379797
2018-10-31,VZ,35.56718522498437,35.854942886445386,35.251493967953294
2018-10-31,WMT,32.14670428251522,32.40454600578148,31.903731560774737
2018-11-01,AAPL,58.627643394907786,59.388430438894446,58.00721501625409
2018-11-01,AMGN,163.437412994074,165.26562862607415,161.87542289178066
2018-11-01,CRM,166.21184005318693,169.45229040697365,164.34229505229453
2018-11-01,CSCO,39.33953220848456,39.839060172920284,39.00482094252628
2018-11-01,IBM,97.78663762721759,98.4519386317477,97.10267531957393
2018-11-01,INTC,47.844519237699856,48.58299443123561,47.39668027480076
2018-11-01,MSFT,117.58741274180517,119.20215248490322,116.51159852765504
2018-11-01,NKE,92.94100490359507,94.24243953630435,92.3160830866823
2018-11-01,VZ,35.555486836412264,35.860622913433325,35.2911179005392
2018-11-01,WMT,32.165985888871596,32.461921665829976,31.967146961611398
2018-11-02,AAPL,58.61975536863997,59.33097378126575,57.98869536803037
2018-11-02,AMGN,163.26199587974946,165.02288266600286,161.6325650379517
2018-11-02,CRM,165.6936036961555,168.5042407235359,163.52874364147263
2018-11-02,CSCO,39.311674546033665,39.754858339176145,38.94847489136053
2018-11-02,IBM,97.25170841830048,98.09168608853544,96.60864110277741
2018-11-02,INTC,47.61967731811797,48.27404240425511,47.05108502410916
2018-11-02,MSFT,117.45620790423857,118.91231079786412,116.17475968719852
2018-11-02,NKE,92.58238648263732,93.78219017566809,91.85652104213015
2018-11-02,VZ,35.53859997026384,35.84779044739807,35.24789044303431
2018-11-02,WMT,32.21197595191615,32.47525800904384,31.969431620160204
2018-11-05,AAPL,58.55342780809336,59.22310756979975,57.84998754270131
2018-11-05,AMGN,162.84510453990993,164.48899053211264,161.0193736716494
2018-11-05,CRM,164.83091896791794,167.48560813213408,162.41361037998786
2018-11-05,CSCO,39.23378731281975,39.659243362210795,38.8342942552159
2018-11-05,IBM,96.58875674366779,97.34877406060846,95.85928775288265
2018-11-05,INTC,47.36032684555961,47.9819154689352,46.76791485813232
2018-11-05,MSFT,117.16851325657353,118.57272445657742,115.78650831294577
2018-11-05,NKE,92.18486113877498,93.31858047696544,91.39291163170887
2018-11-05,VZ,35.52151149787559,35.81258133654066,35.18511815956556
2018-11-05,WMT,32.241854573513415,32.48595109818314,31.977428449941787
2018-11-06,AAPL,58.41619002104139,59.08966764593001,57.72156099478885
2018-11-06,AMGN,162.34769649070466,163.88854693041887,160.54650572728042
2018-11-06,CRM,163.62871751131732,166.46187690642444,161.47963581290497
2018-11-06,CSCO,39.0939988533799,39.54351520129618,38.714551832423744
2018-11-06,IBM,96.1335330875391,96.73367720600605,95.36199097647413
2018-11-06,INTC,46.944139184058265,47.603807848344466,46.47001952924802
2018-11-06,MSFT,116.7861965196092,118.23493100940613,115.5920156322187
2018-11-06,NKE,91.54838333910423,92.71423838739493,90.83085377649225
2018-11-06,VZ,35.46072791629901,35.73480750957547,35.150411925021345
2018-11-06,WMT,32.21403675000505,32.474070673613795,31.98667466886654
2018-11-07,AAPL,58.39791069196779,59.12501150334013,57.75441584757826
2018-11-07,AMGN,162.2008316011999,163.95889688790234,160.55558340696209
2018-11-07,CRM,162.99828496665558,165.92184746199445,160.93193724580934
2018-11-07,CSCO,39.041684587206895,39.50497316530199,38.68351877582389
2018-11-07,IBM,95.71865823395187,96.39067628730427,95.04349532309666
2018-11-07,INTC,46.63412857127914,47.30457419520003,46.130935215979974
2018-11-07,MSFT,116.66002682036734,118.1678532932389,115.44033417179162
2018-11-07,NKE,91.1544531294042,92.3563096824113,90.46327535712709
2018-11-07,VZ,35.43631225171364,35.743479797511824,35.15151148119976
2018-11-07,WMT,32.24423144358671,32.5212133632411,32.01688563035546
2018-11-08,AAPL,58.36259298756797,59.05222687230873,57.705317303319745
2018-11-08,AMGN,161.9713024839082,163.6185145488205,160.23797842838985
2018-11-08,CRM,162.34174155088354,164.9959788626878,160.1058455293047
2018-11-08,CSCO,38.99385053475355,39.421448746170164,38.620219327489444
2018-11-08,IBM,95.19060157074885,95.92340559533875,94.50707419720321
2018-11-08,INTC,46.38678236611081,46.99974639534415,45.84069954414908
2018-11-08,MSFT,116.50538549095397,117.90430198823464,115.21717806899383
2018-11-08,NKE,90.78745215108071,91.93544784252195,90.05727680830515
2018-11-08,VZ,35.40324849481439,35.709426456062275,35.099514916015366
2018-11-08,WMT,32.2728574527579,32.53398949386462,32.0289186148376
2018-11-09,AAPL,58.392063496803935,59.14728283842629,57.822758714878375
2018-11-09,AMGN,161.88703938693703,163.6593846690206,160.3813888808373
2018-11-09,CRM,161.8731894254055,164.9114642149774,160.08546668110395
2018-11-09,CSCO,38.95562633202454,39.4416068288447,38.638908634667274
2018-11-09,IBM,95.1068959297251,95.65591445585977,94.43502900852309
2018-11-09,INTC,46.08306774282667,46.78679530233197,45.73166413500009
2018-11-09,MSFT,116.54903232033443,118.14028789198073,115.58806566854378
2018-11-09,NKE,90.36484236756826,91.6331889546865,89.80712551585572
2018-11-09,VZ,35.36282686742735,35.67745486539982,35.12982215981516
2018-11-09,WMT,32.29160173500176,32.59970591163034,32.1149344824667
2018-11-12,AAPL,58.359650956721076,59.08537552659124,57.73157643725103
2018-11-12,AMGN,161.66220536032358,163.34279546537505,160.02457755875324
2018-11-12,CRM,161.1254232944762,164.02934313498778,159.17382536786295
2018-11-12,CSCO,38.88277407454884,39.34702977096487,38.53451101210444
2018-11-12,IBM,94.84097925938536,95.47499893220458,94.1431574383723
2018-11-12,INTC,45.77472769408644,46.43951683713429,45.362435594938454
2018-11-12,MSFT,116.41077261425733,117.92313763427786,115.32599396780638
2018-11-12,NKE,89.89269763972015,91.11591062162765,89.25449846771033
2018-11-12,VZ,35.32237522920974,35.62356682549433,35.054555539100235
2018-11-12,WMT,32.28723824159682,32.57517568609511,32.0856455590641
2018-11-13,AAPL,58.34906320755802,59.04722532035754,57.729606618665365
2018-11-13,AMGN,161.42229706863228,163.0684512836349,159.7957456767973
2018-11-13,CRM,160.6879936887325,163.3781628775023,158.58487807990437
2018-11-13,CSCO,38.8519105243714,39.287934028198315,38.49471316793278
2018-11-13,IBM,94.45461556125623,95.19296904756445,93.78932105727593
2018-11-13,INTC,45.54740049221473,46.174681424372565,45.07193271286112
2018-11-13,MSFT,116.34843772076655,117.79137052722419,115.14847933692675
2018-11-13,NKE,89.49266786144639,90.65327065554663,88.82260176466207
2018-11-13,VZ,35.28524072804028,35.58824543125547,35.013383629789914
2018-11-13,WMT,32.31498419187681,32.5851373376573,32.08947118697594
2018-11-14,AAPL,58.36814541704174,59.04789565424513,57.73915195557586
2018-11-14,AMGN,161.25514336094741,162.88904678838668,159.67315121876342
2018-11-14,CRM,160.2418623228079,162.87640690883396,158.1049906885096
2018-11-14,CSCO,38.84612536755104,39.26468913528482,38.48783616862743
2018-11-14,IBM,94.04922581937323,94.80999926026207,93.40352614938301
2018-11-14,INTC,45.38619830114087,45.986980354343046,44.878725086695525
2018-11-14,MSFT,116.30967994515593,117.70477369586682,115.06470572487164
2018-11-14,NKE,89.20927118969806,90.31246233810262,88.5046506445486
2018-11-14,VZ,35.27591440373102,35.57749213645197,34.99470448276041
2018-11-14,WMT,32.367850783894625,32.63419693886915,32.1311975105826
2018-11-15,AAPL,58.332186980050444,58.99610910107838,57.67284943923435
2018-11-15,AMGN,160.97331853717864,162.4952359126264,159.2991682910191
2018-11-15,CRM,159.5328005516436,162.09685098404736,157.33063182629544
2018-11-15,CSCO,38.80132094023012,39.20823130019201,38.42434733679657
2018-11-15,IBM,93.61213829623375,94.42470672858886,92.92488064202445
2018-11-15,INTC,45.193960531535986,45.77481194712777,44.675855659814125
2018-11-15,MSFT,116.16167069842903,117.50522382809937,114.87875659242854
2018-11-15,NKE,88.84669792343098,89.92887816286412,88.09434357546108
2018-11-15,VZ,35.25669549280863,35.54117356983923,34.96003766915617
2018-11-15,WMT,32.38249155153844,32.64252492994464,32.138653057440486
2018-11-16,AAPL,58.33923920983228,59.048571602758564,57.761063206374835
2018-11-16,AMGN,160.77789125220121,162.45733461480117,159.24822049104117
2018-11-16,CRM,159.05235260218126,161.76814456258526,157.10248713464986
2018-11-16,CSCO,38.7685673903796,39.20664530442249,38.435967832386396
2018-11-16,IBM,93.34176934235623,93.8987316086185,92.71024715672105
2018-11-16,INTC,44.91259318958737,45.538892103430854,44.49249469247912
2018-11-16,MSFT,116.12288474124618,117.56061990218576,115.04105499465666
2018-11-16,NKE,88.37104121321669,89.54165293048811,87.74208617938989
2018-11-16,VZ,35.18950464604228,35.48829094998026,34.94190537815397
2018-11-16,WMT,32.38723444781806,32.66625927124699,32.17610481690272
2018-11-19,AAPL,58.36461388079774,59.03715830761366,57.738414900143276
2018-11-19,AMGN,160.53762623712217,162.16144831183587,158.96999988975205
2018-11-19,CRM,158.51458323464703,161.09164229910593,156.3781954130607
2018-11-19,CSCO,38.75396979989604,39.16612280543472,38.39345026388613
2018-11-19,IBM,92.90545259178906,93.60849590943472,92.27520297860062
2018-11-19,INTC,44.740342373702575,45.326537853972745,44.23003696176695
2018-11-19,MSFT,116.03230021057132,117.41234397260862,114.78933219505379
2018-11-19,NKE,88.00596144607611,89.10996714198451,87.30934666751176
2018-11-19,VZ,35.17135783559271,35.4637444146047,34.88488373297427
2018-11-19,WMT,32.41990478029177,32.68301082435726,32.17976692342427
2018-11-20,AAPL,58.46628636081578,59.20173847483433,57.92396560018536
2018-11-20,AMGN,160.4863942950164,162.2552872693088,159.06960277391386
2018-11-20,CRM,158.24441745785765,161.0422398151188,156.43419302167837
2018-11-20,CSCO,38.75746241232138,39.211360408149055,38.44687339963387
2018-11-20,IBM,92.78255922351443,93.2061685190007,92.18326924335135
2018-11-20,INTC,44.45065866017251,45.09509493563112,44.07867034716756
2018-11-20,MSFT,116.17001005010897,117.66358387242241,115.16761040353582
2018-11-20,NKE,87.56700352452377,88.79349989063377,87.01998978355512
2018-11-20,VZ,35.114245323861574,35.421466665068436,34.885923642438335
2018-11-20,WMT,32.44030689971894,32.73730933416357,32.25271256787094
2018-11-21,AAPL,58.51628062772091,59.227224817238486,57.8854601985804
2018-11-21,AMGN,160.41973013215605,162.09245052029712,158.84488224738269
2018-11-21,CRM,157.76000276397482,160.43534658110894,155.62031951708127
2018-11-21,CSCO,38.76112316163159,39.18835000756309,38.4030685071315
2018-11-21,IBM,92.38596237220658,93.31041116970565,91.7490818433398
2018-11-21,INTC,44.354380359620556,44.952836251716185,43.84386094889919
2018-11-21,MSFT,116.14171675625565,117.56553533319894,114.88559149703194
2018-11-21,NKE,87.34529180545172,88.45548550150795,86.64757258862429
2018-11-21,VZ,35.142548642735754,35.444997485985446,34.853231447845545
2018-11-21,WMT,32.49712540790587,32.77359931776081,32.25853849507397
2018-11-23,AAPL,58.507461281463655,59.18899405526787,57.8847614402017
2018-11-23,AMGN,160.17332855923934,161.81130969018952,158.60744932805238
2018-11-23,CRM,156.9972699548406,159.70949878388868,155.050724988825
2018-11-23,CSCO,38.69659099382909,39.13366488858292,38.359202662151226
2018-11-23,IBM,92.06650728287555,92.63847625154874,91.4173925398509
2018-11-23,INTC,44.06560033243584,44.68166717821149,43.63244588416679
2018-11-23,MSFT,115.98951779852202,117.389585887201,114.86573749003668
2018-11-23,NKE,86.86235608187056,87.97292122646475,86.21155671382517
2018-11-23,VZ,35.09890032046617,35.37766792802983,34.83217292694413
2018-11-23,WMT,32.50391787520195,32.773882503857465,32.28061969074388
2018-11-26,AAPL,58.51770903751259,59.169714524913836,57.8881726688651
2018-11-26,AMGN,159.89668768012106,161.51456521393126,158.29587757219988
2018-11-26,CRM,156.41282370902914,158.79787637567225,154.24777048490864
2018-11-26,CSCO,38.676756762119716,39.06695131393004,38.3125341917981
2018-11-26,IBM,91.51008499455139,92.13231807585794,90.91797380157004
2018-11-26,INTC,43.863385024451965,44.40793843118832,43.3209931145412
2018-11-26,MSFT,115.83865494092308,117.12896845652479,114.54342287879903
2018-11-26,NKE,86.48830929017267,87.55230604109734,85.77152132342547
2018-11-26,VZ,35.062130253752144,35.34829438728859,34.761120349629394
2018-11-26,WMT,32.538351027998836,32.781872937514834,32.27854462040143
2018-11-27,AAPL,58.40854848663491,59.06882948039473,57.742500720601264
2018-11-27,AMGN,159.38281937898694,160.90056113665995,157.66313886014296
2018-11-27,CRM,155.5264119204267,157.9981379410747,153.32436696261462
2018-11-27,CSCO,38.58460843490297,38.99302604345675,38.19941891092757
2018-11-27,IBM,90.97782038055523,91.61123222695362,90.29274886745641
2018-11-27,INTC,43.59194035184139,44.160716721861895,43.080674882072884
2018-11-27,MSFT,115.5141271902252,116.86926323892965,114.22973510911709
2018-11-27,NKE,85.97844289230974,87.02977502666972,85.23277055313584
2018-11-27,VZ,35.0135795463256,35.28240596075208,34.70386452262479
2018-11-27,WMT,32.529004302226724,32.77501801860443,32.27097777491702
2018-11-28,AAPL,58.34402258122167,59.016333478861064,57.69314779355446
2018-11-28,AMGN,158.9768829787421,160.57324065927918,157.3244040801869
2018-11-28,CRM,154.4969449528676,157.15491370643502,152.51783551025224
2018-11-28,CSCO,38.468820126913315,38.90647753382775,38.120260877209475
2018-11-28,IBM,90.56500039691635,91.03907751907062,89.8932827296802
2018-11-28,INTC,43.19855091061769,43.80228131974704,42.77026777153075
2018-11-28,MSFT,115.21029188116074,116.61288898850836,114.07822285865907
2018-11-28,NKE,85.3626190382521,86.47507194427966,84.72240125264729
2018-11-28,VZ,34.941005796403346,35.213645251567726,34.64725409782777
2018-11-28,WMT,32.502704791166984,32.76491417956301,32.275658677620356
2018-11-29,AAPL,58.33576506573724,59.01406399096895,57.68531276017795
2018-11-29,AMGN,158.78459609371012,160.43259398416689,157.16638420287944
2018-11-29,CRM,153.81919833001828,156.35664000819602,151.74095504918188
2018-11-29,CSCO,38.427368444603374,38.84573473054771,38.071753401685335
2018-11-29,IBM,90.0234726841506,90.69850256501695,89.42291559751507
2018-11-29,INTC,42.97713446151027,43.54555926975173,42.462452699563826
2018-11-29,MSFT,115.02209340971841,116.37311228715265,113.75642292565794
2018-11-29,NKE,85.02665259561789,86.0936027369239,84.34001083521969
2018-11-29,VZ,34.930373405827964,35.22390054258136,34.62701206084833
2018-11-29,WMT,32.54836136233294,32.80350902758963,32.29642814980215
2018-11-30,AAPL,58.1100731977688,58.925285368900376,57.40094621248635
2018-11-30,AMGN,159.15208705126722,161.05244710925288,157.42932672885973
2018-11-30,CRM,154.08818211556348,157.06252832946595,151.28554289851553
2018-11-30,CSCO,38.495746937703224,38.96768884319496,38.09029853346821
2018-11-30,IBM,90.04171487396214,90.9421951499165,89.19696394784275
2018-11-30,INTC,43.0261047995569,43.61227462596116,42.532083195349465
2018-11-30,MSFT,115.2538545131968,116.72372096486042,113.81626197839641
2018-11-30,NKE,85.03515999560669,86.16035163010137,84.23156779952825
2018-11-30,VZ,35.04796217510368,35.3735330757328,34.7218670656894
2018-11-30,WMT,32.57559196269019,32.880094232845856,32.319297774616906
2018-12-03,AAPL,58.067290167667345,58.90607942455631,57.380041245592174
2018-12-03,AMGN,159.78673971452838,161.9237095131354,158.12773367241894
2018-12-03,CRM,155.01785861828466,158.08805187942306,152.11979374282092
2018-12-03,CSCO,38.608450822778536,39.114140285372045,38.21998417420507
2018-12-03,IBM,90.20217520635065,91.14800238057514,89.35586052842729
2018-12-03,INTC,43.19040977912542,43.81884117721295,42.709273462029614
2018-12-03,MSFT,115.82193540541229,117.42794343594265,114.41704700403047
2018-12-03,NKE,85.25147622782434,86.47223194893112,84.50791448057778
2018-12-03,VZ,35.211589278399,35.58034794001885,34.89715548921847
2018-12-03,WMT,32.65118563849213,32.98247219149441,32.39977442706219
2018-12-04,AAPL,57.91612855910067,58.72343242298184,57.19456301414492
2018-12-04,AMGN,160.25239616861694,162.1602335487604,158.50926809277567
2018-12-04,CRM,155.38548102551016,158.4056002508657,152.58424944457653
2018-12-04,CSCO,38.684571923427,39.156515153109176,38.2847660669573
2018-12-04,IBM,90.12626245392524,91.06758938512829,89.32294067231484
2018-12-04,INTC,43.25603966456143,43.853673434750185,42.779196936992655
2018-12-04,MSFT,116.09824846053361,117.57987455906274,114.64798433469265
2018-12-04,NKE,85.32437530181348,86.43800833560373,84.51934206686968
2018-12-04,VZ,35.33591640874683,35.66920361582166,35.01080386379794
2018-12-04,WMT,32.68554733718731,32.99307726946107,32.430731448319875
2018-12-06,AAPL,57.62297112002738,58.450481597816946,56.90790402922449
2018-12-06,AMGN,160.56747966772673,162.45641026768837,158.78446241301492
2018-12-06,CRM,155.40905607002315,158.49345928171712,152.63182366121413
2018-12-06,CSCO,38.719755454259705,39.19586794370244,38.31232805176245
2018-12-06,IBM,90.02644343484609,90.94296284806309,89.20779343505508
2018-12-06,INTC,43.23106981620022,43.82417441684485,42.754346872932054
2018-12-06,MSFT,116.19762311840982,117.677278248917,114.7333616734036
2018-12-06,NKE,85.28705823386193,86.40068304559867,84.4624937937652
2018-12-06,VZ,35.431297959393454,35.753886112496204,35.10095245872191
2018-12-06,WMT,32.68956346719983,32.99163564172217,32.435826670718725
2018-12-07,AAPL,57.38269226473578,58.17301883637107,56.65812973896587
2018-12-07,AMGN,160.83076303911224,162.74871213026375,158.97034857493225
2018-12-07,CRM,155.60355474752484,158.59801492783,152.55151478962784
2018-12-07,CSCO,38.749683345657786,39.22756839673324,38.32301636018768
2018-12-07,IBM,90.00760885837472,90.89081024223188,89.09350178645927
2018-12-07,INTC,43.26629065976129,43.83448577775266,42.7425099468918
2018-12-07,MSFT,116.4281988847405,117.9624068179208,114.90595537109137
2018-12-07,NKE,85.2845884984183,86.42182793717537,84.45263342938902
2018-12-07,VZ,35.535680231727355,35.87696964896775,35.18541888911119
2018-12-07,WMT,32.69093706084583,32.99539493769729,32.41930272069348
2018-12-10,AAPL,57.243418530944105,58.06518894207667,56.550805905764896
2018-12-10,AMGN,161.35796297732077,163.35206613446442,159.61729542664577
2018-12-10,CRM,156.1101745522889,159.23674627791613,153.2210955293335
2018-12-10,CSCO,38.82489261820639,39.32115287780854,38.42782956042036
2018-12-10,IBM,90.01070811168528,90.95620484860551,89.18161917321925
2018-12-10,INTC,43.357847076839334,43.95528629341264,42.88006079741735
2018-12-10,MSFT,116.77718050496595,118.34285352764262,115.32622896436392
2018-12-10,NKE,85.36971783911935,86.54660525031407,84.58177406886172
2018-12-10,VZ,35.668324833776865,36.024111544184166,35.34556996947189
2018-12-10,WMT,32.73506374798119,33.054171437253444,32.47879839191559
2018-12-11,AAPL,57.03408076221458,57.84617864940056,56.32514514686388
2018-12-11,AMGN,161.801959904149,163.6867483342126,159.9952494217967
2018-12-11,CRM,156.32962190309803,159.46361690159276,153.49245949421513
2018-12-11,CSCO,38.89541308585145,39.37937886140312,38.482577451454965
2018-12-11,IBM,89.91513909451139,90.86561752412062,89.10350972656909
2018-12-11,INTC,43.391722656311366,43.97530202521301,42.911344421755004
2018-12-11,MSFT,116.9681416486061,118.50702696709898,115.49139478005162
2018-12-11,NKE,85.37891376961863,86.50266995074853,84.56110760644711
2018-12-11,VZ,35.779613123657214,36.11841287984576,35.450821967467455
2018-12-11,WMT,32.75147719275474,33.066308641375294,32.49814705071986
2018-12-12,AAPL,56.960043800207515,57.79545723663542,56.336795168818384
2018-12-12,AMGN,162.40642118773565,164.537339827386,160.77587096206864
2018-12-12,CRM,157.02014364735376,160.2256966941283,154.19552540840232
2018-12-12,CSCO,39.03517449733078,39.5504974878403,38.654554390379005
2018-12-12,IBM,90.039890838543,91.01275382973125,89.23357567474045
2018-12-12,INTC,43.598943709350706,44.1956297699276,43.10182864689048
2018-12-12,MSFT,117.4610427584909,119.14501076645024,116.09507907966122
2018-12-12,NKE,85.52751535977642,86.76367716500773,84.81857980257624
2018-12-12,VZ,35.94797582798529,36.33149879406403,35.63403020403268
2018-12-12,WMT,32.81777085021045,33.16036083645736,32.582571194912525
2018-12-13,AAPL,56.86491528436792,57.64311366642314,56.17319483393976
2018-12-13,AMGN,162.88984383902047,164.8584272091717,161.10871743681028
2018-12-13,CRM,157.70144653124575,160.71532618535338,154.7226381376565
2018-12-13,CSCO,39.14560771053099,39.63185510939838,38.726216527732355
2018-12-13,IBM,90.13452083618176,91.03672275495906,89.27255692405114
2018-12-13,INTC,43.763274687611016,44.345020193978975,43.24216829998175
2018-12-13,MSFT,117.9027275506808,119.4671377586862,116.4405309489851
2018-12-13,NKE,85.62237192324274,86.77001071077815,84.82267307636616
2018-12-13,VZ,36.07518400893771,36.43570408612622,35.74487829423588
2018-12-13,WMT,32.85857978788304,33.17917821868847,32.60008457147553
2018-12-14,AAPL,56.70772631721155,57.48842016388435,56.031677142545846
2018-12-14,AMGN,163.29161454847863,165.1933996637197,161.53643350515412
2018-12-14,CRM,157.92778542986028,160.99987447156676,155.07624191462287
2018-12-14,CSCO,39.234416492064256,39.709310886495885,38.8286131180263
2018-12-14,IBM,90.08704784485428,91.0130487570379,89.27433666163165
2018-12-14,INTC,43.8669329858973,44.43722872092437,43.35419492604961
2018-12-14,MSFT,118.16257730972708,119.68847182365715,116.70378005882132
2018-12-14,NKE,85.65548918838213,86.76929720998751,84.85129419585466
2018-12-14,VZ,36.19838114497805,36.546735751382194,35.86723171530892
2018-12-14,WMT,32.88296481634794,33.19336969301228,32.63204170114734
2018-12-17,AAPL,56.563273837285635,57.35329060182668,55.90245245983981
2018-12-17,AMGN,163.70317463249881,165.6338740010189,161.9322779005348
2018-12-17,CRM,158.19271739438523,161.28194298757853,155.41537388738558
2018-12-17,CSCO,39.322920116297915,39.794929351330424,38.92509479109069
2018-12-17,IBM,89.99105151460826,90.94441268633878,89.21887798270816
2018-12-17,INTC,43.93684504794003,44.52594108304467,43.43733414233479
2018-12-17,MSFT,118.36844012469642,119.91096054603469,116.9284021934811
2018-12-17,NKE,85.66351327448312,86.79692003110337,84.8646634184923
2018-12-17,VZ,36.312213744884836,36.66138771974555,35.98549326848838
2018-12-17,WMT,32.91666060747309,33.222879862017784,32.66879779301939
2018-12-18,AAPL,56.42818904289043,57.16198704795225,55.73691283161381
2018-12-18,AMGN,164.02660281885017,165.83400646028028,162.13126679429396
2018-12-18,CRM,158.60034097509364,161.4464130890772,155.63454818007384
2018-12-18,CSCO,39.41908731601154,39.86358584157753,38.986643169707925
2018-12-18,IBM,89.90483897920559,90.8014183673964,89.07458890019585
2018-12-18,INTC,44.02180267851185,44.57899574222863,43.477918025646176
2018-12-18,MSFT,118.62045063905263,120.06319527058642,117.11611873145935
2018-12-18,NKE,85.6502704963161,86.71368105073647,84.79458689068382
2018-12-18,VZ,36.395469236828774,36.73334065535544,36.05637732770546
2018-12-18,WMT,32.94254536676439,33.23082963784153,32.671573048494274
2018-12-19,AAPL,56.378135546584176,57.114345611025534,55.700185302762094
2018-12-19,AMGN,164.44470942341803,166.40262321553175,162.7183048698151
2018-12-19,CRM,159.19968382818533,162.08318115983073,156.2808109730275
2018-12-19,CSCO,39.53970012576525,40.00188426546213,39.1352764656524
2018-12-19,IBM,89.90438707636535,90.81364455992713,89.08882723310597
2018-12-19,INTC,44.198806064867966,44.787463094250235,43.66391025510542
2018-12-19,MSFT,119.03053078424412,120.51961483742002,117.5767566525632
2018-12-19,NKE,85.76144142345258,86.86991726090653,84.9804521914636
2018-12-19,VZ,36.54200027005657,36.893488659358944,36.201980974240065
2018-12-19,WMT,32.99745778848214,33.302803638355215,32.74106802383107
2018-12-20,AAPL,56.28007697317048,57.04002474519522,55.62119637803814
2018-12-20,AMGN,164.83746821034097,166.80168358004704,163.10754332962287
2018-12-20,CRM,159.62431995932104,162.59275356577135,156.87473319011357
2018-12-20,CSCO,39.660288759536705,40.11820687054496,39.25713793618674
2018-12-20,IBM,89.88139166635355,90.80107682122761,89.11160908956309
2018-12-20,INTC,44.298812481794414,44.90924391562161,43.781023908713316
2018-12-20,MSFT,119.31621703976323,120.81214201483999,117.89521291790844
2018-12-20,NKE,85.83208790228457,86.92607662148683,85.03707870681005
2018-12-20,VZ,36.6625259488545,37.00427553912672,36.33189634276515
2018-12-20,WMT,33.04377676163887,33.34467748211969,32.79765553310914
2018-12-21,AAPL,56.24631672115247,57.030917292684535,55.621912561173495
2018-12-21,AMGN,165.4337972179806,167.52391362400584,163.84696910360654
2018-12-21,CRM,160.3458517935909,163.44469661314002,157.5406783418038
2018-12-21,CSCO,39.82775701470017,40.32025993895458,39.444143701495705
2018-12-21,IBM,89.9876498478611,90.95956944724998,89.23134533883689
2018-12-21,INTC,44.53535225221928,45.152539874013264,44.009617888740124
2018-12-21,MSFT,119.78898682935613,121.38661956715164,118.41417100349761
2018-12-21,NKE,86.01026983879875,87.16860776069932,85.290580871493
2018-12-21,VZ,36.84687710015693,37.21975355103036,36.52745314312572
2018-12-21,WMT,33.129246495692215,33.45854982910792,32.894575757512065
2018-12-24,AAPL,56.192823247774456,56.97135060581826,55.54578827213073
2018-12-24,AMGN,165.9859490304735,167.99632050026364,164.2718368488526
2018-12-24,CRM,161.067418761484,164.12510959967352,158.333439106039
2018-12-24,CSCO,39.97324232673951,40.451808557361616,39.57123064786468
2018-12-24,IBM,90.0510011886321,90.98044021322562,89.28609817229491
2018-12-24,INTC,44.65242428350125,45.28149794227489,44.15362528598633
2018-12-24,MSFT,120.19683516561157,121.73248898957183,118.79435916408647
2018-12-24,NKE,86.12407643664969,87.24657338213477,85.33473357459543
2018-12-24,VZ,36.96248072780131,37.318648958375256,36.64974724220851
2018-12-24,WMT,33.19766821561096,33.50984081906892,32.95356986581528
2018-12-26,AAPL,56.14814652713733,56.88774330750346,55.47179987874583
2018-12-26,AMGN,166.41143506678802,168.46649602573467,164.67727695267854
2018-12-26,CRM,161.7515181317156,164.6463132284557,158.7700712742552
2018-12-26,CSCO,40.07716130484812,40.54453325450475,39.67404591217152
2018-12-26,IBM,90.1008658189618,91.0043536428482,89.27055650290507
2018-12-26,INTC,44.804146709247576,45.42763505936928,44.26912159751823
2018-12-26,MSFT,120.62652820277711,122.12372065628409,119.14232127690542
2018-12-26,NKE,86.25100289863397,87.38939146313515,85.46494164843942
2018-12-26,VZ,37.11992092935349,37.47529840678524,36.77257713291558
2018-12-26,WMT,33.26631142504192,33.567311184068984,33.0014362744102
2018-12-27,AAPL,55.989987254826424,56.749761955032795,55.293861941103835
2018-12-27,AMGN,166.81261563688778,168.74286871267984,165.00229689497004
2018-12-27,CRM,162.04892538793058,165.05713525008804,159.2162560723368
2018-12-27,CSCO,40.17500507882059,40.63329470006785,39.75919642880512
2018-12-27,IBM,89.95298062403786,90.9098546502792,89.20070626302612
2018-12-27,INTC,44.85194416436864,45.48009472718085,44.341065880947205
2018-12-27,MSFT,120.81182897890436,122.27209127033231,119.31255562725866
2018-12-27,NKE,86.30673994493431,87.3718079874446,85.48543538468041
2018-12-27,VZ,37.24575991940693,37.576141397066344,36.899931869131606
2018-12-27,WMT,33.30729637968794,33.60344175764041,33.050149805699135
2018-12-28,AAPL,55.81487191929227,56.52318781288854,55.12146960270216
2018-12-28,AMGN,167.01226701175497,168.8829034672029,165.1043986450647
2018-12-28,CRM,162.33353988476978,165.11812713887934,159.32115897612258
2018-12-28,CSCO,40.25555060316423,40.69718882975199,39.81830031579122
2018-12-28,IBM,89.86821527422754,90.71318995258204,89.01164425514506
2018-12-28,INTC,44.920934832728236,45.50061783754061,44.361071938175975
2018-12-28,MSFT,121.0841344154683,122.46847313736039,119.54748347664659
2018-12-28,NKE,86.31072253851943,87.35742795281548,85.4620190518365
2018-12-28,VZ,37.33056596640954,37.660437527035675,36.968345076146505
2018-12-28,WMT,33.322981973137885,33.60354588814707,33.04613975373093
2018-12-31,AAPL,55.65536469630787,56.39966821239422,54.94997119950979
2018-12-31,AMGN,167.34413110861226,169.3808516423781,165.53515571196658
2018-12-31,CRM,162.73818131514093,165.76579303750316,159.64695895887357
2018-12-31,CSCO,40.31624544247382,40.79871600466475,39.88983232368247
2018-12-31,IBM,89.90397174782579,90.78655002175279,89.03742697299285
2018-12-31,INTC,44.99545521788073,45.6211227975416,44.45550483111941
2018-12-31,MSFT,121.38658061419166,122.92296666761446,119.84362355482381
2018-12-31,NKE,86.37619364970487,87.50210103300974,85.55754319415442
2018-12-31,VZ,37.46671285141674,37.818590333026854,37.104998295310374
2018-12-31,WMT,33.35855493600663,33.66570499587907,33.09147420401262
2019-01-02,AAPL,55.49679077617053,56.282251300268655,54.79415305734771
2019-01-02,AMGN,167.8403788541255,169.8707805965792,166.0022397738821
2019-01-02,CRM,163.13229749933382,166.34069002364964,160.18798321916316
2019-01-02,CSCO,40.37727477939386,40.87296169728765,39.96169475794521
2019-01-02,IBM,89.80950556486177,90.77477297392868,89.02669479909687
2019-01-02,INTC,45.01378420634314,45.66136787811758,44.52944659475824
2019-01-02,MSFT,121.62049226104769,123.18601748487214,120.07965655875353
2019-01-02,NKE,86.45313828289063,87.588518209245,85.63086967494262
2019-01-02,VZ,37.601189182120656,37.9567577599435,37.25875767567141
2019-01-02,WMT,33.3996574715194,33.712704403569155,33.140595616916066
2019-01-03,AAPL,55.11858748665027,55.79880627446743,54.17501765050605
2019-01-03,AMGN,166.82169290892674,169.00698000573607,164.82564016174817
2019-01-03,CRM,162.10141989893165,165.29683904418906,159.21387674646294
2019-01-03,CSCO,40.22061079346106,40.6941501248092,39.70171030679973
2019-01-03,IBM,90.02925250212385,91.11482390982047,87.8461493279741
2019-01-03,INTC,44.86926473362275,45.52416947897996,43.9761608514589
2019-01-03,MSFT,121.12035535792019,122.72662055423616,119.17600495059177
2019-01-03,NKE,86.32015436025834,87.48652842743905,84.69821060630902
2019-01-03,VZ,37.48739624991298,37.75114375870076,37.10514604770776
2019-01-03,WMT,33.33070004289729,33.60746992600826,32.8943291445126
2019-01-04,AAPL,54.62883753077116,55.23486704418503,53.59455012997395
2019-01-04,AMGN,165.53692287540042,167.42775886580216,163.19058189356434
2019-01-04,CRM,160.71737652420575,163.42535816354683,157.43512318268472
2019-01-04,CSCO,40.01485897626423,40.43023804802588,39.42136245034802
2019-01-04,IBM,90.03030952409188,91.02493328448419,87.68831446828894
2019-01-04,INTC,44.70334438431253,45.285022390487605,43.72511002785235
2019-01-04,MSFT,120.38063574023671,121.82539928061713,118.17137096507078
2019-01-04,NKE,85.96383528609816,87.06457579856709,84.20753266960703
2019-01-04,VZ,37.394664584664056,37.64079437659068,36.94951472721841
2019-01-04,WMT,33.22079476482643,33.464857413760605,32.73367253406197
2019-01-07,AAPL,54.39815692472443,55.32974599813268,53.65910937106722
2019-01-07,AMGN,165.5432043047004,168.29958358466192,163.9536162290598
2019-01-07,CRM,161.08156361456324,164.93385652813353,158.49512329743192
2019-01-07,CSCO,40.10836155035566,40.703391533613534,39.696005283202986
2019-01-07,IBM,90.2396310432613,91.60591264517674,88.24054084048312
2019-01-07,INTC,44.84653505680057,45.669631630227414,44.092721931311296
2019-01-07,MSFT,120.3891415538021,122.47000347132268,118.77203734951449
2019-01-07,NKE,86.25560693849698,87.77833671827418,84.91897442277242
2019-01-07,VZ,37.44969492667244,37.8492563265817,37.160177749121836
2019-01-07,WMT,33.20255033151097,33.586413402996556,32.84734875904359
2019-01-08,AAPL,53.921173237753365,54.63713431452938,53.01343485330587
2019-01-08,AMGN,164.83167710532229,167.04353406173843,162.69847538193287
2019-01-08,CRM,160.30191753432626,163.44601587867746,157.1326796396821
2019-01-08,CSCO,40.01156248789992,40.50833127865339,39.48093363312088
2019-01-08,IBM,90.10963464777247,91.26737850735135,87.9681807517487
2019-01-08,INTC,44.65912141468393,45.3505771686156,43.7985332536352
2019-01-08,MSFT,119.77308290966155,121.48883127313539,117.82451892948036
2019-01-08,NKE,85.97046594101842,87.24854807598187,84.41769567162137
2019-01-08,VZ,37.39331267231453,37.694137349094994,36.97591763042234
2019-01-08,WMT,33.07099909923239,33.36771394709535,32.64577880629077
2019-01-09,AAPL,53.660834163539576,54.39262116038173,52.799560416249655
2019-01-09,AMGN,164.42000574241447,166.7563267573472,162.55873272930697
2019-01-09,CRM,159.98907585624443,163.2126939406803,157.21811818830034
2019-01-09,CSCO,39.98240677723626,40.484384557899276,39.48908887718778
2019-01-09,IBM,90.34519675005475,91.50622913341063,88.19125548397766
2019-01-09,INTC,44.70491252914161,45.400126871133615,43.838563032611084
2019-01-09,MSFT,119.63738720048714,121.31438069172329,117.7479739851355
2019-01-09,NKE,86.00499753275409,87.26618177980608,84.46850697821425
2019-01-09,VZ,37.41333555021124,37.719636290973334,37.0642437805677
2019-01-09,WMT,33.05695726765984,33.376304779941925,32.64436234647221
2019-01-10,AAPL,53.3401917829212,54.037850717157454,52.47580494754059
2019-01-10,AMGN,163.69042672287188,165.81475989905144,161.86135023879146
2019-01-10,CRM,159.45523252504324,162.55502892851487,156.5609694094686
2019-01-10,CSCO,39.91148444534899,40.376877063177176,39.41395510955336
2019-01-10,IBM,90.55951647158194,91.6456060230086,88.3664378413186
2019-01-10,INTC,44.62941780190294,45.316682896896694,43.73574235062977
2019-01-10,MSFT,119.26503935219792,120.79450970156087,117.40571735291161
2019-01-10,NKE,85.95053314797858,87.19928626186807,84.40334932931246
2019-01-10,VZ,37.38510644600972,37.64689513230047,36.997012041189315
2019-01-10,WMT,32.973657726622974,33.25180538717088,32.55498689002315
2019-01-11,AAPL,52.92971537804504,53.74289474761406,52.131250392024775
2019-01-11,AMGN,163.43514609038334,165.93709913083026,161.69611052568413
2019-01-11,CRM,158.91751504428973,162.58440630059712,155.98329439510852
2019-01-11,CSCO,39.88598267472102,40.440700815449695,39.4129836294126
2019-01-11,IBM,90.60874769156624,91.9043880460991,88.54438974237341
2019-01-11,INTC,44.588578632681156,45.353838459483775,43.783292671697
2019-01-11,MSFT,118.94276946676754,120.8220598616543,117.16084819670725
2019-01-11,NKE,85.93807972775599,87.34453417323081,84.49371845261985
2019-01-11,VZ,37.41141894629987,37.751817179424734,37.04348746023379
2019-01-11,WMT,32.925607691039446,33.279225294990304,32.54065576880948
2019-01-14,AAPL,52.41655709578326,53.215708564290665,51.66077691335199
2019-01-14,AMGN,163.12439030062222,165.67211470801612,161.47757805465454
2019-01-14,CRM,158.43481015317914,162.07346843793388,155.5978486208336
2019-01-14,CSCO,39.82872713190298,40.404726235863905,39.40668804214467
2019-01-14,IBM,90.39478325484141,91.65177143650668,88.3987648600891
2019-01-14,INTC,44.44613269828603,45.22165304333097,43.6909803184108
2019-01-14,MSFT,118.52497989689147,120.40746362297669,116.88637279099866
2019-01-14,NKE,85.80430912725055,87.21263665300359,84.4418340720014
2019-01-14,VZ,37.3901611718402,37.73894369480318,37.05614461462943
2019-01-14,WMT,32.759436297026014,33.121582155987426,32.404399084227
2019-01-15,AAPL,52.0141469768532,52.80555871308617,51.23443526922184
2019-01-15,AMGN,162.5791546399858,165.217036890944,160.96867464787493
2019-01-15,CRM,157.9121589959506,161.41359317497148,155.26448827855347
2019-01-15,CSCO,39.75814468951219,40.31162145527555,39.316798840692925
2019-01-15,IBM,90.34252093209221,91.64114579947207,88.29413417552517
2019-01-15,INTC,44.40755644507048,45.17741867477139,43.59235989184852
2019-01-15,MSFT,118.18401487442148,120.02735184815833,116.46799286217028
2019-01-15,NKE,85.8654195224134,87.2642892455538,84.43041071746364
2019-01-15,VZ,37.383761535015545,37.73080311436971,37.046347933192514
2019-01-15,WMT,32.68592447632135,33.03962355870934,32.31718939510357
2019-01-16,AAPL,51.707600609262805,52.40020630448519,50.851465057056586
2019-01-16,AMGN,161.79508825125905,163.82077899245988,159.83993883707953
2019-01-16,CRM,157.36653674799766,160.50362938490278,154.48813855819034
2019-01-16,CSCO,39.684052881876084,40.15091193603102,39.174898110616276
2019-01-16,IBM,90.62208871865668,91.72752099846218,88.41819269394895
2019-01-16,INTC,44.3378027712698,45.0165171346592,43.452113248671736
2019-01-16,MSFT,117.71684414711737,119.27569674400074,115.84689224947785
2019-01-16,NKE,85.8063444424726,87.05269137489121,84.26262985969801
2019-01-16,VZ,37.32873421167893,37.60730531738025,36.95424450128919
2019-01-16,WMT,32.57601880802876,32.855667289740204,32.168683599503275
2019-01-17,AAPL,51.291440757697885,52.065031106029174,50.49745790137958
2019-01-17,AMGN,161.3072537141061,163.59128367011323,159.43475411883293
2019-01-17,CRM,156.80828929244126,160.35724890830852,153.8289580109174
2019-01-17,CSCO,39.6454621974505,40.16970751083477,39.15975730268505
2019-01-17,IBM,90.61755782626962,91.86479920109157,88.53578488456914
2019-01-17,INTC,44.257759121537376,44.990456588221306,43.43151125631308
2019-01-17,MSFT,117.26896315067846,119.06068866315509,115.47987904431706
2019-01-17,NKE,85.77364739437719,87.16343254297753,84.3150357722456
2019-01-17,VZ,37.3027062590494,37.62852373912528,36.919382859488145
2019-01-17,WMT,32.47444232881448,32.79058993773134,32.09081843265971
2019-01-18,AAPL,50.80839251501467,51.446404987277965,49.93764968294919
2019-01-18,AMGN,160.66292773443433,162.71371643614953,158.55217528364864
2019-01-18,CRM,155.87768308454156,158.90058322155699,152.50102523913617
2019-01-18,CSCO,39.522012207335756,39.997516382990426,38.98274014401473
2019-01-18,IBM,90.4865619431906,91.59674396961378,88.34228739043687
2019-01-18,INTC,44.03617357500013,44.679925592704684,43.1802643822381
2019-01-18,MSFT,116.76007268213613,118.33851995796533,114.80043630879061
2019-01-18,NKE,85.53538713116218,86.73363902384185,83.94278055734992
2019-01-18,VZ,37.193219489568236,37.477834637171306,36.76492339033439
2019-01-18,WMT,32.34820445465206,32.63689411201281,31.924360381617397
2019-01-22,AAPL,50.488253331536896,51.21595455607539,49.71205519412337
2019-01-22,AMGN,160.47111187448553,162.90797422205162,158.76327956053066
2019-01-22,CRM,155.52655533606304,158.91300448890598,152.8891542656075
2019-01-22,CSCO,39.493650435646316,40.032962030019156,39.03626170765987
2019-01-22,IBM,90.62434803614538,91.85183191176759,88.55220650188652
2019-01-22,INTC,44.006317861054235,44.72554005615859,43.216827348485246
2019-01-22,MSFT,116.61543930062929,118.41421882625436,114.88321018006448
2019-01-22,NKE,85.52882011181774,86.87274689057475,84.06288767024033
2019-01-22,VZ,37.207986953314155,37.53929568568515,36.869667730300705
2019-01-22,WMT,32.33842624897548,32.67551057622156,31.956098573756055
2019-01-23,AAPL,50.06105106699516,50.71471879116513,49.20358939045618
2019-01-23,AMGN,159.72368305057998,161.8246269804855,157.7083530193818
2019-01-23,CRM,154.94104434570895,157.90825637149604,151.83040927507153
2019-01-23,CSCO,39.39944585933136,39.871698431502026,38.88784195862787
2019-01-23,IBM,90.5616911033606,91.71525665183042,88.36010254830144
2019-01-23,INTC,43.92435405637623,44.57558169027506,43.03844316411172
2019-01-23,MSFT,116.1572573090375,117.70930210572644,114.25271446408092
2019-01-23,NKE,85.43120859637749,86.63083359027597,83.83901771144609
2019-01-23,VZ,37.14358544043829,37.428861279320465,36.768182851889435
2019-01-23,WMT,32.22481719328453,32.51219250510771,31.808729922842158
2019-01-24,AAPL,49.66860373674275,50.34883298930033,48.851408338393426
2019-01-24,AMGN,158.8834167594646,160.97539936740037,156.91488959235897
2019-01-24,CRM,154.12843178852938,157.1699856057766,151.27026909903208
2019-01-24,CSCO,39.294157917285666,39.764560476381085,38.78949603851736
2019-01-24,IBM,90.6894975303247,91.82260810186696,88.48803374270146
2019-01-24,INTC,43.880900622315906,44.530665618403106,43.0072485261072
2019-01-24,MSFT,115.71172730738293,117.29981842185607,113.83391847627401
2019-01-24,NKE,85.32377002197168,86.53152985159045,83.7521945945694
2019-01-24,VZ,37.07000271045245,37.36178252246156,36.70240679956263
2019-01-24,WMT,32.133169480677125,32.42090564845228,31.72096360542071
2019-01-25,AAPL,49.26260292950115,49.989852454845874,48.50670944403504
2019-01-25,AMGN,158.15564725738616,160.48229393928256,156.52755556037997
2019-01-25,CRM,153.5581738095926,156.8199168700025,150.88027110433987
2019-01-25,CSCO,39.19347435962725,39.70556001017125,38.74747240915259
2019-01-25,IBM,90.76787113139177,91.99226586450254,88.64281550161716
2019-01-25,INTC,43.80586352961783,44.533084460712224,42.98015708133008
2019-01-25,MSFT,115.21459373634755,116.90422285490543,113.51699313632983
2019-01-25,NKE,85.18695077405135,86.53205541973938,83.73043798940752
2019-01-25,VZ,37.01528373900434,37.33024852355849,36.67564854262237
2019-01-25,WMT,32.019495484615646,32.33456154967806,31.637954327730963
2019-01-28,AAPL,48.93792123509865,49.561509153067796,48.098241554634384
2019-01-28,AMGN,157.4041068345789,159.50689423733073,155.47820458411456
2019-01-28,CRM,152.9719489067029,155.98928704522734,149.95194650000283
2019-01-28,CSCO,39.09959489597935,39.572696068105756,38.58537108574635
2019-01-28,IBM,90.90086314883084,92.03914058583993,88.68801916083156
2019-01-28,INTC,43.725034090519706,44.38938816423161,42.8370594768808
2019-01-28,MSFT,114.88019894677733,116.39010523099107,112.97132202093012
2019-01-28,NKE,85.17585260849467,86.40405067954231,83.58986749867462
2019-01-28,VZ,36.97378616701791,37.25280107265464,36.57814557331882
2019-01-28,WMT,31.925929263046513,32.210164636786196,31.51357801922453
2019-01-29,AAPL,48.78387210226909,49.45820163912389,48.039332455976684
2019-01-29,AMGN,157.34329058781202,159.66213424242994,155.7177826886542
2019-01-29,CRM,153.14030288357347,156.35010031428584,150.23261048377688
2019-01-29,CSCO,39.17173036291265,39.687380095039956,38.71828270977238
2019-01-29,IBM,91.1901243996111,92.40509761552266,89.11713002092687
2019-01-29,INTC,43.76183925167313,44.48394189081846,42.9674293912668
2019-01-29,MSFT,115.0509297223567,116.68686104148082,113.34316718728863
2019-01-29,NKE,85.45117221238057,86.74072820000667,84.00166479005233
2019-01-29,VZ,37.03541010617766,37.32846675598932,36.6544722709225
2019-01-29,WMT,31.952731463553498,32.28058135462551,31.558588984216925
2019-01-30,AAPL,48.49649313467946,49.201778923569876,47.725999525446895
2019-01-30,AMGN,156.9381517049533,159.211806095068,155.33541358551153
2019-01-30,CRM,152.69828239117516,155.88211630888864,150.155463378481
2019-01-30,CSCO,39.10584306468811,39.62291449696661,38.646290736041344
2019-01-30,IBM,91.46147527039952,92.67404881539512,89.27990676423468
2019-01-30,INTC,43.804639010765484,44.52772412666097,42.95911052503531
2019-01-30,MSFT,114.72072418675822,116.4110549374977,113.00226818872282
2019-01-30,NKE,85.4860744883233,86.82602485066445,83.96688955695448
2019-01-30,VZ,37.048886611162246,37.3602042084179,36.70591571847744
2019-01-30,WMT,31.935604369295714,32.25587869726405,31.54227358863967
2019-01-31,AAPL,48.26535680164238,49.028904592047105,47.54034689568693
2019-01-31,AMGN,156.59418340344112,159.14650878402668,154.8686886471076
2019-01-31,CRM,152.70750258678163,156.06183233975,150.09111557857307
2019-01-31,CSCO,39.08656682979495,39.64891077157835,38.637442668281636
2019-01-31,IBM,91.67027375923831,93.04613350266749,89.59561842917314
2019-01-31,INTC,43.803861459085084,44.56326521101479,43.023738205618535
2019-01-31,MSFT,114.58800753088396,116.4793280322066,112.89792348573312
2019-01-31,NKE,85.54422492214091,86.96128883963783,84.1130153800358
2019-01-31,VZ,37.01265465639074,37.38320344934198,36.67846249911351
2019-01-31,WMT,31.884813379206776,32.23171532588959,31.514505371269234
2019-02-01,AAPL,47.930806891863625,48.523362977182366,47.088625254466166
2019-02-01,AMGN,155.60301961923355,157.57215539512458,153.61283168638997
2019-02-01,CRM,151.99328059715165,154.7352393656257,149.05102131606446
2019-02-01,CSCO,38.97404413726403,39.41242833828022,38.45295073427865
2019-02-01,IBM,91.77397896678559,92.89062529351934,89.49763111350977
2019-02-01,INTC,43.70467267832333,44.32739040986684,42.806374895921365
2019-02-01,MSFT,114.1582848512266,115.64694922793635,112.25459564893323
2019-02-01,NKE,85.43313342505203,86.58441186143641,83.80478656459944
2019-02-01,VZ,36.928678913641214,37.189756911066944,36.50574620639476
2019-02-01,WMT,31.789753758590063,32.05225882416667,31.34844169096832
2019-02-04,AAPL,47.71690439893215,48.23422435874744,47.167075821000346
2019-02-04,AMGN,155.2057007248784,156.69995834715402,153.20096841745396
2019-02-04,CRM,153.1009686067199,154.57644247386068,149.6808303230075
2019-02-04,CSCO,38.93795325746231,39.27374337639145,38.494324164269024
2019-02-04,IBM,92.09228456867267,92.95992947326849,91.11300555885448
2019-02-04,INTC,44.51569255360385,44.99255446118383,43.27371118585314
2019-02-04,MSFT,113.52479967321818,114.6900084871789,112.26482401277185
2019-02-04,NKE,85.12604162110716,85.99164701176412,84.22088760198038
2019-02-04,VZ,36.799597393086486,37.13193131225372,36.48541065894387
2019-02-04,WMT,31.460209630828462,31.947347659208376,31.15713515709426
2019-02-05,AAPL,47.43802259202022,47.92907727759475,46.87654409904856
2019-02-05,AMGN,154.35029659941446,155.71018493624356,152.33688705601415
2019-02-05,CRM,153.71639379797182,154.85968860981842,150.17631796189062
2019-02-05,CSCO,38.86876936250934,39.16120813434642,38.42186797511738
2019-02-05,IBM,92.1956251365788,93.02582025084325,91.24939941842476
2019-02-05,INTC,45.18775665415074,45.627614193945135,43.87440316702592
2019-02-05,MSFT,112.58493216371222,113.7494569072001,111.2836766142013
2019-02-05,NKE,84.88983030643816,85.62326629828345,83.93474542483763
2019-02-05,VZ,36.564409132176316,36.9025557516293,36.237173681404954
2019-02-05,WMT,31.05874893758382,31.49504405972313,30.75906532173572
2019-02-06,AAPL,47.31923133152996,47.977129803078974,46.846217635639086
2019-02-06,AMGN,154.24728552679616,156.53583348859226,152.65548551042227
2019-02-06,CRM,154.6722635843896,156.9699038691423,152.02393960884174
2019-02-06,CSCO,38.93316108466596,39.41706591289494,38.559001454634526
2019-02-06,IBM,92.79869749923327,93.94452515427756,91.94987532275488
2019-02-06,INTC,45.976373807425304,46.67531602512472,44.910133003996336
2019-02-06,MSFT,112.42453958916677,113.95919701192346,111.29839919429315
2019-02-06,NKE,85.08699116057718,86.22630853838737,84.26503333845382
2019-02-06,VZ,36.52500628131498,36.931962318277414,36.241753566828535
2019-02-06,WMT,30.861094731050468,31.3237697546502,30.64799767130344
2019-02-07,AAPL,47.03591186715709,47.50774290240023,46.41360814529422
2019-02-07,AMGN,153.26358675617197,154.99303901796506,151.03433942171588
2019-02-07,CRM,154.8667045011013,156.58165529291688,151.72706684988756
2019-02-07,CSCO,38.85546935413087,39.21671320573008,38.360300137707476
2019-02-07,IBM,93.00647475255558,93.86945404204167,91.96224779012405
2019-02-07,INTC,46.57426692342487,47.10214261079516,45.36437419600902
2019-02-07,MSFT,111.88934707428123,112.98740376326955,110.46231536576862
2019-02-07,NKE,84.96292918009225,85.85773463694215,83.89139822372398
2019-02-07,VZ,36.3693267651939,36.67781477052086,35.991349507018484
2019-02-07,WMT,30.57250557443576,30.972047228986714,30.27291421448721
2019-02-08,AAPL,46.84417398118063,47.447707564230775,46.34585414158385
2019-02-08,AMGN,152.91424333113315,154.79978219556864,151.14648564068872
2019-02-08,CRM,155.92659333699388,157.71385723507535,152.76471892309993
2019-02-08,CSCO,38.87537860358738,39.27501957110349,38.46778714178739
2019-02-08,IBM,93.40535366305888,94.44372630832692,92.51345998882618
2019-02-08,INTC,47.36060204826738,47.976843271802295,46.12093708775883
2019-02-08,MSFT,111.4760109338949,112.85834465349193,110.28347542109367
2019-02-08,NKE,84.9895578734455,85.9655760296948,84.10910477339927
2019-02-08,VZ,36.281544097425886,36.65474423088805,35.98471510608396
2019-02-08,WMT,30.307005621355955,30.772476348697136,30.06408059403256
2019-02-11,AAPL,46.560369818449004,47.1111478734332,46.04674412804727
2019-02-11,AMGN,152.4825522687099,154.246176862991,150.6413176237701
2019-02-11,CRM,156.29159849811865,158.14374099280775,152.93543266121426
2019-02-11,CSCO,38.7774767154459,39.1702201114693,38.33466069995568
2019-02-11,IBM,93.6694302637002,94.58066713272218,92.66965899601236
2019-02-11,INTC,48.15739902868894,48.76665892763088,46.8871662210203
2019-02-11,MSFT,110.84726078791866,112.02879805974922,109.61938680491889
2019-02-11,NKE,84.85374369987363,85.75372995316359,83.87252973346068
2019-02-11,VZ,36.186523315326106,36.51528201876542,35.83719581976886
2019-02-11,WMT,30.01413173001046,30.455820289911724,29.757725305492187
2019-02-12,AAPL,46.3256794795296,46.916923506846125,45.79371651569574
2019-02-12,AMGN,152.1008805374381,154.067280666248,150.33147441523602
2019-02-12,CRM,156.75127801279214,158.8083624468927,153.81079430884202
2019-02-12,CSCO,38.715406606899656,39.14553018312314,38.29061137601932
2019-02-12,IBM,94.07560719451689,95.181075933373,93.14299964722588
2019-02-12,INTC,48.84388969532782,49.52440897604674,47.634666532541054
2019-02-12,MSFT,110.54624241121336,111.89221510353828,109.27542257031124
2019-02-12,NKE,84.83323527230446,85.89469991068363,83.91434409237608
2019-02-12,VZ,36.063605759609935,36.434974422184794,35.74433614612714
2019-02-12,WMT,29.783774561168126,30.208032910221625,29.546123488265014
2019-02-13,AAPL,46.02664492646985,46.520124891354634,45.37998030399726
2019-02-13,AMGN,151.6677888473927,153.69659230969145,149.51155057975353
2019-02-13,CRM,156.68234724126032,158.87069125591805,153.68282502415286
2019-02-13,CSCO,38.664579632152304,39.09685664118224,38.159711239446885
2019-02-13,IBM,94.64018834844876,95.66072162090516,93.49619505101566
2019-02-13,INTC,49.3938157772863,50.0631173161922,48.19185549579771
2019-02-13,MSFT,110.40974721951135,111.52470044014112,108.88131262536989
2019-02-13,NKE,84.940801286203,85.98419741631223,83.7973923863685
2019-02-13,VZ,36.0204181968598,36.31350914557428,35.61683555106891
2019-02-13,WMT,29.600191485574527,29.94731228345885,29.328545397914475
2019-02-14,AAPL,45.73584625256909,46.31205370115884,45.20413655379824
2019-02-14,AMGN,151.28503330534127,153.30870360491477,149.37148488365628
2019-02-14,CRM,157.29963694214325,159.31885986045273,154.10470931793319
2019-02-14,CSCO,38.61183943482765,39.035639514814164,38.165854268227
2019-02-14,IBM,94.91161576943753,95.98632695049463,93.96215428642628
2019-02-14,INTC,50.09082750832341,50.78386340741164,48.82707060962311
2019-02-14,MSFT,110.05749542013668,111.34960439353752,108.73367011998668
2019-02-14,NKE,84.99684234314614,86.02309071459965,83.98866286956688
2019-02-14,VZ,35.92359939578635,36.27845365465549,35.59606036428776
2019-02-14,WMT,29.36480003800589,29.784520117944286,29.12766198734371
2019-02-15,AAPL,45.57290251189702,46.10214175087897,45.08117121868638
2019-02-15,AMGN,150.8365685133685,152.49939654371846,148.95922249346822
2019-02-15,CRM,158.5102023526713,160.24658664736037,155.00951953705717
2019-02-15,CSCO,38.59368571863759,38.95591046254383,38.17748846374649
2019-02-15,IBM,95.1789772804124,96.12917880791875,94.16720215698327
2019-02-15,INTC,51.04479730284014,51.65343657461339,49.69327865677324
2019-02-15,MSFT,109.39994434709467,110.57147896360031,108.23115763106846
2019-02-15,NKE,84.88145969309525,85.76116960059345,83.92513557507368
2019-02-15,VZ,35.761422024832946,36.1223947906321,35.4516894926648
2019-02-15,WMT,29.054328601600105,29.496054876901688,28.793333550777483
2019-02-19,AAPL,45.28397191993824,45.78890405047119,44.73301893775812
2019-02-19,AMGN,150.1389975492567,152.01064029685784,148.3101096894336
2019-02-19,CRM,158.6349904959834,160.6981977849936,155.51948541461445
2019-02-19,CSCO,38.496185277025766,38.911099366007015,38.04748362223606
2019-02-19,IBM,95.45839176525833,96.46655107032163,94.43029102899362
2019-02-19,INTC,51.77587616369541,52.451372520140616,50.49744796524912
2019-02-19,MSFT,108.94181634146942,110.11401804798686,107.6315334587213
2019-02-19,NKE,84.71355468853217,85.72198555456178,83.69865763859178
2019-02-19,VZ,35.63043429643302,35.964463470595945,35.27251453596264
2019-02-19,WMT,28.80677116536309,29.203313078088687,28.548135783389903
2019-02-20,AAPL,44.95736083294913,45.39092170139274,44.32774568933978
2019-02-20,AMGN,149.23842149631713,150.83372759368908,147.09964221526485
2019-02-20,CRM,158.4956009956381,160.21002520148778,155.2254418812652
2019-02-20,CSCO,38.34490315806798,38.704486620839376,37.83745150458401
2019-02-20,IBM,95.81355259165636,96.71407600584088,94.65506645381316
2019-02-20,INTC,52.42081638324936,53.00336513569075,51.01658988355192
2019-02-20,MSFT,108.46774290654315,109.49343026508159,106.99518060550339
2019-02-20,NKE,84.42987594833386,85.3386730276154,83.35434366499071
2019-02-20,VZ,35.50350758138062,35.77228567010279,35.112816480199825
2019-02-20,WMT,28.548073605617876,28.920699442295394,28.25716289946213
2019-02-21,AAPL,44.82687946363899,45.34785927958747,44.29377440370644
2019-02-21,AMGN,148.92866470727452,150.81245695269178,147.13007183468204
2019-02-21,CRM,159.3507350988784,161.31461602779305,156.34887976526883
2019-02-21,CSCO,38.376106909592494,38.78485615050936,37.94669307480546
2019-02-21,IBM,96.3997020192446,97.44548159884471,95.43106444130682
2019-02-21,INTC,53.25397760794923,53.94006510298567,51.88737076311384
2019-02-21,MSFT,108.27244744444867,109.5707761046077,107.03580408186657
2019-02-21,NKE,84.46115583374498,85.48160891501443,83.55098032753752
2019-02-21,VZ,35.46637339650744,35.803403914946166,35.149499328832455
2019-02-21,WMT,28.348824061926262,28.770831449273548,28.100098172485005
2019-02-22,AAPL,44.44619504585277,44.943807332939116,43.88896047009411
2019-02-22,AMGN,148.133344495462,149.80120939513074,146.1508995402357
2019-02-22,CRM,159.73372784773076,161.44251256776892,156.22483317464543
2019-02-22,CSCO,38.27393385696398,38.651695044805884,37.809555902915115
2019-02-22,IBM,96.60724443184655,97.5864418721483,95.5353903600184
2019-02-22,INTC,53.96852512973095,54.62470468422842,52.51524238816428
2019-02-22,MSFT,107.56608462368054,108.72955522647136,106.23856010178378
2019-02-22,NKE,84.14695728015124,85.05177984757677,83.15277268773188
2019-02-22,VZ,35.33639674125046,35.651117147667186,34.99092583120959
2019-02-22,WMT,28.045826191395918,28.43647789798439,27.785104840906325
2019-02-25,AAPL,44.2039562292742,44.73002138465705,43.69688702890641
2019-02-25,AMGN,147.56460263356428,149.2048435700954,145.8061385679739
2019-02-25,CRM,160.7048536500761,162.30789607747897,157.27618491515594
2019-02-25,CSCO,38.22894049441939,38.5931954148328,37.81210412599215
2019-02-25,IBM,96.94044976462527,97.95781697995277,95.91378317600427
2019-02-25,INTC,54.863476322447845,55.52369367215507,53.380425049891294
2019-02-25,MSFT,106.96212706875859,108.17174301515283,105.75115069856196
2019-02-25,NKE,83.9690329651175,84.85794148446348,83.0458015662627
2019-02-25,VZ,35.179832585827285,35.52995265548382,34.88131362189441
2019-02-25,WMT,27.75809029921617,28.168772085985154,27.50350708806612
2019-02-26,AAPL,43.925345566124285,44.45795038307798,43.430354810695675
2019-02-26,AMGN,147.11544055015213,148.8908673138454,145.2218311627234
2019-02-26,CRM,161.3529696681855,163.28123602772428,157.9199677489931
2019-02-26,CSCO,38.14052144863808,38.55563341589387,37.702477709847614
2019-02-26,IBM,97.1559721010743,98.20898183818223,96.13756571402956
2019-02-26,INTC,55.693428273945095,56.44830782750033,54.2661089038409
2019-02-26,MSFT,106.36939077968427,107.59935603204346,105.15827560211828
2019-02-26,NKE,83.84466698484239,84.7945818430318,82.88821065569886
2019-02-26,VZ,35.049303010662896,35.404320924664425,34.73451456665512
2019-02-26,WMT,27.48830528931928,27.88761997946933,27.260839068842245
2019-02-27,AAPL,43.704910819832676,44.21605067142267,43.207511935435406
2019-02-27,AMGN,146.75813700548295,148.36383866109156,144.9627469389648
2019-02-27,CRM,162.08555803909903,163.8773453593349,158.58264910375362
2019-02-27,CSCO,38.08449582710925,38.4391285189148,37.66533301142266
2019-02-27,IBM,97.50391416938726,98.49710723015859,96.5064860003406
2019-02-27,INTC,56.612846287291006,57.28452547119452,55.08514613357806
2019-02-27,MSFT,105.801495710808,106.90754788178104,104.61712723021425
2019-02-27,NKE,83.72844600904645,84.6261021008651,82.8120477883057
2019-02-27,VZ,34.944523943338325,35.26298325759611,34.62102445771396
2019-02-27,WMT,27.216901772542123,27.6043245630594,26.977823374771813
2019-02-28,AAPL,43.58728808793971,44.15837199472293,43.08868860165971
2019-02-28,AMGN,146.90427831464953,148.82323415866395,145.28900282962783
2019-02-28,CRM,162.55560665937998,164.78827103878572,159.48155295176306
2019-02-28,CSCO,38.033825789880794,38.48712639943209,37.622368451739234
2019-02-28,IBM,98.26479488903612,99.36833648875432,97.23858566198544
2019-02-28,INTC,57.6017890239311,58.387468461097306,56.14561572528116
2019-02-28,MSFT,105.7441015448877,106.94025948989113,104.56529737397588
2019-02-28,NKE,83.8641438223416,84.9004483393051,83.00093378011262
2019-02-28,VZ,34.96162499682974,35.273215150295144,34.644788604838375
2019-02-28,WMT,27.05343474908002,27.45347465041283,26.825556664751904
2019-03-01,AAPL,43.446753577101404,44.0272050581519,43.00395794231329
2019-03-01,AMGN,146.62787350802043,148.46681488013934,144.99991561418489
2019-03-01,CRM,163.7074316713966,165.63141291230855,160.29644600340276
2019-03-01,CSCO,38.013762923096756,38.432255475395166,37.629398366422464
2019-03-01,IBM,98.54735289645066,99.66257084974107,97.6447632102152
2019-03-01,INTC,58.60459893732906,59.40075285784407,57.070540861467016
2019-03-01,MSFT,105.23922660938084,106.62158501647562,104.18255712952595
2019-03-01,NKE,83.83709985884158,84.81634811532044,83.01007787413906
2019-03-01,VZ,34.82678526733255,35.22817647040742,34.56197726090662
2019-03-01,WMT,26.787507693816906,27.219513005702407,26.59201763963088
2019-03-04,AAPL,43.31714377674934,43.87106450309365,42.88065570732897
2019-03-04,AMGN,146.09008603313393,147.97448452591271,144.26714955471252
2019-03-04,CRM,164.92652133335514,166.99452917707637,161.84289770672217
2019-03-04,CSCO,38.00846165961686,38.42568499960253,37.61766896088956
2019-03-04,IBM,98.95605312252499,100.06314139949015,98.06386888672236
2019-03-04,INTC,59.675540922781195,60.460130854411695,58.20328379049274
2019-03-04,MSFT,104.9064283551652,106.21851105280739,103.83683483491734
2019-03-04,NKE,83.86374362108624,84.90231209185647,83.019653843952
2019-03-04,VZ,34.752906740103064,35.125120867295394,34.48539586339883
2019-03-04,WMT,26.58361464017326,27.00321294847644,26.37010649944568
2019-03-05,AAPL,43.08656992260664,43.581950610857774,42.59285178952911
2019-03-05,AMGN,145.52817218728177,146.96231614347397,143.59077177577768
2019-03-05,CRM,165.73195579557859,167.26677236204455,161.96877199073663
2019-03-05,CSCO,37.90188319934478,38.25783708862178,37.461292035477236
2019-03-05,IBM,99.17361878200336,100.12965970930762,98.13207669875118
2019-03-05,INTC,60.70251464654278,61.36535282603371,59.01056671078439
2019-03-05,MSFT,104.16130400357707,105.27759922651309,102.97253154329732
2019-03-05,NKE,83.60120755850963,84.42340862016798,82.6727174242215
2019-03-05,VZ,34.59088057785621,34.91796231117918,34.294550541540346
2019-03-05,WMT,26.28001859047668,26.673477936676555,26.025815779821265
2019-03-06,AAPL,43.085143577253845,43.40669633357672,42.528979753228654
2019-03-06,AMGN,145.98633924991185,147.2592676202177,144.7745631330356
2019-03-06,CRM,166.19545561233434,168.85850490668616,162.71585343648832
2019-03-06,CSCO,38.056808103422966,38.37381310200252,37.57050099572606
2019-03-06,IBM,99.48779600491069,100.25841014864788,98.6895325303745
2019-03-06,INTC,60.89511313227842,61.455792387184715,59.91331331033912
2019-03-06,MSFT,104.40132324382176,105.31435794696843,103.17892128979199
2019-03-06,NKE,83.85471000328955,84.63379195614269,83.1570418415443
2019-03-06,VZ,34.650505574002864,34.84280430869449,34.2787158157317
2019-03-06,WMT,26.26173782328565,26.483568981803177,26.044529451037565
2019-03-07,AAPL,43.03943474438007,43.31239305527276,42.48585145250882
2019-03-07,AMGN,146.02060403361583,147.24784438438553,144.65661482897931
2019-03-07,CRM,166.374815897209,168.60121891390298,163.1031994881552
2019-03-07,CSCO,38.21655376926643,38.46600753386808,37.72371751655426
2019-03-07,IBM,99.70927638565293,100.33018133535444,98.87039347530454
2019-03-07,INTC,61.042428389595216,61.53316721583983,60.114419432325306
2019-03-07,MSFT,104.58637908903073,105.35288919670859,103.30522597504768
2019-03-07,NKE,84.01893340856837,84.65825884729168,83.26269220560978
2019-03-07,VZ,34.67046542405043,34.82966029184469,34.3195209953282
2019-03-07,WMT,26.224564028313686,26.412218679957622,25.992477958274456
2019-03-08,AAPL,43.3642429130462,43.837686377212805,42.86859486853069
2019-03-08,AMGN,147.34996125956275,149.12989985842964,146.095027938199
2019-03-08,CRM,168.54157043223447,171.21649513629478,165.71557267570716
2019-03-08,CSCO,38.60504276394912,39.02036422593143,38.153816822234155
2019-03-08,IBM,100.75439831692741,101.6892795108018,99.99130084209438
2019-03-08,INTC,61.73766773459565,62.5016385227529,60.907099895087505
2019-03-08,MSFT,105.58729664541258,106.76975217935052,104.45099438073358
2019-03-08,NKE,84.78568962763326,85.67075006042474,84.12795008002819
2019-03-08,VZ,34.88291181914085,35.176365383144834,34.622526367642
2019-03-08,WMT,26.297066371870518,26.561983270946325,26.09363341639167
2019-03-11,AAPL,43.36782071387994,43.709629559735816,42.76222463523242
2019-03-11,AMGN,147.90025254723218,149.12525617477817,146.30196602818833
2019-03-11,CRM,169.34967178268823,171.43502213976507,165.75375147802902
2019-03-11,CSCO,38.76316071494128,39.08468070885357,38.21445092303486
2019-03-11,IBM,101.24027186500919,101.95923810849355,100.293289658713
2019-03-11,INTC,62.06747711291369,62.63575077683531,61.06017233940825
2019-03-11,MSFT,105.98994347324825,106.86360243825344,104.5919713258029
2019-03-11,NKE,85.00602219776736,85.7157736590818,84.1497473592999
2019-03-11,VZ,34.94263491440101,35.164175293710024,34.59245232632286
2019-03-11,WMT,26.21180161756387,26.412160385614104,25.96114347051715
2019-03-12,AAPL,43.51217249775188,43.90661523638956,43.00001508402337
2019-03-12,AMGN,148.47538571885468,150.1043933606851,147.28650356363707
2019-03-12,CRM,170.5382690017854,173.2312077413541,167.48906007740996
2019-03-12,CSCO,39.00663586697685,39.37415305070162,38.543570746283784
2019-03-12,IBM,101.80434850111102,102.64146817487374,101.05114218222609
2019-03-12,INTC,62.482736448456045,63.156952627222964,61.59195052852544
2019-03-12,MSFT,106.60259456745227,107.66494413898675,105.41458332120875
2019-03-12,NKE,85.48212428262372,86.32921769133064,84.80223633847606
2019-03-12,VZ,35.062023045492225,35.30554392154497,34.75362667139948
2019-03-12,WMT,26.232389282200636,26.482433103113255,26.02629185854787
2019-03-13,AAPL,43.481742312497445,43.840533465681716,42.94849349523385
2019-03-13,AMGN,149.08522484736193,150.63493073602055,147.74493713499206
2019-03-13,CRM,170.92488366191964,173.7046795261623,167.41310661162225
2019-03-13,CSCO,39.09501414905109,39.47254083736571,38.57895399515811
2019-03-13,IBM,102.18040690429466,103.03681382258036,101.34888538183961
2019-03-13,INTC,62.81700303308563,63.4446820089931,61.79512054492551
2019-03-13,MSFT,106.90926758263159,107.882110471251,105.66376647434403
2019-03-13,NKE,85.72005787479813,86.59702544480959,84.94002164959412
2019-03-13,VZ,35.118493944206506,35.35912573269852,34.77485661950259
2019-03-13,WMT,26.220137078801077,26.467668283836282,26.0102904263105
2019-03-14,AAPL,43.63083794397768,44.035353178731576,43.0722058248885
2019-03-14,AMGN,150.26040770525623,151.7827626174689,148.8453222847453
2019-03-14,CRM,172.28250634345702,174.61745725075536,168.98588912942088
2019-03-14,CSCO,39.40579321823653,39.77611571502412,38.89676327992599
2019-03-14,IBM,103.01267919406133,103.88581690584923,102.14186196845417
2019-03-14,INTC,63.331814572001484,64.01758573743447,62.358445732113424
2019-03-14,MSFT,107.75881261153268,108.7596802953594,106.4305837876601
2019-03-14,NKE,86.33030959881417,87.18091205192945,85.53349267803512
2019-03-14,VZ,35.29871414221993,35.54718911790369,34.98279340862506
2019-03-14,WMT,26.228709794230948,26.464659931867637,26.002065508386607
2019-03-15,AAPL,43.66182631735152,44.12227812042545,43.02893884355211
2019-03-15,AMGN,151.29918547485335,152.84847562422217,149.56222983064484
2019-03-15,CRM,173.60162801718434,175.86940492959206,169.9899232275647
2019-03-15,CSCO,39.625515552086235,40.05346240714196,39.04635604766578
2019-03-15,IBM,103.69220966313253,104.61787662082034,102.68721851624102
2019-03-15,INTC,63.88209826351076,64.6416623391615,62.864744750866045
2019-03-15,MSFT,108.41945900563701,109.59344178741108,106.9063210755307
2019-03-15,NKE,86.90604568641676,87.74765799429639,85.90645695704741
2019-03-15,VZ,35.44178494414763,35.723752250923006,35.10458205080314
2019-03-15,WMT,26.18883624378782,26.422222419751467,25.927478840954045
2019-03-18,AAPL,43.833165024397054,44.23874003976677,43.237437389181615
2019-03-18,AMGN,152.39438472987973,153.97852443510956,150.91584475770046
2019-03-18,CRM,175.08300769692346,177.67354439437312,171.7213546709533
2019-03-18,CSCO,39.925896413746166,40.32287397202682,39.40269725821315
2019-03-18,IBM,104.44377662851113,105.2927323695344,103.54699026808231
2019-03-18,INTC,64.4173019446042,65.15045241567346,63.420753412040355
2019-03-18,MSFT,109.2687262289841,110.33782837273515,107.88493930673366
2019-03-18,NKE,87.58313017326898,88.39927051052052,86.71723400346154
2019-03-18,VZ,35.585741597652245,35.843027590124215,35.250102981315884
2019-03-18,WMT,26.22578586000087,26.465572724315745,26.000285166310075
2019-03-19,AAPL,43.83180642685896,44.150822412878476,43.322773471652425
2019-03-19,AMGN,152.7358908466121,154.16137728132838,151.4523847044366
2019-03-19,CRM,176.01750250792045,178.7824468895262,172.50192540227636
2019-03-19,CSCO,40.07586463127497,40.40655949766051,39.57649945882537
2019-03-19,IBM,104.99707093644524,105.71761156785705,104.16936039073538
2019-03-19,INTC,64.74140955175866,65.32744132945375,63.74274296800562
2019-03-19,MSFT,109.56293334640252,110.44270866869873,108.39490563536312
2019-03-19,NKE,87.79133118109938,88.5258459107119,87.12369518093874
2019-03-19,VZ,35.64824715574724,35.867140448743235,35.31847420097608
2019-03-19,WMT,26.213310742313258,26.43452183929259,26.01576751142064
2019-03-20,AAPL,43.91635337600642,44.2877006575134,43.3272450891813
2019-03-20,AMGN,153.41301358688762,154.89266058535628,151.8585834389383
2019-03-20,CRM,177.24846444544934,179.59980357039308,173.581866679871
2019-03-20,CSCO,40.27550820233773,40.649966882344145,39.71633687729309
2019-03-20,IBM,105.78816185403463,106.5989973990211,104.83166397566231
2019-03-20,INTC,65.16721876136039,65.81974101510426,64.09927136893748
2019-03-20,MSFT,110.18151431032173,111.12205401344299,108.78232622236827
2019-03-20,NKE,88.15296270272694,88.94090238835611,87.28964598031095
2019-03-20,VZ,35.7453693832666,35.99493506826462,35.4007440758196
2019-03-20,WMT,26.178678309218338,26.393388744781806,25.943385042421433
2019-03-21,AAPL,43.85509623864873,44.20558704704835,43.21851510715175
2019-03-21,AMGN,153.97047229252712,155.2410420005444,152.33140700568953
2019-03-21,CRM,177.61284451481293,179.75885363537466,173.675310198156
2019-03-21,CSCO,40.380280848169676,40.712831172645046,39.7904074736572
2019-03-21,IBM,106.16609103053702,106.97944405012818,105.16587182125417
2019-03-21,INTC,65.42501051684386,66.03734089421533,64.29401227181478
2019-03-21,MSFT,110.53883804415402,111.45766828966896,108.99526149022759
2019-03-21,NKE,88.3884272636093,89.16801822941284,87.45473775845016
2019-03-21,VZ,35.80555813093119,36.0185826071002,35.42353892009174
2019-03-21,WMT,26.080144280119942,26.27662776284575,25.81810501936464
2019-03-22,AAPL,44.11224071513408,44.53872004326105,43.5561623200525
2019-03-22,AMGN,154.90507751104084,156.61202931712316,153.5932513414555
2019-03-22,CRM,179.1142774529788,181.8191370784617,175.78041985541716
2019-03-22,CSCO,40.70223789170106,41.0994321453133,40.19863452430558
2019-03-22,IBM,106.93451826825051,107.88931616964769,106.10944933716944
2019-03-22,INTC,65.94043807510953,66.68214521546845,65.00266835463157
2019-03-22,MSFT,111.40042471601456,112.56728097774344,110.05872500475208
2019-03-22,NKE,89.03967396272442,89.96719350493619,88.27520629464932
2019-03-22,VZ,35.936823387777096,36.203762475199916,35.63129771426728
2019-03-22,WMT,26.09684214475655,26.336401571536786,25.877437405264466
2019-03-25,AAPL,44.2077133825026,44.55017068286747,43.58400746366017
2019-03-25,AMGN,155.51971889118806,156.8913141670394,153.9071285552203
2019-03-25,CRM,180.20221385839469,182.64697961866526,176.36827468287817
2019-03-25,CSCO,40.90952532605702,41.250503674250545,40.348621678639894
2019-03-25,IBM,107.40266043301108,108.20836518015916,106.42555429592377
2019-03-25,INTC,66.28636583717406,66.91689421075439,65.18028015423702
2019-03-25,MSFT,111.8254233589071,112.78522395958095,110.36398637102954
2019-03-25,NKE,89.41508887194784,90.17800878203902,88.55132994573778
2019-03-25,VZ,35.99240874802113,36.22284734273286,35.62922336325561
2019-03-25,WMT,26.065396974700253,26.268525889510663,25.82298399275297
2019-03-26,AAPL,44.31034318065473,44.64841638868106,43.744959300393354
2019-03-26,AMGN,155.87797369768055,157.3024610100033,154.4762732379726
2019-03-26,CRM,181.3237251831074,183.8815112650732,177.77210191634927
2019-03-26,CSCO,41.14879973652522,41.47073999449195,40.62014722903158
2019-03-26,IBM,107.99120706285217,108.73500857963738,107.08260508173393
2019-03-26,INTC,66.64205021807945,67.2456832588851,65.59424759226076
2019-03-26,MSFT,112.27360105589027,113.22925343081867,110.94347250855935
2019-03-26,NKE,89.81447773136361,90.55245737351144,89.05601646847174
2019-03-26,VZ,36.06920388957628,36.28657951969066,35.71653737822141
2019-03-26,WMT,26.069756490676642,26.27310750732126,25.846840168986752
2019-03-27,AAPL,44.454940257038544,44.81472079738841,43.870191997326835
2019-03-27,AMGN,156.95766380154961,158.37439738870012,155.43938082154992
2019-03-27,CRM,182.56914804566085,185.24435282971916,178.89629397224505
2019-03-27,CSCO,41.42333995448972,41.79288300478979,40.887072283272104
2019-03-27,IBM,108.67440183816586,109.48426661207559,107.74057409117397
2019-03-27,INTC,67.14575403785827,67.80030842401406,66.05248914078311
2019-03-27,MSFT,112.90969895129496,113.89199418935668,111.54217917336578
2019-03-27,NKE,90.38373737007517,91.14488077159277,89.54464192346104
2019-03-27,VZ,36.179341755846366,36.420257523464244,35.822425188410634
2019-03-27,WMT,26.082264803325618,26.304681914591622,25.863099935095082
2019-03-28,AAPL,44.401390191826835,44.76263035978899,43.86845362715437
2019-03-28,AMGN,157.60901744369582,159.20686193198947,156.27144107296124
2019-03-28,CRM,183.11398986531302,185.96796530955058,179.524275683625
2019-03-28,CSCO,41.59303885259736,41.962421726786154,41.0642842350278
2019-03-28,IBM,109.08727726925542,109.990336917047,108.23664946777706
2019-03-28,INTC,67.42871038096433,68.11732160615561,66.42238460809145
2019-03-28,MSFT,113.22855885073973,114.23895128460562,111.92890485048184
2019-03-28,NKE,90.70018044284323,91.55647825644051,89.91538285429542
2019-03-28,VZ,36.264819901001275,36.48351241984021,35.93161481974953
2019-03-28,WMT,26.07373864063791,26.31152853395658,25.86344884437413
2019-03-29,AAPL,44.43219493917609,44.88795405563252,43.89584242058139
2019-03-29,AMGN,159.18151328235615,161.04353546873233,157.86869671364096
2019-03-29,CRM,183.6520875239079,186.79068064349755,180.0206266925673
2019-03-29,CSCO,41.823141661095754,42.28984577315974,41.28123480307051
2019-03-29,IBM,109.73380674483056,110.93415768711075,108.87284202660204
2019-03-29,INTC,67.94905941988789,68.75466695762681,66.91162054423042
2019-03-29,MSFT,113.82434455162236,115.10925142949883,112.48941944204019
2019-03-29,NKE,91.25282387563948,92.41489006608987,90.41740007354267
2019-03-29,VZ,36.406454422021014,36.69543602038745,36.09463088065276
2019-03-29,WMT,26.10033454953481,26.372532455667034,25.887691322654597
2019-04-01,AAPL,44.718255581412066,45.08585128329884,44.193695780680414
2019-04-01,AMGN,160.41289277027647,162.12098039272513,159.12402618848336
2019-04-01,CRM,185.085909888026,188.04682539398345,181.7185288317724
2019-04-01,CSCO,42.191189414241876,42.57017712353623,41.69676761577261
2019-04-01,IBM,110.56653321721993,111.47454583076303,109.75713764442202
2019-04-01,INTC,68.473487206316,69.18124046066465,67.48407764167094
2019-04-01,MSFT,114.69767834433821,115.73556558460228,113.46450966159445
2019-04-01,NKE,91.91560550412359,92.8237680814631,91.2334867411803
2019-04-01,VZ,36.56530663123892,36.81129288630452,36.25023880886634
2019-04-01,WMT,26.159395701754182,26.404462428122045,25.969793756471798
2019-04-02,AAPL,44.91039599185775,45.34110873231529,44.41216669288159
2019-04-02,AMGN,161.5477337599852,163.18020186498097,160.35305319410418
2019-04-02,CRM,186.76080679723188,189.68097387733954,183.51366861056303
2019-04-02,CSCO,42.5261506701612,42.9337498783692,42.04867970001273
2019-04-02,IBM,111.36954400983728,112.28677961845484,110.60222727823792
2019-04-02,INTC,69.01632344344695,69.8009364775935,68.09177831394702
2019-04-02,MSFT,115.49704091123004,116.66334293925935,114.30764052646771
2019-04-02,NKE,92.5635711892559,93.4274688998492,91.90438075726047
2019-04-02,VZ,36.71563097862525,36.988380101529835,36.41951422637146
2019-04-02,WMT,26.179305393720792,26.42969556965208,25.986995353694716
2019-04-03,AAPL,44.94441383514953,45.266971364789214,44.36690568748242
2019-04-03,AMGN,162.34616405906652,163.71283528579355,160.87585565666046
2019-04-03,CRM,187.11394414360797,189.8986888291919,183.34075494577274
2019-04-03,CSCO,42.75657403219784,43.09413711709368,42.21087334645432
2019-04-03,IBM,111.8654401225228,112.69826656103025,110.93583282772612
2019-04-03,INTC,69.29219816473687,69.90429108461443,68.21057655401879
2019-04-03,MSFT,115.81429010122866,116.77205151860484,114.44771324533731
2019-04-03,NKE,92.8577697872071,93.68358652095382,92.04819774188458
2019-04-03,VZ,36.752585925747326,36.96089413738885,36.378740161307064
2019-04-03,WMT,26.167638671878823,26.36951700520466,25.9503817536327
2019-04-04,AAPL,45.03366014217115,45.46024784361068,44.61957514423074
2019-04-04,AMGN,162.3135590156297,163.78623294784128,161.19894499406257
2019-04-04,CRM,187.2411498873573,189.26560228894377,185.08924398160178
2019-04-04,CSCO,42.88690890309207,43.205918496115245,42.5531759471936
2019-04-04,IBM,112.0943599589586,112.80357815860158,111.44514204419781
2019-04-04,INTC,69.45224213654612,70.14107996446616,68.92790053895536
2019-04-04,MSFT,115.96610100904934,116.82977626940993,115.05889247025385
2019-04-04,NKE,92.80878458293803,93.61527389092953,92.04666923902303
2019-04-04,VZ,36.76352498696559,37.04197708616556,36.4926098713167
2019-04-04,WMT,26.149105927836434,26.343726701181797,25.95816008921041
2019-04-05,AAPL,45.09531471446158,45.51222537900385,44.669527020941466
2019-04-05,AMGN,162.1901360109153,163.62278025526868,161.02585040044067
2019-04-05,CRM,187.2015459934574,189.18183822112758,184.98210034797316
2019-04-05,CSCO,42.99578364382059,43.308053742764855,42.652343219255684
2019-04-05,IBM,112.27041939147134,112.95984840553565,111.592170427351
2019-04-05,INTC,69.55022781093261,70.22005681660303,69.00818514576378
2019-04-05,MSFT,116.04908478654293,116.88842932429706,115.10763122063298
2019-04-05,NKE,92.71058940080574,93.49599994719905,91.91462150687596
2019-04-05,VZ,36.75725442764242,37.03087612699128,36.47727952021425
2019-04-05,WMT,26.11810979476895,26.308899029364426,25.920341863785108
2019-04-08,AAPL,45.14886536548852,45.546773421009036,44.70715854485275
2019-04-08,AMGN,162.02070274495298,163.37387922600166,160.82463211197918
2019-04-08,CRM,187.18449577361645,189.029540708578,184.9035043501566
2019-04-08,CSCO,43.09564087876921,43.38936130306546,42.737475696284186
2019-04-08,IBM,112.41978600323851,113.07607682526589,111.73017438449911
2019-04-08,INTC,69.68468468941813,70.33647898849696,69.11306935794214
2019-04-08,MSFT,116.11616961982409,116.9067767420585,115.15573172822832
2019-04-08,NKE,92.58159321024436,93.33348677019053,91.79401996086624
2019-04-08,VZ,36.75065970777805,37.009642412281295,36.462410686526106
2019-04-08,WMT,26.082577330197914,26.260557618945217,25.884970002731443
2019-04-09,AAPL,45.20956489238379,45.63409406963045,44.78742975012996
2019-04-09,AMGN,161.9018909068214,163.35850210559406,160.74571095329472
2019-04-09,CRM,187.1083129911586,189.13712234078508,184.90533326564963
2019-04-09,CSCO,43.20533475353504,43.52601045490864,42.864679335005135
2019-04-09,IBM,112.5988558005845,113.30131025308634,111.91868743991138
2019-04-09,INTC,69.7574320115948,70.43426828631593,69.22307098957911
2019-04-09,MSFT,116.1946573629853,117.05176026738364,115.25457073745027
2019-04-09,NKE,92.48845091645579,93.2823922115659,91.68570027115717
2019-04-09,VZ,36.74172412935147,37.02056830187776,36.46394606017387
2019-04-09,WMT,26.051526282611437,26.24649664495519,25.85316212743905
2019-04-10,AAPL,45.29263776852254,45.72338672873191,44.87677133226629
2019-04-10,AMGN,161.85104937034137,163.3268292865762,160.73523704936073
2019-04-10,CRM,187.18259216189836,189.22432360437725,185.02896106646543
2019-04-10,CSCO,43.33225182498278,43.656842337858414,42.99593534181205
2019-04-10,IBM,112.81841642595714,113.53453819685075,112.1609555218904
2019-04-10,INTC,69.89348686928588,70.58622471166157,69.36788020072808
2019-04-10,MSFT,116.32956521613343,117.2004753377415,115.41586873445631
2019-04-10,NKE,92.43077547518722,93.23612483392179,91.66033786168681
2019-04-10,VZ,36.74768163032446,37.027933422783306,36.476571306481375
2019-04-10,WMT,26.030250292144185,26.225749998623545,25.83813560717737
2019-04-11,AAPL,45.38722142029043,45.82423402727396,44.975808886163506
2019-04-11,AMGN,161.83914910250624,163.3353880408321,160.74369150314618
2019-04-11,CRM,187.31684136488047,189.38762864064992,185.19067777025714
2019-04-11,CSCO,43.46883769686974,43.79887718862882,43.13583734744171
2019-04-11,IBM,113.06146805721487,113.78954023882095,112.41316117679364
2019-04-11,INTC,70.04921472847255,70.7521790655948,69.53096706138108
2019-04-11,MSFT,116.49230474317548,117.37761139850002,115.59054683577038
2019-04-11,NKE,92.39485604285603,93.20982667551834,91.63685487577467
2019-04-11,VZ,36.76011707315114,37.04346139422258,36.49280299692292
2019-04-11,WMT,26.01414372891218,26.211914315971438,25.824788744116475
2019-04-12,AAPL,45.47113765443537,45.899880079441,45.05080281438901
2019-04-12,AMGN,161.78680952327787,163.2472982026527,160.6652665072363
2019-04-12,CRM,187.40601218211924,189.42449074180325,185.23822110415983
2019-04-12,CSCO,43.59646704051806,43.91934405924726,43.25544666462491
2019-04-12,IBM,113.28106333938813,113.99366440154135,112.61892497949849
2019-04-12,INTC,70.19595115844035,70.88803798305939,69.6626549063819
2019-04-12,MSFT,116.6295551873831,117.49337798451441,115.71003296916459
2019-04-12,NKE,92.3354471026906,93.13388029875118,91.56929161231879
2019-04-12,VZ,36.76717274965506,37.04480130416158,36.494357577461
2019-04-12,WMT,25.992979282370687,26.185819813464956,25.8015900676185
2019-04-15,AAPL,45.525794345388746,45.94856147565738,45.0961974413389
2019-04-15,AMGN,161.64595320559695,163.08214836617833,160.4744105060273
2019-04-15,CRM,187.29595474978606,189.30188568275724,185.06595878560796
2019-04-15,CSCO,43.7021084705234,44.02249710500172,43.353700534071564
2019-04-15,IBM,113.44828257277346,114.14692646692995,112.75404308930348
2019-04-15,INTC,70.25836249210249,70.93258991073816,69.71268930086207
2019-04-15,MSFT,116.6926450654817,117.54178584967673,115.73732283418197
2019-04-15,NKE,92.23013561679689,93.0132249369238,91.42283029388032
2019-04-15,VZ,36.7545740606717,37.03080981141708,36.4733724758868
2019-04-15,WMT,25.959108393682474,26.15121288984963,25.759960798981787
2019-04-16,AAPL,45.57461404291122,45.99544251936239,45.141892377319806
2019-04-16,AMGN,161.4868595374601,162.91279070171993,160.30362260352737
2019-04-16,CRM,187.14850654166216,189.14387225067068,184.90323853676784
2019-04-16,CSCO,43.803422959581724,44.1228857058626,43.45206320182737
2019-04-16,IBM,113.60479401410932,114.29940462705618,112.90221433725377
2019-04-16,INTC,70.3059148553878,70.97556086538388,69.75584054602622
2019-04-16,MSFT,116.74100832063424,117.5847495734565,115.7765941969107
2019-04-16,NKE,92.11523409368007,92.89258640633845,91.30111872083603
2019-04-16,VZ,36.738197269846225,37.01332512597533,36.454843502352404
2019-04-16,WMT,25.922707080282727,26.1138384167429,25.72229986914398
2019-04-17,AAPL,45.643992621296945,46.05789448533823,45.207587957503904
2019-04-17,AMGN,161.37690308924215,162.76991693130546,160.21353737982855
2019-04-17,CRM,187.18655505960902,189.1041622383601,184.95117849091088
2019-04-17,CSCO,43.918726324841586,44.22896084210281,43.56249936269214
2019-04-17,IBM,113.79099727769629,114.47641423081244,113.10515917450329
2019-04-17,INTC,70.44892343205079,71.12198667370832,69.88855646727062
2019-04-17,MSFT,116.84403787415279,117.66856907697343,115.89478966824568
2019-04-17,NKE,92.02177834406135,92.78893011900537,91.24904796666218
2019-04-17,VZ,36.73859759295333,37.00534593495334,36.4565771385637
2019-04-17,WMT,25.894607638837662,26.077877779351788,25.70125261139269
2019-04-18,AAPL,45.74208270945895,46.17976795940095,45.32518481641053
2019-04-18,AMGN,161.37422631740918,162.85562853818666,160.2729261297571
2019-04-18,CRM,187.33654003459108,189.39233891537648,185.19683967959602
2019-04-18,CSCO,44.059406459260515,44.39154168459341,43.71969110978947
2019-04-18,IBM,114.04164341725844,114.77082468652463,113.38316499346006
2019-04-18,INTC,70.61169875542615,71.3162614699127,70.08500255163636
2019-04-18,MSFT,117.01429871003599,117.89681112921593,116.10269527230719
2019-04-18,NKE,91.9910846068584,92.79759475854631,91.239611545608
2019-04-18,VZ,36.75267695121012,37.034318119728674,36.48363045170941
2019-04-18,WMT,25.879815878006713,26.075227486319577,25.692106564491258
2019-04-22,AAPL,45.79989907498401,46.223354938913836,45.36651194506758
2019-04-22,AMGN,161.2409258574596,162.66609947423942,160.0711545541241
2019-04-22,CRM,187.25050131650505,189.2416384259127,185.01730933074214
2019-04-22,CSCO,44.168148983741204,44.48994471111263,43.814774554142595
2019-04-22,IBM,114.21433490711473,114.91462487072504,113.51575189695605
2019-04-22,INTC,70.68655961838023,71.36364067676341,70.13495414933759
2019-04-22,MSFT,117.08504236996515,117.93231398921432,116.12617141608663
2019-04-22,NKE,91.88948846755818,92.66683881217243,91.09036681555918
2019-04-22,VZ,36.742288724511404,37.01689007563766,36.460674092028896
2019-04-22,WMT,25.847251125381362,26.037181804667316,25.649857392541122
2019-04-23,AAPL,45.87023852487986,46.29948239308753,45.442238166050984
2019-04-23,AMGN,161.14334106969594,162.58617763253005,160.00711517523098
2019-04-23,CRM,187.25357712468053,189.25978880570946,185.06253346349263
2019-04-23,CSCO,44.28644475656856,44.61229266276061,43.93700624282103
2019-04-23,IBM,114.40877269758514,115.12147629060996,113.72874513611244
2019-04-23,INTC,70.80141820355834,71.49205578484525,70.25791013228152
2019-04-23,MSFT,117.18751781985313,118.04771119747949,116.2504692742971
2019-04-23,NKE,91.8059487757902,92.59320788668812,91.0264343782103
2019-04-23,VZ,36.74051365960822,37.01676883108465,36.46455107812204
2019-04-23,WMT,25.819968479940297,26.010748427599818,25.626277809613637
2019-04-24,AAPL,45.93901569798199,46.3820321558041,45.51936383498167
2019-04-24,AMGN,161.05964332060196,162.55413614393115,159.92861617767468
2019-04-24,CRM,187.1753323945884,189.2841259201297,185.0076902187649
2019-04-24,CSCO,44.406632832089336,44.747878500678276,44.0649197946954
2019-04-24,IBM,114.61171152017654,115.34708089816641,113.92556512352763
2019-04-24,INTC,70.85718500674966,71.55619882533345,70.33140314692702
2019-04-24,MSFT,117.28153197403886,118.17582154460302,116.34350364405422
2019-04-24,NKE,91.73580464565424,92.54211981281973,90.93757564550911
2019-04-24,VZ,36.732993693914615,37.02032843476836,36.46014778271559
2019-04-24,WMT,25.792869368369562,25.993186205504486,25.59703108854326
2019-04-25,AAPL,45.98553637493099,46.41345661379033,45.55207276386908
2019-04-25,AMGN,160.8893806434441,162.3221766564358,159.7273036187762
2019-04-25,CRM,187.0228843488798,189.0300519723643,184.80152984668098
2019-04-25,CSCO,44.50692419658349,44.8339124320788,44.15285999457666
2019-04-25,IBM,114.76273986021397,115.47123713618969,114.06273921762794
2019-04-25,INTC,70.90721158621763,71.5892926123004,70.35793578702815
2019-04-25,MSFT,117.3240913421583,118.17997745597783,116.36628631289872
2019-04-25,NKE,91.61419654675055,92.3937020604853,90.80384021286217
2019-04-25,VZ,36.7156995890421,36.992095619111836,36.43551873547474
2019-04-25,WMT,25.755368400578295,25.94631840627154,25.55588425244197
2019-04-26,AAPL,46.06380880462128,46.49571718089029,45.63499553899193
2019-04-26,AMGN,160.81854437173942,162.2617455738056,159.68638736401246
2019-04-26,CRM,187.06243499420836,189.07186012605888,184.8767365526163
2019-04-26,CSCO,44.63259980222118,44.961806848572245,44.28107036904793
2019-04-26,IBM,114.97419507423211,115.69196778612294,114.29149202174912
2019-04-26,INTC,71.03305861431589,71.72693058291935,70.48905195654629
2019-04-26,MSFT,117.4450772865476,118.3092743705432,116.50703808846087
2019-04-26,NKE,91.54596005498436,92.33241225170009,90.77584199247511
2019-04-26,VZ,36.71800150609037,36.99465878478601,36.44262706755697
2019-04-26,WMT,25.731606002547135,25.92220462532095,25.540220953930422
2019-04-29,AAPL,46.1214393867932,46.5460711964562,45.684087271433775
2019-04-29,AMGN,160.67835204210394,162.09107089426806,159.51760061020644
2019-04-29,CRM,186.99338655337266,188.9632242057666,184.76616908087368
2019-04-29,CSCO,44.74143661681513,45.06497309091391,44.38255602371853
2019-04-29,IBM,115.14387338366018,115.84743713054463,114.44421697919425
2019-04-29,INTC,71.1228455366256,71.80472141510438,70.56569019235724
2019-04-29,MSFT,117.51588242892115,118.36155292007228,116.55762344398356
2019-04-29,NKE,91.43921138548129,92.21059185225153,90.64818247259983
2019-04-29,VZ,36.70860437389388,36.980965679735554,36.42762812593915
2019-04-29,WMT,25.69871210645862,25.885748597323065,25.50285734051912
2019-04-30,AAPL,46.191791692756865,46.61652907008087,45.75451472263676
2019-04-30,AMGN,160.57617893737265,161.9852273845678,159.42486198407255
2019-04-30,CRM,187.00640126913393,188.96451453610044,184.7877654339894
2019-04-30,CSCO,44.86035937485212,45.18340695576918,44.50060310897408
2019-04-30,IBM,115.33692970595732,116.04163618387201,114.64252793217167
2019-04-30,INTC,71.24729716926396,71.93278562112349,70.68896593868413
2019-04-30,MSFT,117.6183419961355,118.46310370552872,116.66581160138024
2019-04-30,NKE,91.35240448259125,92.12309170719527,90.57923917630846
2019-04-30,VZ,36.707386241278044,36.97847403447106,36.42757608200617
2019-04-30,WMT,25.67122362496497,25.85683339672246,25.478877135216713
2019-05-01,AAPL,46.27136256494833,46.708716618375995,45.84359176009408
2019-05-01,AMGN,160.51012406868256,161.96384485072923,159.38940771731302
2019-05-01,CRM,187.04518242848258,189.07505883870382,184.8743346182292
2019-05-01,CSCO,44.988043357171314,45.323097081157485,44.636436719312066
2019-05-01,IBM,115.55225412570454,116.28009572573231,114.87049442081182
2019-05-01,INTC,71.3707178487642,72.07244898931856,70.82946084389567
2019-05-01,MSFT,117.74158087702337,118.61659612301858,116.80706380611102
2019-05-01,NKE,91.28733976135587,92.0775002656572,90.5189999279622
2019-05-01,VZ,36.70984479676356,36.98867451803798,36.43649905995757
2019-05-01,WMT,25.648020359111957,25.839836201842797,25.45731908927781
2019-05-02,AAPL,46.32265586344521,46.74710505755393,45.88118030816793
2019-05-02,AMGN,160.34917457662377,161.75154991359793,159.1814215812556
2019-05-02,CRM,186.93808040712088,188.89846759217616,184.69875087798624
2019-05-02,CSCO,45.092402786482225,45.4169056141778,44.728931155705226
2019-05-02,IBM,115.70991398547635,116.41281497508153,115.00138845648853
2019-05-02,INTC,71.44615159850176,72.12726765534799,70.88312333689449
2019-05-02,MSFT,117.79639622446054,118.63918477964246,116.82944128504097
2019-05-02,NKE,91.16946191891954,91.93476363728612,90.37298015462372
2019-05-02,VZ,36.69651306452399,36.96781523856825,36.41391829068091
2019-05-02,WMT,25.612389184974894,25.798065790489005,25.415608011778364
2019-05-03,AAPL,46.39409071375095,46.828462672165564,45.96093181784521
2019-05-03,AMGN,160.2567699233949,161.69300651906354,159.11994500408784
2019-05-03,CRM,186.92856813910745,188.9385358106959,184.7343029192486
2019-05-03,CSCO,45.21399722374196,45.547472131010174,44.85705678256157
2019-05-03,IBM,115.90971692777124,116.63151346159106,115.21569574012473
2019-05-03,INTC,71.55148352308393,72.2474579190952,71.00212069669338
2019-05-03,MSFT,117.89932780027034,118.7655165885419,116.95142481722785
2019-05-03,NKE,91.09023995591545,91.87107072745509,90.3137191113208
2019-05-03,VZ,36.69397810191724,36.970652952612944,36.41743107047117
2019-05-03,WMT,25.58565695190235,25.77545671006787,25.39341237716386
2019-05-06,AAPL,46.519196767692776,46.91813610856103,46.192234618732606
2019-05-06,AMGN,159.78740056844433,161.44458586761223,158.59072831193566
2019-05-06,CRM,186.72762560990682,188.65195548191986,184.85063239785103
2019-05-06,CSCO,45.188889187770336,45.516532344423325,44.89232154625164
2019-05-06,IBM,115.83103845660426,116.59235184337149,115.26884576601688
2019-05-06,INTC,71.39224690342193,72.06501589953646,70.8429482272054
2019-05-06,MSFT,118.16773990651133,118.99858711852393,117.34121414552689
2019-05-06,NKE,90.93552012669316,91.6968066089461,90.5351598897957
2019-05-06,VZ,36.68012440235724,36.94622483203263,36.46493095375501
2019-05-06,WMT,25.59350435500236,25.76909704770008,25.44417519118848
2019-05-07,AAPL,46.611328251514934,47.0049755143605,46.2702318686122
2019-05-07,AMGN,159.21455539957722,160.83974484220988,157.96539840712444
2019-05-07,CRM,186.36816128728637,188.25199893146197,184.44444796790137
2019-05-07,CSCO,45.143183191002144,45.46443264185554,44.84237106230185
2019-05-07,IBM,115.69012919274381,116.42650315967683,115.10215751530276
2019-05-07,INTC,71.15867324591888,71.81984200801132,70.60745585699532
2019-05-07,MSFT,118.33380418025554,119.13859887262501,117.48864220035192
2019-05-07,NKE,90.72345427935561,91.46090873243553,90.29087457184109
2019-05-07,VZ,36.64963921800735,36.91150694643165,36.42562723368358
2019-05-07,WMT,25.586202497654515,25.755523211411944,25.429756885843435
2019-05-08,AAPL,46.70729826900967,47.07007403654083,46.35438316997645
2019-05-08,AMGN,158.63943816295517,160.15123405100516,157.38092091387784
2019-05-08,CRM,186.01146102288055,187.74024599749833,183.98466600693664
2019-05-08,CSCO,45.08163045675248,45.37751634066807,44.754511836072346
2019-05-08,IBM,115.54066477307926,116.2472803383701,114.93618421343432
2019-05-08,INTC,70.99197575809652,71.60374837215815,70.37871059878617
2019-05-08,MSFT,118.5708669060834,119.33146630095385,117.66168135590004
2019-05-08,NKE,90.5061737242011,91.21584570250982,90.07652419826886
2019-05-08,VZ,36.61738435810633,36.86254826260568,36.38496144289888
2019-05-08,WMT,25.582096070289452,25.745964409240667,25.425588924105153
2019-05-09,AAPL,46.79288116127049,47.20035219937059,46.45306220360789
2019-05-09,AMGN,158.0557595194271,159.7098239121637,156.8129204138764
2019-05-09,CRM,185.62710460228334,187.5608209886905,183.74789392919698
2019-05-09,CSCO,45.03932288226815,45.369287276704924,44.74962463410567
2019-05-09,IBM,115.39375778828587,116.13663421995403,114.81050686997018
2019-05-09,INTC,70.7194695760612,71.39498030073005,70.19735224149025
2019-05-09,MSFT,118.69075524100302,119.51297662587146,117.86637448641605
2019-05-09,NKE,90.28825390821025,91.02969476863056,89.85190366282107
2019-05-09,VZ,36.58503449106598,36.85268618525141,36.36364939604483
2019-05-09,WMT,25.571024682876843,25.74157044449141,25.41361424773527
2019-05-10,AAPL,46.90836987647602,47.31574293434902,46.577868513432705
2019-05-10,AMGN,157.56253343037443,159.21252582496828,156.3726520991043
2019-05-10,CRM,185.37991631388144,187.31276503624247,183.5266978014095
2019-05-10,CSCO,45.010948276895675,45.340991031767935,44.719957693744576
2019-05-10,IBM,115.29838157754673,116.05661203667634,114.73631607686963
2019-05-10,INTC,70.52761302608216,71.19979977483337,69.99706586543364
2019-05-10,MSFT,118.91697640914869,119.75620794060562,118.09392668464399
2019-05-10,NKE,90.11877084026034,90.87351597542477,89.71420245168271
2019-05-10,VZ,36.56656955624937,36.834281667999534,36.35175639886993
2019-05-10,WMT,25.573762638766176,25.748914157924634,25.422954449380168
2019-05-13,AAPL,47.03638736909295,47.44994032970783,46.7106885105082
2019-05-13,AMGN,157.11026500720658,158.77425916253657,155.94411987052212
2019-05-13,CRM,185.19214300210342,187.14964545720193,183.36792469543244
2019-05-13,CSCO,44.99207395623699,45.326371478654124,44.705235585408076
2019-05-13,IBM,115.22739793192186,115.99605651347935,114.676299363619
2019-05-13,INTC,70.35646219067398,71.03462278659144,69.8342389426679
2019-05-13,MSFT,119.1744764530494,120.02925668654449,118.36153661340227
2019-05-13,NKE,89.97173410722664,90.73516589087305,89.57876571676421
2019-05-13,VZ,36.55455472974793,36.82508942932966,36.343692654035934
2019-05-13,WMT,25.581835642295562,25.759680080308154,25.433411205080862
2019-05-14,AAPL,47.15551872760606,47.55897017507284,46.821250300407556
2019-05-14,AMGN,156.62679122136177,158.24694920614644,155.4416677948234
2019-05-14,CRM,184.9573100969764,186.85732938842864,183.08859387290613
2019-05-14,CSCO,44.96264872132526,45.28764678018693,44.6669082562865
2019-05-14,IBM,115.13526308901028,115.88717041896211,114.5709113792767
2019-05-14,INTC,70.18132783975523,70.84125158016543,69.64132018236472
2019-05-14,MSFT,119.42053972810409,120.25480729445597,118.58219454577032
2019-05-14,NKE,89.80607261763046,90.55348130664544,89.40335634879247
2019-05-14,VZ,36.537023179726745,36.801420692007675,36.32082348752658
2019-05-14,WMT,25.586188248446447,25.760443197146888,25.435313940333323
2019-05-15,AAPL,47.23526424719943,47.6418973020967,46.88743850739992
2019-05-15,AMGN,156.02924914911904,157.6452382897964,154.78569715080758
2019-05-15,CRM,184.54315100441067,186.4415684168598,182.65145785896823
2019-05-15,CSCO,44.91524186836804,45.240327965994034,44.62260859208629
2019-05-15,IBM,114.97567441417672,115.70665935783113,114.3857107548302
2019-05-15,INTC,69.90112614161872,70.56188726986656,69.37814118353275
2019-05-15,MSFT,119.52460989557484,120.34080778800086,118.68375584170099
2019-05-15,NKE,89.57785088037507,90.30510453265738,89.13600393514555
2019-05-15,VZ,36.501244539902245,36.76565993188581,36.27711256953029
2019-05-15,WMT,25.5722238695671,25.740568211066453,25.4128105653124
2019-05-16,AAPL,47.30759796062508,47.713867075433775,46.95579024794447
2019-05-16,AMGN,155.41161585166586,157.01656686591573,154.1584632042183
2019-05-16,CRM,184.0953937796018,185.98255346107172,182.19706603727093
2019-05-16,CSCO,44.86393639989123,45.18754715191665,44.570985018248926
2019-05-16,IBM,114.80299731439582,115.52705236591743,114.20722028720589
2019-05-16,INTC,69.60449975220986,70.26096924514736,69.0841071756941
2019-05-16,MSFT,119.60404340957945,120.4143177167154,118.75918611935838
2019-05-16,NKE,89.33792255665547,90.05790572882593,88.88855636456934
2019-05-16,VZ,36.46191968923388,36.72531876449845,36.235797114614726
2019-05-16,WMT,25.554843420550547,25.721514095494808,25.393638910012836
2019-05-17,AAPL,47.416954139444606,47.801517125203986,47.06747384921071
2019-05-17,AMGN,154.89390234171466,156.42451064640156,153.68607279439806
2019-05-17,CRM,183.8058602615815,185.59184342400278,181.86430868173989
2019-05-17,CSCO,44.819055621992256,45.12608585765248,44.507127980903846
2019-05-17,IBM,114.68417416877404,115.40489318849058,114.09897754158997
2019-05-17,INTC,69.43947039082418,70.06159105918707,68.86879298849385
2019-05-17,MSFT,119.85095033481578,120.64815268726862,118.96531114314199
2019-05-17,NKE,89.14983970104164,89.86631114190237,88.73453067646541
2019-05-17,VZ,36.43746817113141,36.689945241081354,36.21246817629918
2019-05-17,WMT,25.55532858470161,25.723148377519365,25.4009435527181
2019-05-20,AAPL,47.549977937915074,47.96508172019045,47.21824694080954
2019-05-20,AMGN,154.4603401798579,156.0860485614173,153.3060214728306
2019-05-20,CRM,183.63660247775076,185.56300049863836,181.81446866950466
2019-05-20,CSCO,44.80277393029369,45.133233646589915,44.51478147485991
2019-05-20,IBM,114.62038775569806,115.3801007102044,114.06776185964802
2019-05-20,INTC,69.27816910680373,69.94163163722943,68.75929589763713
2019-05-20,MSFT,120.12102385947601,120.97603886978266,119.29515050746936
2019-05-20,NKE,89.01058355639299,89.76144678593504,88.61778198035516
2019-05-20,VZ,36.42731564179633,36.6953063287077,36.21549696677094
2019-05-20,WMT,25.564992003969092,25.74157918692227,25.41574809036419
2019-05-21,AAPL,47.63521287919471,48.04160859362902,47.28383205824535
2019-05-21,AMGN,153.88388623248662,155.4660807375496,152.65898483726548
2019-05-21,CRM,183.24600195937768,185.11452250465405,181.35735777056777
2019-05-21,CSCO,44.75665999230686,45.07785405011057,44.46200722557387
2019-05-21,IBM,114.46870211841419,115.19427859852051,113.88073182657256
2019-05-21,INTC,69.01796044723325,69.66508446866895,68.49408117720485
2019-05-21,MSFT,120.24694279463768,121.0638762160869,119.39414046448277
2019-05-21,NKE,88.7911922429996,89.51012681277976,88.35538283121335
2019-05-21,VZ,36.39362202624286,36.65544446492165,36.16960360670628
2019-05-21,WMT,25.553341802349216,25.721247047453613,25.39445750399297
2019-05-22,AAPL,47.738156507948105,48.145852521774884,47.39456979799897
2019-05-22,AMGN,153.3581990401248,154.93993339386634,152.17563486633614
2019-05-22,CRM,182.93305320295684,184.8055897689201,181.0698373240505
2019-05-22,CSCO,44.71710596032641,45.03921670534236,44.422627592882726
2019-05-22,IBM,114.34548897190493,115.08381412531664,113.77495605809452
2019-05-22,INTC,68.8077784945774,69.45364350246393,68.2805361869548
2019-05-22,MSFT,120.43987126222636,121.27216566491089,119.59048496674612
2019-05-22,NKE,88.59870166644903,89.32839715836184,88.18780216732142
2019-05-22,VZ,36.36766441875927,36.630093402958174,36.14917922667696
2019-05-22,WMT,25.54981587687833,25.72150628111996,25.396178055310465
2019-05-23,AAPL,47.825919080432584,48.261477768816654,47.48532551173214
2019-05-23,AMGN,152.80415404484816,154.46425772991495,151.6105434359175
2019-05-23,CRM,182.56566048901772,184.55501223225093,180.77924984539834
2019-05-23,CSCO,44.686393372308444,45.028314970090655,44.41454451893077
2019-05-23,IBM,114.21009668137937,114.96215841889581,113.6429199717509
2019-05-23,INTC,68.50988069322405,69.19146079289611,68.04000188709611
2019-05-23,MSFT,120.52540084581857,121.38780015487725,119.72559035211607
2019-05-23,NKE,88.39307380272477,89.13396064937906,87.9647924763049
2019-05-23,VZ,36.337893354323256,36.6133592101517,36.12304717929092
2019-05-23,WMT,25.537952143284627,25.71147765482007,25.380797971751413
2019-05-24,AAPL,47.897376013972355,48.31032014410827,47.545580738304125
2019-05-24,AMGN,152.1917331912218,153.77010148710556,150.98243122164544
2019-05-24,CRM,182.11229760707909,183.98879768658148,180.2489075896037
2019-05-24,CSCO,44.631330552147084,44.9548746797627,44.34100524188724
2019-05-24,IBM,114.03293837610056,114.75949760154514,113.44952906539838
2019-05-24,INTC,68.22325298263422,68.86899829355863,67.7136330819308
2019-05-24,MSFT,120.60887289544665,121.43432019824196,119.76181191138011
2019-05-24,NKE,88.1515681039165,88.86864998392738,87.71902822361106
2019-05-24,VZ,36.297321499318414,36.56058673292625,36.07502422043287
2019-05-24,WMT,25.520054500129937,25.68846046851734,25.361466377635473
2019-05-28,AAPL,48.008815476936356,48.42005763459415,47.66397816244863
2019-05-28,AMGN,151.6967148455203,153.26541714369472,150.52834691087344
2019-05-28,CRM,181.8388669172419,183.70611236949117,179.9916383711224
2019-05-28,CSCO,44.59879655503509,44.92103997385912,44.30608893244481
2019-05-28,IBM,113.92623373868177,114.66337799124013,113.35891464017327
2019-05-28,INTC,68.0254168172164,68.66570121608893,67.50616371883945
2019-05-28,MSFT,120.81943762128485,121.65666089549771,119.96999376043583
2019-05-28,NKE,87.97478764782589,88.70071511209125,87.56714280319362
2019-05-28,VZ,36.27566956216797,36.538093651997876,36.05823103987895
2019-05-28,WMT,25.519835003723124,25.691647926663993,25.366480676026463
2019-05-29,AAPL,48.09790470396376,48.502756525939695,47.74390321028378
2019-05-29,AMGN,151.13505593291598,152.67283326873232,149.94197579419148
2019-05-29,CRM,181.46144050342045,183.28851428178604,179.58015821450084
2019-05-29,CSCO,44.5495395903442,44.86537190731127,44.25166979361968
2019-05-29,IBM,113.77647976526391,114.4970758093321,113.19452058654632
2019-05-29,INTC,67.79175543934738,68.41972240784914,67.26526710481747
2019-05-29,MSFT,120.97252522015062,121.79080057926379,120.10510885418438
2019-05-29,NKE,87.75953532599638,88.46966103941809,87.3368886612597
2019-05-29,VZ,36.24254491201886,36.50071095254913,36.01970268505003
2019-05-29,WMT,25.50997378161653,25.677881157752026,25.353052484665714
2019-05-30,AAPL,48.204105530703075,48.60567513502666,47.85134756664496
2019-05-30,AMGN,150.62264265817097,152.1437411915881,149.4468790667906
2019-05-30,CRM,181.15909909889268,182.96657753076525,179.27648152554463
2019-05-30,CSCO,44.508406016982356,44.82118715043267,44.207265729340875
2019-05-30,IBM,113.65537713446572,114.37701775170629,113.07859396745954
2019-05-30,INTC,67.5995091929174,68.21993891394689,67.06431374136302
2019-05-30,MSFT,121.18410772027288,122.00353852518867,120.30877948193813
2019-05-30,NKE,87.5709127286505,88.28122435829981,87.15872522892582
2019-05-30,VZ,36.217154432992054,36.47332214635132,35.9955448399038
2019-05-30,WMT,25.507709886445284,25.676448378891163,25.3528485422359
2019-05-31,AAPL,48.316046493142316,48.73443069204836,47.97182961072737
2019-05-31,AMGN,150.13345753312075,151.70051708031005,148.98427614076823
2019-05-31,CRM,180.88749749531195,182.76601354668279,179.0672950550476
2019-05-31,CSCO,44.47735162171579,44.80223142126905,44.188999600469934
2019-05-31,IBM,113.54998804358087,114.29052255170855,112.98927839549887
2019-05-31,INTC,67.39751869745433,68.03815199984884,66.89045335068138
2019-05-31,MSFT,121.38916439147414,122.23879744537606,120.54509276136623
2019-05-31,NKE,87.39597953206345,88.12233158840615,86.99411379405535
2019-05-31,VZ,36.19576578085385,36.45993662018828,35.98074611018624
2019-05-31,WMT,25.507262806988237,25.680281956406695,25.35473685006996
2019-06-03,AAPL,48.39765615085455,48.803577417835065,48.03878147619222
2019-06-03,AMGN,149.55458910851596,151.07094678352786,148.36382241094955
2019-06-03,CRM,180.47622672743583,182.28560890054513,178.59550447580315
2019-06-03,CSCO,44.423288495441014,44.73692787808866,44.12519390057024
2019-06-03,IBM,113.38641446887334,114.1000279187922,112.80151854537638
2019-06-03,INTC,67.14905968455314,67.76903150684913,66.62620600181599
2019-06-03,MSFT,121.51806679379263,122.33458520499819,120.64293714416907
2019-06-03,NKE,87.16918234946412,87.8704707663997,86.74324239476483
2019-06-03,VZ,36.158872718246606,36.415580239080654,35.93484956527846
2019-06-03,WMT,25.49390188427634,25.66052273249353,25.335708661389532
2019-06-04,AAPL,48.50014747278248,48.91705034969782,48.14957921757337
2019-06-04,AMGN,149.0407457126157,150.58533217712295,147.88159329015653
2019-06-04,CRM,180.16171036899152,182.0165730267279,178.3296060789214
2019-06-04,CSCO,44.38639085553667,44.70790673776259,44.09636702134636
2019-06-04,IBM,113.26377547962474,113.99376395567174,112.69528429218256
2019-06-04,INTC,66.92858628936601,67.56049945422284,66.42208971992733
2019-06-04,MSFT,121.69370892053784,122.53478125751671,120.83967846923417
2019-06-04,NKE,86.97920892542248,87.69430282892564,86.568509017594
2019-06-04,VZ,36.132809850882175,36.39473267026444,35.91494730856805
2019-06-04,WMT,25.489146648194186,25.659809278520964,25.334305830369928
2019-06-05,AAPL,48.34456213547933,48.843821467884986,47.87069361309724
2019-06-05,AMGN,148.68603817964953,150.2420178209317,147.41790971112937
2019-06-05,CRM,179.42849491030782,181.4647604434287,177.219620377142
2019-06-05,CSCO,44.287421004430854,44.68825974028928,43.9516133488404
2019-06-05,IBM,112.97755116898865,113.74360210916075,112.16296190080503
2019-06-05,INTC,66.57630517324446,67.36816258175305,65.97110400583946
2019-06-05,MSFT,121.51867256286549,122.51145632317373,120.55437182385045
2019-06-05,NKE,86.67547380628461,87.42734600062964,86.02523883520126
2019-06-05,VZ,36.020667851677466,36.33393553243122,35.76663131999814
2019-06-05,WMT,25.447742505091124,25.61456987989124,25.27315652682353
2019-06-06,AAPL,48.12671141350674,48.61852668690238,47.66055057837018
2019-06-06,AMGN,148.2086514213278,149.73219950053968,146.94916061743453
2019-06-06,CRM,178.4306462164819,180.42494914886495,176.34532862715224
2019-06-06,CSCO,44.14242617156233,44.53126041087231,43.80377122446076
2019-06-06,IBM,112.56162143272813,113.313736681241,111.77568637158494
2019-06-06,INTC,66.14352653390739,66.92461832489161,65.54121984786754
2019-06-06,MSFT,121.21418834270695,122.18741631842616,120.2519248970304
2019-06-06,NKE,86.24444931100547,86.98425167383884,85.62744652475762
2019-06-06,VZ,35.89586688126249,36.19659404356027,35.631987268537884
2019-06-06,WMT,25.392026919045588,25.55516513955261,25.214473090011776
2019-06-07,AAPL,47.98971527351543,48.44464179791757,47.465445151687156
2019-06-07,AMGN,147.79663324393766,149.22305263623863,146.38338038464036
2019-06-07,CRM,177.7494984673686,179.57890017010908,175.20781612931944
2019-06-07,CSCO,44.05190524373491,44.42742361646479,43.686525355721265
2019-06-07,IBM,112.32611127028754,113.01722302572632,111.4020721441434
2019-06-07,INTC,65.80915495203084,66.53384540601046,65.14525041837362
2019-06-07,MSFT,121.04738543701419,121.9444834062321,119.97941424617416
2019-06-07,NKE,86.00714003122349,86.68794248456226,85.24672247863262
2019-06-07,VZ,35.76105856550297,36.06377586125644,35.49455567706071
2019-06-07,WMT,25.337722761798386,25.48777707667326,25.15069052729073
2019-06-10,AAPL,47.727819614386135,48.22955359646505,47.29113992306078
2019-06-10,AMGN,147.2759126531185,148.82463363509288,146.09053456997702
2019-06-10,CRM,176.58185686218278,178.61640439088862,174.73815130382764
2019-06-10,CSCO,43.87653466487008,44.266704555265804,43.5507565002286
2019-06-10,IBM,111.81049547545902,112.58070871800466,111.09303568253011
2019-06-10,INTC,65.32636421294818,66.11875197759939,64.75816089737592
2019-06-10,MSFT,120.66383906467998,121.66134664069085,119.7504602033005
2019-06-10,NKE,85.46957126203304,86.22518159894061,84.92482835651228
2019-06-10,VZ,35.639550579160854,35.935087145728254,35.37749503534808
2019-06-10,WMT,25.27949572574984,25.44674535738253,25.10636274481175
2019-06-11,AAPL,47.53922204196672,48.035924569911664,47.08695663676791
2019-06-11,AMGN,146.8750578866571,148.4237014150998,145.65553649692387
2019-06-11,CRM,175.72000305926244,177.73773351078444,173.6983664061485
2019-06-11,CSCO,43.753761641777444,44.14961088308656,43.42648000844488
2019-06-11,IBM,111.45020080222824,112.21494534710816,110.68431202586302
2019-06-11,INTC,64.93860278469766,65.72000544120165,64.36098895296882
2019-06-11,MSFT,120.42372179189074,121.41817417446264,119.48968639362536
2019-06-11,NKE,85.08921011869725,85.83656463208382,84.49185379526425
2019-06-11,VZ,35.526550328046085,35.8321309162415,35.274100762533315
2019-06-11,WMT,25.23361984803037,25.4007477437714,25.061627270162727
2019-06-12,AAPL,47.36495496477524,47.86493009879125,46.91777762721978
2019-06-12,AMGN,146.51461320472728,148.07766850690265,145.3108858106671
2019-06-12,CRM,174.924277418764,176.9580247805802,172.91383707122273
2019-06-12,CSCO,43.64210506222191,44.0418025912944,43.31958730351179
2019-06-12,IBM,111.11733049729368,111.88918246028672,110.35718311968036
2019-06-12,INTC,64.5721466862789,65.35589071140795,64.00403152557038
2019-06-12,MSFT,120.21643406397828,121.22213699340654,119.29399541390777
2019-06-12,NKE,84.73346086886303,85.48584461914264,84.14094647630449
2019-06-12,VZ,35.42004573277832,35.72823063973931,35.17232864849326
2019-06-12,WMT,25.193161572551816,25.362374254822353,25.02353394383701
2019-06-13,AAPL,47.195075712065325,47.68175895992869,46.73449645085621
2019-06-13,AMGN,146.13656439964075,147.6610168625035,144.89311564484368
2019-06-13,CRM,174.1397323499825,176.11123886960473,172.0389102164008
2019-06-13,CSCO,43.53209240361093,43.923917631839565,43.201479048207375
2019-06-13,IBM,110.79714245408748,111.54670592989721,110.00722732130717
2019-06-13,INTC,64.21003924239027,64.97316652462162,63.62689360947388
2019-06-13,MSFT,120.0091764190935,120.98679918704866,119.05806842102055
2019-06-13,NKE,84.39569171144718,85.12666733897072,83.7733527988637
2019-06-13,VZ,35.30733178663317,35.611771336059164,35.0560119841645
2019-06-13,WMT,25.148948655816483,25.313245106060727,24.9758003663626
2019-06-14,AAPL,46.93051171382574,47.41948169642279,46.49713396417451
2019-06-14,AMGN,145.6030230306608,147.11925768204912,144.4180171410543
2019-06-14,CRM,172.9644493021552,174.9361940512642,171.14119285467035
2019-06-14,CSCO,43.35330429173022,43.735075531249436,43.02801989276325
2019-06-14,IBM,110.27466530089046,111.02634941458628,109.56028370162362
2019-06-14,INTC,63.729384029364546,64.49646128271395,63.169098889671496
2019-06-14,MSFT,119.6126160375879,120.5906302172826,118.69742997125157
2019-06-14,NKE,83.85567242273592,84.59000387508428,83.31487188125159
2019-06-14,VZ,35.18453055051574,35.473586986688574,34.92279340929388
2019-06-14,WMT,25.08866447838679,25.252707424915567,24.915142471577028
2019-06-17,AAPL,46.65343007767488,47.13889528736304,46.22535458138827
2019-06-17,AMGN,145.04349318160587,146.5485739674843,143.86768987944447
2019-06-17,CRM,171.73699548188566,173.69002118176215,169.96380668278115
2019-06-17,CSCO,43.16470337992413,43.54226479568497,42.84036845177934
2019-06-17,IBM,109.7259583731407,110.47221115328918,109.02479347699654
2019-06-17,INTC,63.2339537622351,63.99471072117582,62.679136838092525
2019-06-17,MSFT,119.18736053364219,120.15893240737181,118.2776659130918
2019-06-17,NKE,83.2922356484496,84.02063784738272,82.76576140955396
2019-06-17,VZ,35.05974328172215,35.344806754846275,34.79623267346975
2019-06-17,WMT,25.025401234573394,25.188411267879196,24.85162963889328
2019-06-18,AAPL,46.508807809508,46.96704938447959,46.02578426327434
2019-06-18,AMGN,144.661958058556,146.1080128789796,143.3484225266333
2019-06-18,CRM,171.0446999428645,172.88360412204534,168.77745267122904
2019-06-18,CSCO,43.06967839858691,43.44556134777546,42.7259520555999
2019-06-18,IBM,109.46575959075157,110.16918966991786,108.62137817369276
2019-06-18,INTC,62.90311362431682,63.62051082877366,62.29733491716599
2019-06-18,MSFT,119.01189444281113,119.93279862005107,118.01055214409676
2019-06-18,NKE,83.02615408568451,83.71110371978817,82.34907233267819
2019-06-18,VZ,34.93903886639987,35.236658072385445,34.683372214732984
2019-06-18,WMT,24.977537356309522,25.13221944558097,24.798626927766783
2019-06-19,AAPL,46.34471362989027,46.83143409795152,45.9042133611739
2019-06-19,AMGN,144.32327581339618,145.8552327552705,143.128645227165
2019-06-19,CRM,170.2986052910829,172.26702793042938,168.33211389913373
2019-06-19,CSCO,42.96477838391443,43.35662249853601,42.64533262888282
2019-06-19,IBM,109.1513084171724,109.90510671506043,108.3996276411656
2019-06-19,INTC,62.55682950361399,63.3126537010214,62.00265710523094
2019-06-19,MSFT,118.82179171096695,119.81000675316957,117.90367690726511
2019-06-19,NKE,82.68966398920949,83.41993029905845,82.10712574914746
2019-06-19,VZ,34.83668451602044,35.138835288253816,34.59186287253275
2019-06-19,WMT,24.939631857652078,25.10611171256695,24.7708494948074
2019-06-20,AAPL,46.10195466355781,46.57831561188059,45.6687311414293
2019-06-20,AMGN,143.81882623884573,145.30672140566475,142.6288746230651
2019-06-20,CRM,169.21704720802012,171.1290057937338,167.3670386470113
2019-06-20,CSCO,42.80031710223403,43.17631165303412,42.47606794251498
2019-06-20,IBM,108.67423605875253,109.40843558673592,107.95130151719324
2019-06-20,INTC,62.109207487142235,62.85089144724766,61.55557382227371
2019-06-20,MSFT,118.46104596716555,119.42145566685487,117.54154778078478
2019-06-20,NKE,82.19977417750945,82.91324430673414,81.64975843145457
2019-06-20,VZ,34.716214182021886,35.002495232689114,34.458149210374145
2019-06-20,WMT,24.88186121182669,25.043175834035793,24.708748794418987
2019-06-21,AAPL,45.90375435346812,46.376910874271296,45.46173771854257
2019-06-21,AMGN,143.38376456237054,144.87299107002198,142.17505313470343
2019-06-21,CRM,168.32027082172914,170.221774292078,166.3687079499425
2019-06-21,CSCO,42.668018762308634,43.04823376435649,42.34383216714981
2019-06-21,IBM,108.29187967241565,109.02310723626358,107.53998783437862
2019-06-21,INTC,61.71894718106016,62.45304287488833,61.161645733885926
2019-06-21,MSFT,118.1880718041838,119.14772890024368,117.25755480053347
2019-06-21,NKE,81.80434461295731,82.51255196731519,81.22345365081031
2019-06-21,VZ,34.59927548521539,34.89272769908323,34.34872040878616
2019-06-21,WMT,24.830750510563398,24.99225584354036,24.658908833596115
2019-06-24,AAPL,45.6112725910809,46.11082015185233,45.22725172438637
2019-06-24,AMGN,142.85147979702637,144.40741278542794,141.79145264185084
2019-06-24,CRM,167.05500350886936,169.06791236502974,165.56743606871726
2019-06-24,CSCO,42.46975308718042,42.85476040437135,42.17014298743355
2019-06-24,IBM,107.69894296121166,108.47478118126521,107.08654592582607
2019-06-24,INTC,61.21764790210652,61.989173347099126,60.72075064200118
2019-06-24,MSFT,117.74210060834709,118.75888005357831,116.91237296958664
2019-06-24,NKE,81.19075847660626,81.94053209611123,80.75373423470154
2019-06-24,VZ,34.48925009767096,34.77357916777866,34.23788098063989
2019-06-24,WMT,24.774269079067892,24.945619120365386,24.610376093370498
2019-06-25,AAPL,45.34583154492417,45.818243427263155,44.92740428164548
2019-06-25,AMGN,142.29789035046895,143.77950684472546,141.14031912461652
2019-06-25,CRM,165.88317887835305,167.77392806766645,164.14216004997792
2019-06-25,CSCO,42.28744664945466,42.6598678586279,41.97012254609485
2019-06-25,IBM,107.1722211995173,107.90267775418087,106.47951704702035
2019-06-25,INTC,60.74589907250541,61.4770481266418,60.21196128155903
2019-06-25,MSFT,117.32898085046043,118.28814033728827,116.43151431805087
2019-06-25,NKE,80.65500719413309,81.3612426521593,80.13676533584349
2019-06-25,VZ,34.36333196466229,34.646047802991134,34.1078930624118
2019-06-25,WMT,24.710180211226287,24.87171887003712,24.539255019597313
2019-06-26,AAPL,45.1573876117098,45.62440525061544,44.72408600118703
2019-06-26,AMGN,141.89188446794105,143.37059446516523,140.70068471820525
2019-06-26,CRM,165.0345451310395,166.9061860544567,163.1265076637598
2019-06-26,CSCO,42.16216095175601,42.53888357867863,41.84303397585794
2019-06-26,IBM,106.80735062719816,107.53131504108062,106.06821742776839
2019-06-26,INTC,60.37347627437559,61.09366100742742,59.830490222752125
2019-06-26,MSFT,117.07563901440457,118.03003160566303,116.15755255095992
2019-06-26,NKE,80.27708381758035,80.97453051387583,79.70920311810703
2019-06-26,VZ,34.25239382993909,34.543153417709135,34.00494650280405
2019-06-26,WMT,24.663122488704772,24.82420457980243,24.492998649981963
2019-06-27,AAPL,44.944200354185256,45.40247773481131,44.509140038920044
2019-06-27,AMGN,141.41825120319763,142.86763376996606,140.21551602419353
2019-06-27,CRM,164.07766789065099,165.90623650079038,162.18313365618434
2019-06-27,CSCO,42.0171311057185,42.38583582054705,41.69398998221558
2019-06-27,IBM,106.39268189449267,107.10157075097244,105.65359032195249
2019-06-27,INTC,59.969148940724914,60.67611509843611,59.42229826911897
2019-06-27,MSFT,116.76297820395786,117.6975201402351,115.8348907670711
2019-06-27,NKE,79.85515987129487,80.53854825564822,79.28893116546101
2019-06-27,VZ,34.131460074819536,34.416054765722095,33.87924048758566
2019-06-27,WMT,24.606878934250904,24.764420356751206,24.43429683435405
2019-06-28,AAPL,44.767011946747054,45.21888843212374,44.32167542852694
2019-06-28,AMGN,141.00981618951351,142.44683541956263,139.781235139457
2019-06-28,CRM,163.27184472947613,165.0735654445305,161.27791495893726
2019-06-28,CSCO,41.89869160757484,42.26727757471476,41.57282391385603
2019-06-28,IBM,106.05345782132494,106.7530183398148,105.28472091137135
2019-06-28,INTC,59.61163662282113,60.30719522201234,59.057469276937134
2019-06-28,MSFT,116.52437257966204,117.44888032072531,115.5791440093487
2019-06-28,NKE,79.50612005538788,80.17921522699706,78.9090748877171
2019-06-28,VZ,34.01601960857111,34.30330978173235,33.767056269533185
2019-06-28,WMT,24.55771446294567,24.713672087934764,24.384727876143334
2019-07-01,AAPL,44.572244145132906,45.03744377704549,44.15036153102996
2019-07-01,AMGN,140.60096601582302,142.07883690611246,139.4373015565278
2019-07-01,CRM,162.40439502406525,164.26534445119057,160.56688958945415
2019-07-01,CSCO,41.7687610692951,42.14428227008414,41.45594501575191
2019-07-01,IBM,105.6717677261706,106.39544438442373,104.95330189316854
2019-07-01,INTC,59.236432731667485,59.948944552925624,58.71042302390409
2019-07-01,MSFT,116.25838994318046,117.21590737842209,115.35851046754861
2019-07-01,NKE,79.11046647292152,79.80450963103272,78.56365358688133
2019-07-01,VZ,33.906873108881804,34.19533623632542,33.663257928911925
2019-07-01,WMT,24.51070714777748,24.672511311315308,24.34303731675349
2019-07-02,AAPL,44.34607763589785,44.79692643540021,43.916692509936546
2019-07-02,AMGN,140.10291087074975,141.5328863178796,138.90964755951876
2019-07-02,CRM,161.39881660042877,163.19052572960678,159.54066771370393
2019-07-02,CSCO,41.61355895130701,41.97665399564912,41.292480471868735
2019-07-02,IBM,105.22716496334445,105.92563854350355,104.49723393730288
2019-07-02,INTC,58.82036471671178,59.512214349143576,58.28291619060494
2019-07-02,MSFT,115.91590072455499,116.83971127679025,114.99283009475505
2019-07-02,NKE,78.65985221549691,79.33089964000128,78.10345903816302
2019-07-02,VZ,33.7839322050104,34.06341375541765,33.53224192872562
2019-07-02,WMT,24.45138246656827,24.607179031733573,24.279173023469383
2019-07-03,AAPL,44.13747013923633,44.59572166873333,43.7198369861919
2019-07-03,AMGN,139.6648552389315,141.1222727222839,138.5061439814351
2019-07-03,CRM,160.47557113468784,162.30177162727674,158.67917797170625
2019-07-03,CSCO,41.47263912001302,41.84195534329367,41.16015474234638
2019-07-03,IBM,104.81550532892365,105.52850850988834,104.10672673606726
2019-07-03,INTC,58.43026613151753,59.1302120068572,57.909503859651615
2019-07-03,MSFT,115.61740590514715,116.56252531496843,114.71949605520815
2019-07-03,NKE,78.23711464803371,78.91967048377856,77.70113850390123
2019-07-03,VZ,33.67218236947727,33.955171097809405,33.42688727967753
2019-07-03,WMT,24.400805757989556,24.560535459110785,24.232603793780136
2019-07-05,AAPL,44.19724463716036,44.608205173927736,43.8207665257502
2019-07-05,AMGN,139.7518494336993,140.94282600519261,138.51960373446977
2019-07-05,CRM,160.3875476826194,162.0867707120232,158.53525498600123
2019-07-05,CSCO,41.467720714381024,41.86532553574436,41.133222917951564
2019-07-05,IBM,104.8727354394536,105.56002712574877,104.19930061046563
2019-07-05,INTC,58.39013920001733,59.05884012891822,57.866530200134875
2019-07-05,MSFT,115.88475664904955,116.72431789149573,114.98195834710553
2019-07-05,NKE,78.29036341255552,78.99603637864402,77.67954757769813
2019-07-05,VZ,33.68340151821224,33.94558218608676,33.43392021287466
2019-07-05,WMT,24.463339232262644,24.604224135494515,24.286698669472006
2019-07-08,AAPL,44.223202331367325,44.629668459848396,43.83227775280754
2019-07-08,AMGN,139.72536986716645,140.880992654165,138.44276654243043
2019-07-08,CRM,160.14466710376752,161.8125067323213,158.22234824338446
2019-07-08,CSCO,41.42247828259039,41.8162296858991,41.085433522491265
2019-07-08,IBM,104.85546355679739,105.52768349651019,104.16062477905103
2019-07-08,INTC,58.30080315253017,58.96432779816309,57.76079847272315
2019-07-08,MSFT,116.07547314721182,116.8943787577764,115.13923430655493
2019-07-08,NKE,78.27211445499137,78.96968939790949,77.64726022565696
2019-07-08,VZ,33.68087807149881,33.939649850791916,33.422456613132496
2019-07-08,WMT,24.51208204827633,24.649674728970275,24.33202055723658
2019-07-09,AAPL,44.28430663133896,44.674608743837545,43.9016841282129
2019-07-09,AMGN,139.83243804225202,140.98282080040303,138.58953095396427
2019-07-09,CRM,160.0725348179741,161.68298545233364,158.21318854212146
2019-07-09,CSCO,41.43773883421113,41.816866864717106,41.08513411266373
2019-07-09,IBM,104.92746499162462,105.58609387754741,104.23803134387418
2019-07-09,INTC,58.26629506690797,58.902337393054786,57.73212161012914
2019-07-09,MSFT,116.33622685655709,117.14117725774146,115.4132521247911
2019-07-09,NKE,78.34867623575859,79.02156213439046,77.71443650621836
2019-07-09,VZ,33.68614312115613,33.937713377836275,33.43200779985921
2019-07-09,WMT,24.573920615712392,24.708187996195228,24.389903688824226
2019-07-10,AAPL,44.311826175174374,44.72314267997972,43.92181058544999
2019-07-10,AMGN,139.80801339937287,140.97345547466298,138.5290250210455
2019-07-10,CRM,159.8351434340364,161.51632150672634,157.92217217805222
2019-07-10,CSCO,41.39070323823136,41.7877111278985,41.05730324970544
2019-07-10,IBM,104.91124769068276,105.5897303041219,104.21992012102639
2019-07-10,INTC,58.17863255310034,58.84677824821932,57.642708736213315
2019-07-10,MSFT,116.53304288650406,117.36303146939774,115.59772246883017
2019-07-10,NKE,78.32968987075739,79.03406611031352,77.7094864850773
2019-07-10,VZ,33.68538354155252,33.946242468027414,33.428215254669446
2019-07-10,WMT,24.623778521063695,24.763558832411693,24.44422090606244
2019-07-11,AAPL,44.3802444532709,44.80032216932875,44.0076035381844
2019-07-11,AMGN,139.91782414057585,141.13169673494804,138.70039495290123
2019-07-11,CRM,159.78225063276022,161.50721131602566,157.95916255500765
2019-07-11,CSCO,41.38899003984004,41.792279536842244,41.061090067351685
2019-07-11,IBM,104.98289180430515,105.68339517999028,104.31915224766415
2019-07-11,INTC,58.1495578987493,58.825978270786344,57.636144677611824
2019-07-11,MSFT,116.82509616231575,117.68855652074713,115.92851142606045
2019-07-11,NKE,78.39354124989372,79.11179280423656,77.79313329085497
2019-07-11,VZ,33.702038167281465,33.96833840142762,33.45617955496973
2019-07-11,WMT,24.690811101185627,24.836289855685663,24.515279941304083
2019-07-12,AAPL,44.44505647990204,44.87243792004227,44.07227209274421
2019-07-12,AMGN,140.01013486055768,141.23506004650193,138.7902571062868
2019-07-12,CRM,159.70927400937737,161.45890562953704,157.88346300675988
2019-07-12,CSCO,41.37689271903111,41.78585742331689,41.05488635849082
2019-07-12,IBM,105.04252419935413,105.75160187280564,104.38149271040987
2019-07-12,INTC,58.11392652515632,58.80002654574687,57.60301495857192
2019-07-12,MSFT,117.11284299258405,117.98891448585954,116.21645829252653
2019-07-12,NKE,78.44293483400364,79.17193418336416,77.84857123720757
2019-07-12,VZ,33.71933123440293,33.98896941580453,33.474009939748726
2019-07-12,WMT,24.756977696755268,24.904971665525167,24.58287184877351
2019-07-15,AAPL,44.487538179563956,44.8966250969578,44.100612623459774
2019-07-15,AMGN,140.03960854306627,141.2107348134384,138.7774270827391
2019-07-15,CRM,159.54240181212606,161.20947253617797,157.66099631118902
2019-07-15,CSCO,41.35253369989318,41.74560649371784,41.0156672834379
2019-07-15,IBM,105.0621128218894,105.7400530537624,104.37474164860899
2019-07-15,INTC,58.048881701836564,58.70866990987909,57.51830831278327
2019-07-15,MSFT,117.34215682521163,118.1770166308216,116.40957522735705
2019-07-15,NKE,78.46079080426394,79.16062553047126,77.83925129398476
2019-07-15,VZ,33.722825468852804,33.982518699674834,33.46793662061828
2019-07-15,WMT,24.81295173986508,24.953324422853036,24.63153125996666
2019-07-16,AAPL,44.51652752589714,44.93576768438386,44.12686749958945
2019-07-16,AMGN,140.0153860825425,141.19534529180254,138.739635281199
2019-07-16,CRM,159.3091431841595,161.00897242467516,157.4088595546276
2019-07-16,CSCO,41.30229668288913,41.70342093189453,40.97465276072333
2019-07-16,IBM,105.04560332448175,105.73348152425113,104.35864900347845
2019-07-16,INTC,57.962486485765325,58.63657499534961,57.432508808915415
2019-07-16,MSFT,117.5465436025508,118.39510822361537,116.60918599335204
2019-07-16,NKE,78.43911944204973,79.15381504746743,77.82480112301499
2019-07-16,VZ,33.72433209300386,33.988513706993636,33.468545086289595
2019-07-16,WMT,24.86424681464348,25.007504740050514,24.684873156737556
2019-07-17,AAPL,44.58231381719079,45.018569319374464,44.21072382781022
2019-07-17,AMGN,140.10508526238303,141.34620026915883,138.88952098756877
2019-07-17,CRM,159.2365261799228,161.01105526953543,157.42226390212943
2019-07-17,CSCO,41.2850835801888,41.699095892554396,40.97014741758621
2019-07-17,IBM,105.1029802959162,105.82288060448104,104.44764278254549
2019-07-17,INTC,57.92685375792647,58.62094192838331,57.42212112478046
2019-07-17,MSFT,117.84139579514896,118.73675370167484,116.94629740842957
2019-07-17,NKE,78.4833568127767,79.22440213943925,77.89633722105604
2019-07-17,VZ,33.74413903077517,34.017724237564416,33.500525219119126
2019-07-17,WMT,24.93172350006181,25.083198956293284,24.75876837429225
2019-07-18,AAPL,44.63124328208061,45.03193941547475,44.24277785401636
2019-07-18,AMGN,140.16377548360975,141.3216984348531,138.90400024147482
2019-07-18,CRM,159.10370934896022,160.7298386378334,157.23426997907455
2019-07-18,CSCO,41.2779603272719,41.66145726908999,40.933330518392076
2019-07-18,IBM,105.14255736748638,105.80931336188007,104.45055082296375
2019-07-18,INTC,57.872944427993346,58.51535704241762,57.34112312255708
2019-07-18,MSFT,118.08139850828064,118.90645547272275,117.14004004499863
2019-07-18,NKE,78.52514304609214,79.21065860299035,77.89300241782064
2019-07-18,VZ,33.74699225627865,34.002253438225964,33.4911368577298
2019-07-18,WMT,24.990009168219842,25.128038169109,24.804549931480246
2019-07-19,AAPL,44.67151699174114,45.09123860872947,44.28452090501773
2019-07-19,AMGN,140.17872237139105,141.36675360971412,138.91673860710839
2019-07-19,CRM,158.92259853822344,160.61778543282625,157.04905425760933
2019-07-19,CSCO,41.24319881669838,41.6423299593149,40.91482779062742
2019-07-19,IBM,105.15194441459026,105.84198292974179,104.46946064844342
2019-07-19,INTC,57.80322058170703,58.47250849546121,57.2788754832259
2019-07-19,MSFT,118.31162084058015,119.1685017463512,117.3767504955664
2019-07-19,NKE,78.52940893858802,79.24359678204009,77.91554781391787
2019-07-19,VZ,33.7522721196016,34.01652941741656,33.49864640235334
2019-07-19,WMT,25.046185247926395,25.190592124555682,24.865731085401425
2019-07-22,AAPL,44.70282564627111,45.10582588354527,44.30735955597436
2019-07-22,AMGN,140.17569668178837,141.3232323917134,138.89164434999105
2019-07-22,CRM,158.7088345535771,160.33217570035004,156.80904281186696
2019-07-22,CSCO,41.21212827927483,41.59696204125083,40.870048397049224
2019-07-22,IBM,105.15074187112802,105.81528275621895,104.45049023529036
2019-07-22,INTC,57.72355202072069,58.36852994770977,57.18648812171925
2019-07-22,MSFT,118.51364022294491,119.33735667495063,117.55520103621183
2019-07-22,NKE,78.5304761866579,79.218297733332,77.89573238459676
2019-07-22,VZ,33.74915009120973,34.00469301754767,33.48951900040442
2019-07-22,WMT,25.097600589445435,25.2358649452078,24.9109891271915
2019-07-23,AAPL,44.744200035902274,45.15574355011561,44.354529582776344
2019-07-23,AMGN,140.20066393728737,141.37232348513453,138.9351234261498
2019-07-23,CRM,158.53692818066784,160.19357561431278,156.66462335678617
2019-07-23,CSCO,41.18637767582159,41.57759401447777,40.85100265267851
2019-07-23,IBM,105.16737289379654,105.84574639982111,104.47862934380369
2019-07-23,INTC,57.65701026942652,58.31199193853259,57.12946881323612
2019-07-23,MSFT,118.74265322447033,119.58703114774266,117.79782745819142
2019-07-23,NKE,78.54551928401395,79.24623036256564,77.92228358727978
2019-07-23,VZ,33.75216672404367,34.01208460717397,33.496751483550476
2019-07-23,WMT,25.15381702788802,25.29584829415099,24.96986036392191
2019-07-24,AAPL,44.80994264264031,45.237493300095196,44.43327069429401
2019-07-24,AMGN,140.29728468601053,141.5182889545383,139.07351612382655
2019-07-24,CRM,158.4680374963345,160.1910483018571,156.65502610333812
2019-07-24,CSCO,41.17822300794656,41.58216244143193,40.85498365838469
2019-07-24,IBM,105.23009559216742,105.93590394591868,104.56543954592183
2019-07-24,INTC,57.62289076283438,58.29801966870368,57.114497312926936
2019-07-24,MSFT,119.03424447570545,119.91862987663197,118.12052672680909
2019-07-24,NKE,78.5995427763231,79.32486132842837,77.9998357035879
2019-07-24,VZ,33.76857665797276,34.036960216804864,33.52218183333179
2019-07-24,WMT,25.221144362922,25.370590420329943,25.042724024158954
2019-07-25,AAPL,44.855284461152124,45.277116113092205,44.46876672001374
2019-07-25,AMGN,140.32819959311698,141.52226434119086,139.07220127060984
2019-07-25,CRM,158.3093087601704,160.00100535893813,156.45333173093118
2019-07-25,CSCO,41.148615975242905,41.547400655329184,40.82113120009581
2019-07-25,IBM,105.24991187648081,105.94251612264176,104.56985816903939
2019-07-25,INTC,57.560320685703694,58.22742713422977,57.040586330105555
2019-07-25,MSFT,119.27772673105648,120.14456271495725,118.33992080322012
2019-07-25,NKE,78.61355342112161,79.32920120162974,78.00156869432902
2019-07-25,VZ,33.77584936048429,34.04065297630278,33.523325446986874
2019-07-25,WMT,25.279882975199115,25.426293984597155,25.098140158521435
2019-07-26,AAPL,44.8977918308367,45.315913574018985,44.50855010132905
2019-07-26,AMGN,140.35287949440107,141.53645764852868,139.09009305182914
2019-07-26,CRM,158.13996347989084,159.81275852186556,156.27738928948278
2019-07-26,CSCO,41.119802337831544,41.5148545093604,40.789257377760514
2019-07-26,IBM,105.26598181981596,105.95217587402541,104.58093915814112
2019-07-26,INTC,57.4945257907925,58.15521609517888,56.9716965998641
2019-07-26,MSFT,119.5129365806651,120.37249120640709,118.56706103560768
2019-07-26,NKE,78.62595694539212,79.33533350656091,78.00823140485781
2019-07-26,VZ,33.78072831340456,34.04342863494878,33.526474434130996
2019-07-26,WMT,25.337259176928626,25.482279782764095,25.15362440824088
2019-07-29,AAPL,44.9621691358035,45.37097535881314,44.57803243232295
2019-07-29,AMGN,140.45921803781442,141.641014899499,139.22079896119524
2019-07-29,CRM,158.07348296352347,159.71326311453782,156.24958661631842
2019-07-29,CSCO,41.12721721217157,41.51359108335503,40.78762153414695
2019-07-29,IBM,105.33657083839853,106.01529666426049,104.65512410988745
2019-07-29,INTC,57.461719719160854,58.106059345613986,56.942848023993335
2019-07-29,MSFT,119.79283961658142,120.64541716619671,118.85493934358392
2019-07-29,NKE,78.6960835313358,79.39123412048079,78.07267601384987
2019-07-29,VZ,33.790562995510776,34.04913875677256,33.53903063400975
2019-07-29,WMT,25.403030875741784,25.546192415796014,25.216865807405533
2019-07-30,AAPL,45.048842278097474,45.459504884213914,44.672856727153665
2019-07-30,AMGN,140.64009750945863,141.84266796419047,139.43204490323032
2019-07-30,CRM,158.10601147343576,159.75675828200312,156.32712435770597
2019-07-30,CSCO,41.16124962752041,41.54850308203635,40.82149823841571
2019-07-30,IBM,105.456140535366,106.14277862812341,104.78657319953582
2019-07-30,INTC,57.46036984280293,58.104483877768864,56.951489612996404
2019-07-30,MSFT,120.12410371792559,120.99034693497627,119.2035224938427
2019-07-30,NKE,78.81373115764603,79.5119510832317,78.19674916859628
2019-07-30,VZ,33.80880385713499,34.06874171749016,33.56255579601432
2019-07-30,WMT,25.478190551559738,25.623552094229,25.292927917928253
2019-07-31,AAPL,45.13066674136671,45.569461468266816,44.759604908850065
2019-07-31,AMGN,140.78388343935194,142.03712057845146,139.5823850760766
2019-07-31,CRM,158.1034356995804,159.8587128862492,156.33099138081536
2019-07-31,CSCO,41.16527272255284,41.5758162398854,40.848390379538216
2019-07-31,IBM,105.54928551227306,106.27228267217542,104.89710287842748
2019-07-31,INTC,57.44719185529761,58.13087193232816,56.951466105704405
2019-07-31,MSFT,120.45849250094456,121.37495009133559,119.55412843322702
2019-07-31,NKE,78.89408959367715,79.63494276231424,78.30569190875549
2019-07-31,VZ,33.833344958639444,34.10674155872358,33.59197497520846
2019-07-31,WMT,25.553406879459843,25.708780746161565,25.376004226878138
2019-08-01,AAPL,45.19562475624219,45.62309445792658,44.814216009457034
2019-08-01,AMGN,140.87882492134315,142.09678545871577,139.64618855273466
2019-08-01,CRM,158.03028686239054,159.73373898085248,156.21750838543358
2019-08-01,CSCO,41.15816887884986,41.558888861082416,40.831996544538335
2019-08-01,IBM,105.61111583634073,106.31413887063341,104.94062860040384
2019-08-01,INTC,57.41187179843669,58.07943535945177,56.90279633752901
2019-08-01,MSFT,120.74952518594607,121.63937118465506,119.81848371884932
2019-08-01,NKE,78.94856754825834,79.67131810013174,78.34198570252043
2019-08-01,VZ,33.84825043825103,34.11539413394269,33.60015431942966
2019-08-01,WMT,25.62101283892288,25.771482968506355,25.438522547498486
2019-08-02,AAPL,45.283785128331864,45.719275174496204,44.91246397053798
2019-08-02,AMGN,141.04710761819368,142.29796086520986,139.84923970968103
2019-08-02,CRM,158.05703086804058,159.79502908719545,156.2943091161995
2019-08-02,CSCO,41.17414991929038,41.58060428096505,40.853036574647206
2019-08-02,IBM,105.7207205368997,106.43992092836751,105.06704395317418
2019-08-02,INTC,57.40815637962959,58.083993190712505,56.912633845600965
2019-08-02,MSFT,121.09695419872777,122.01200006900545,120.18888874675837
2019-08-02,NKE,79.0471945413816,79.78224032373069,78.4538435302068
2019-08-02,VZ,33.87357622806602,34.14513503471842,33.63222030559853
2019-08-02,WMT,25.698818328861012,25.85368227078564,25.51918257293122
2019-08-05,AAPL,45.362977306080765,45.816969267579445,44.999292819505776
2019-08-05,AMGN,141.13000742447562,142.33483886825067,139.7597376997215
2019-08-05,CRM,158.00883877235052,159.90411335561075,156.19155943839255
2019-08-05,CSCO,41.29722237224725,41.67794515791928,41.00066705458595
2019-08-05,IBM,106.0689563523515,106.8991280419621,105.1977134955309
2019-08-05,INTC,57.389443252926604,58.01693814860173,56.73502579819368
2019-08-05,MSFT,121.18186794358203,122.11734283824272,120.22692924846986
2019-08-05,NKE,78.99812604632776,79.73127104495877,78.36539943894925
2019-08-05,VZ,33.80014695798095,34.100685623515005,33.57417372738535
2019-08-05,WMT,25.66930279787478,25.835243614430293,25.510613305236784
2019-08-06,AAPL,45.4407195486353,45.87861917792397,45.06607942857107
2019-08-06,AMGN,141.1124067198142,142.28540069175781,139.70400878957835
2019-08-06,CRM,157.9775295633335,159.74258277231044,156.06454114221575
2019-08-06,CSCO,41.440778733076456,41.79986298255394,41.13710141355812
2019-08-06,IBM,106.42738227790089,107.15376025033295,105.53576239619146
2019-08-06,INTC,57.35786325735838,57.962036733044826,56.67388933748546
2019-08-06,MSFT,121.22569487897185,122.11560635418562,120.24718102811674
2019-08-06,NKE,78.94875968562097,79.62618845664693,78.28614263190136
2019-08-06,VZ,33.70628098769945,33.99476929270763,33.47805546533682
2019-08-06,WMT,25.626967285333947,25.78562190094423,25.46578397464874
2019-08-07,AAPL,45.46916935197956,45.921535251272346,45.09263951923025
2019-08-07,AMGN,141.19598831000033,142.35465101051415,139.79615687443223
2019-08-07,CRM,157.67682762305182,159.6417763846534,155.8915508380463
2019-08-07,CSCO,41.4866951274858,41.88165711941873,41.1757361757361
2019-08-07,IBM,106.6587462469702,107.60437206042633,105.76038246382343
2019-08-07,INTC,57.289428823625386,57.91548869302775,56.645318636459095
2019-08-07,MSFT,121.24212620062715,122.17540110133568,120.25407668498603
2019-08-07,NKE,78.81084074858394,79.58188347034611,78.18206143741318
2019-08-07,VZ,33.638143942138335,33.939051208435195,33.399145210286875
2019-08-07,WMT,25.594136779997744,25.757361035706733,25.428442749787113
2019-08-08,AAPL,45.5564813797042,45.99683299226583,45.183657834338725
2019-08-08,AMGN,141.18323545714836,142.3671619289802,139.78147369492922
2019-08-08,CRM,157.6905734418242,159.44457288767055,155.7805228659552
2019-08-08,CSCO,41.64454957464281,42.004279228913624,41.34211854913891
2019-08-08,IBM,107.04042033129134,107.74880095930457,106.14873184252502
2019-08-08,INTC,57.2677181424116,57.87237128172797,56.584574727912184
2019-08-08,MSFT,121.30086547706654,122.19409754039013,120.32902045610508
2019-08-08,NKE,78.77777220481798,79.4484839869365,78.11792292966834
2019-08-08,VZ,33.54482609089094,33.83215121173767,33.32042275518448
2019-08-08,WMT,25.553198476944523,25.712240249606904,25.39399751582542
2019-08-09,AAPL,45.65133806145364,46.11368275477051,45.291969268163236
2019-08-09,AMGN,141.29309249124418,142.52246723433484,139.94088341119465
2019-08-09,CRM,157.70846557038254,159.60729516332142,155.91050036681784
2019-08-09,CSCO,41.7829515590817,42.170098051163976,41.48863347679807
2019-08-09,IBM,107.42397155804136,108.24140574057313,106.55343282879619
2019-08-09,INTC,57.267480963591325,57.90047753740188,56.619270426824514
2019-08-09,MSFT,121.41850318780588,122.3690766936745,120.47828624634207
2019-08-09,NKE,78.7543534823365,79.48451656418426,78.13151968113029
2019-08-09,VZ,33.475891426733895,33.775923488759986,33.257060903223476
2019-08-09,WMT,25.528378380004554,25.696213014504135,25.37358339542601
2019-08-12,AAPL,45.763651375113646,46.226631570286564,45.40658733128529
2019-08-12,AMGN,141.3944521032023,142.63778519718656,140.0478104063928
2019-08-12,CRM,157.8133361788118,159.67801462328546,155.99674349731654
2019-08-12,CSCO,41.94971591484002,42.33235146985389,41.65815210600043
2019-08-12,IBM,107.85048582208373,108.62899532796659,106.98258908971398
2019-08-12,INTC,57.28296917750842,57.91450211407528,56.62902435180945
2019-08-12,MSFT,121.55594390450959,122.50466347789391,120.6237181018145
2019-08-12,NKE,78.76102189850577,79.47364096776097,78.13499348845214
2019-08-12,VZ,33.40376137128781,33.70161769579439,33.18990511380544
2019-08-12,WMT,25.50365440820974,25.67155482095306,25.351292629078724
2019-08-13,AAPL,45.83808102733247,46.28771000154132,45.4641231680496
2019-08-13,AMGN,141.42497833143548,142.61173632505333,140.0293622552029
2019-08-13,CRM,157.7501200545989,159.58013733210396,155.88800807210902
2019-08-13,CSCO,42.07799315867227,42.454824523008035,41.77145598918809
2019-08-13,IBM,108.19908294631067,108.99411810504071,107.29917365341251
2019-08-13,INTC,57.2531630625192,57.86731896368159,56.585449710540054
2019-08-13,MSFT,121.61373271869634,122.52826250458462,120.6404403896223
2019-08-13,NKE,78.70368894785678,79.4081152229204,78.05794838500867
2019-08-13,VZ,33.32111918595436,33.61175536209283,33.09560735435287
2019-08-13,WMT,25.46739831204741,25.628261941168702,25.3078764045763
2019-08-14,AAPL,45.94007469224322,46.38584876140014,45.56794884244054
2019-08-14,AMGN,141.41780859389615,142.61801441911956,140.02364837745606
2019-08-14,CRM,157.8309879231875,159.57430834956494,155.91714569304014
2019-08-14,CSCO,42.257915577249626,42.62083606451864,41.95494830618442
2019-08-14,IBM,108.6184628670551,109.31643964487189,107.72070008431979
2019-08-14,INTC,57.245532389716026,57.85129081501641,56.56190734509394
2019-08-14,MSFT,121.69340272859895,122.59289170180448,120.72850873814511
2019-08-14,NKE,78.69459543591174,79.35735903055942,78.03641565229931
2019-08-14,VZ,33.228526524159264,33.51329440937739,33.01015402778157
2019-08-14,WMT,25.428289894791476,25.587524797752028,25.272016664932266
2019-08-15,AAPL,46.07034569569254,46.53796069681346,45.715178106368775
2019-08-15,AMGN,141.52284843209492,142.78360609606847,140.1857678940218
2019-08-15,CRM,158.02036404845373,159.86826128374224,156.19569951376388
2019-08-15,CSCO,42.453720924188644,42.83726692159438,42.16320142996439
2019-08-15,IBM,109.09039094919346,109.84491653462763,108.22050605083105
2019-08-15,INTC,57.27772713322804,57.90966300478251,56.621951116052045
2019-08-15,MSFT,121.85490336169438,122.80855599686357,120.93179314281004
2019-08-15,NKE,78.73085932939259,79.4323839987934,78.1047750770708
2019-08-15,VZ,33.15609344101741,33.451568051480436,32.94848880268403
2019-08-15,WMT,25.40525997619899,25.573317885900625,25.255996843168074
2019-08-16,AAPL,46.120118981630995,46.574176991489075,45.739497943596476
2019-08-16,AMGN,141.5716505091093,142.7415380893602,140.16660712407182
2019-08-16,CRM,157.8312283315314,159.72321851970972,155.9994929625903
2019-08-16,CSCO,42.54257434872281,42.93361338382323,42.22698073262362
2019-08-16,IBM,109.38199938791828,110.26923597086875,108.46376608087188
2019-08-16,INTC,57.22531640304017,57.84211886711817,56.5678612177392
2019-08-16,MSFT,121.88507494021387,122.80849997775356,120.89700443212877
2019-08-16,NKE,78.63012389933006,79.36426204416175,77.99041770664503
2019-08-16,VZ,33.080109124262,33.371496500709846,32.84979994470574
2019-08-16,WMT,25.3697455719174,25.52977126777102,25.20758220373514
2019-08-19,AAPL,46.217491245494855,46.67158257680397,45.84530809423759
2019-08-19,AMGN,141.5993946013474,142.80667104793332,140.21336523506787
2019-08-19,CRM,157.878453092992,159.6741861875866,156.00004188677192
2019-08-19,CSCO,42.70908657281854,43.08481517454768,42.403474650988066
2019-08-19,IBM,109.78922171104506,110.54239365121997,108.88530007975733
2019-08-19,INTC,57.21639700932137,57.829106946205435,56.54434939613432
2019-08-19,MSFT,121.97111060195432,122.88830089171263,121.00819836056519
2019-08-19,NKE,78.61124670572103,79.2959519903654,77.96368107890919
2019-08-19,VZ,32.99564561332424,33.28238884744725,32.77818549801666
2019-08-19,WMT,25.33483398876257,25.495421964996208,25.17921401469311
2019-08-20,AAPL,46.27669382858554,46.723820254579834,45.891604568138646
2019-08-20,AMGN,141.59549888120412,142.75786569261143,140.17556310969223
2019-08-20,CRM,157.74801779427952,159.55963202590365,155.8625332815951
2019-08-20,CSCO,42.82608298453373,43.20554128438589,42.50768106305859
2019-08-20,IBM,110.1118616244263,110.93087655939767,109.18245402063097
2019-08-20,INTC,57.16689961390912,57.77154005407033,56.49304260346887
2019-08-20,MSFT,121.99286464268272,122.8934875682639,120.99797555271326
2019-08-20,NKE,78.52778681009318,79.2261963604955,77.87320797283905
2019-08-20,VZ,32.90872921454578,33.19260042276151,32.68080831244234
2019-08-20,WMT,25.293385778194548,25.449837567568117,25.131708139296098
2019-08-21,AAPL,46.35225709197657,46.80634504061783,45.97368311254011
2019-08-21,AMGN,141.62263582320315,142.80987540224584,140.22363205540816
2019-08-21,CRM,157.68804357863343,159.51302009523897,155.82332845697718
2019-08-21,CSCO,42.959776561127335,43.34325595258788,42.64656421849887
2019-08-21,IBM,110.4694350965139,111.27825076101536,109.54991216203157
2019-08-21,INTC,57.13676163460506,57.74831312210597,56.46936749909357
2019-08-21,MSFT,122.04917878061075,122.9654147288642,121.07145170432744
2019-08-21,NKE,78.47130214031505,79.1718395311566,77.8257238373824
2019-08-21,VZ,32.82661646950215,33.112563657206415,32.60438560380764
2019-08-21,WMT,25.257025760604908,25.416122530707398,25.098720455312787
2019-08-22,AAPL,46.45804842747745,46.92760302785559,46.093462700881574
2019-08-22,AMGN,141.7245389100697,142.96281961946426,140.36975705427574
2019-08-22,CRM,157.75413504659002,159.63234776879514,155.94351178541834
2019-08-22,CSCO,43.12044311181657,43.51590714727577,42.818456650901915
2019-08-22,IBM,110.88908720927579,111.7145279048693,109.9927764977671
2019-08-22,INTC,57.14403584734464,57.77356454064585,56.493391469421624
2019-08-22,MSFT,122.17557896563582,123.12875858037754,121.23298547207405
2019-08-22,NKE,78.46405486474903,79.18177218146968,77.8403195517876
2019-08-22,VZ,32.75679026902413,33.04921516274224,32.544824909166046
2019-08-22,WMT,25.23201443375917,25.39759245414846,25.08004338586978
2019-08-23,AAPL,46.555204036312325,47.01473466199117,46.18164344144626
2019-08-23,AMGN,141.7646283574632,142.9772205292107,140.3818145313184
2019-08-23,CRM,157.79181126237717,159.60125715958628,155.92591395897816
2019-08-23,CSCO,43.28174059463661,43.66568139459855,42.97277840150175
2019-08-23,IBM,111.29697465697672,112.06801709244088,110.38293581840671
2019-08-23,INTC,57.136235550865635,57.751402306946524,56.468692045358644
2019-08-23,MSFT,122.26690984470368,123.1920044597172,121.30460993367262
2019-08-23,NKE,78.44319319894275,79.1322442921192,77.80130978365443
2019-08-23,VZ,32.67555746765322,32.96083638074716,32.460390329378214
2019-08-23,WMT,25.198824667782688,25.359574490496204,25.044331526634043
2019-08-26,AAPL,46.64364894302857,47.101805533147434,46.265985853981284
2019-08-26,AMGN,141.7950266187254,142.99593685749264,140.40249558732907
2019-08-26,CRM,157.7909634347361,159.60484597912023,155.92184916496493
2019-08-26,CSCO,43.43552577448056,43.82132405570631,43.12231795182331
2019-08-26,IBM,111.68755267344588,112.48203168516466,110.76407828389858
2019-08-26,INTC,57.11832319944684,57.730801977776814,56.45007514926992
2019-08-26,MSFT,122.34126900429555,123.26186291559615,121.36985270657335
2019-08-26,NKE,78.40768366209096,79.10059227727093,77.76343024778917
2019-08-26,VZ,32.593610875430876,32.87749090985899,32.376296295992574
2019-08-26,WMT,25.16378787226331,25.32313484008315,25.007906464833606
2019-08-27,AAPL,46.7022061671093,47.170307008291815,46.32343617098627
2019-08-27,AMGN,141.889735758931,143.08356299840617,140.50338390575905
2019-08-27,CRM,157.6298776309324,159.56539948930597,155.83945509676548
2019-08-27,CSCO,43.52804847769958,43.937138102588,43.210054083923886
2019-08-27,IBM,111.99934015830652,112.93058837795289,111.07091918080643
2019-08-27,INTC,57.07901204449713,57.70510700398629,56.4352883153492
2019-08-27,MSFT,122.40060928169532,123.34942188236673,121.42388497460242
2019-08-27,NKE,78.31999642280148,79.06890255280572,77.69657775357724
2019-08-27,VZ,32.527167201572254,32.81832301918116,32.3039391321595
2019-08-27,WMT,25.134820381352174,25.29697629760191,24.976455458727784
2019-08-28,AAPL,46.75729869301782,47.23717541567868,46.38422051680639
2019-08-28,AMGN,142.0508623486875,143.2636416919852,140.68635528045803
2019-08-28,CRM,157.43410891457893,159.45424448416625,155.70993441170992
2019-08-28,CSCO,43.59700720866868,44.02309303739642,43.281706008211515
2019-08-28,IBM,112.29378142375997,113.30038663691964,111.37337914280438
2019-08-28,INTC,57.04423596264828,57.68502636142839,56.420815940351815
2019-08-28,MSFT,122.48234100809235,123.46204187141795,121.51807043204361
2019-08-28,NKE,78.22471884367597,79.00940170800581,77.6219992147988
2019-08-28,VZ,32.4740817983374,32.771931236852744,32.251942082749096
2019-08-28,WMT,25.11393895536302,25.280375956430976,24.956922698120174
2019-08-29,AAPL,46.87965534213152,47.362608033039535,46.520584977525374
2019-08-29,AMGN,142.20105870471562,143.47283017623954,140.8690040878451
2019-08-29,CRM,157.56196356115362,159.47465732119468,155.79014781488587
2019-08-29,CSCO,43.77119372892833,44.180037314622055,43.471806315804976
2019-08-29,IBM,112.750597537263,113.5925954237887,111.85515484883372
2019-08-29,INTC,57.0720418835538,57.71214960858568,56.43347012888556
2019-08-29,MSFT,122.64983496876738,123.62963147665799,121.72472193035215
2019-08-29,NKE,78.2424415674903,78.97032155533036,77.63446452491355
2019-08-29,VZ,32.41291885920145,32.706854397800804,32.208443431567
2019-08-29,WMT,25.096070353571527,25.26483457842058,24.94836670332942
2019-08-30,AAPL,46.97827011051659,47.45206766308335,46.60733884726257
2019-08-30,AMGN,142.2999505687538,143.53495519167132,140.93395096012242
2019-08-30,CRM,157.58863929950593,159.46985048140763,155.78053193830152
2019-08-30,CSCO,43.92289749774151,44.326636608312384,43.61292887361351
2019-08-30,IBM,113.15919482427773,114.00320325571188,112.24027815798462
2019-08-30,INTC,57.0711346778098,57.699094062205056,56.42156296784589
2019-08-30,MSFT,122.76475873336575,123.72051859952187,121.81172902185403
2019-08-30,NKE,78.22124854514779,78.93944366705415,77.59884989728882
2019-08-30,VZ,32.34395894935472,32.63257133041456,32.13244611855426
2019-08-30,WMT,25.070303040273366,25.234288309100208,24.918076697364867
2019-09-03,AAPL,47.08738697631936,47.57463303367611,46.72506616185792
2019-09-03,AMGN,142.46740880671882,143.73388706643257,141.13124350139321
2019-09-03,CRM,157.6472656966113,159.60225463512907,155.89791495101932
2019-09-03,CSCO,44.07388227711233,44.49300822978517,43.76969565919656
2019-09-03,IBM,113.58450639688071,114.48434910750187,112.67896905324001
2019-09-03,INTC,57.08761169644663,57.73140894784048,56.45624329166794
2019-09-03,MSFT,122.92038575616137,123.9093488421539,121.98800108418942
2019-09-03,NKE,78.21556169204091,78.96286924122319,77.61318793557614
2019-09-03,VZ,32.2875703586339,32.58261498795218,32.08067736193003
2019-09-03,WMT,25.05366010321445,25.2226211202981,24.904654202380414
2019-09-04,AAPL,47.18394971848314,47.68677755797178,46.79260999777778
2019-09-04,AMGN,143.1075411908948,144.5995870515629,141.4548429312636
2019-09-04,CRM,158.09778194955743,159.9605399816955,156.2850728554255
2019-09-04,CSCO,43.89887094668244,44.43033154003804,43.551679394305836
2019-09-04,IBM,113.63229054300632,114.72746034452163,112.73887012319686
2019-09-04,INTC,57.14314336299057,57.73768049554417,56.63684178540961
2019-09-04,MSFT,123.12751145982405,124.1287761959012,121.99115949201455
2019-09-04,NKE,78.24659239255963,79.03662477426786,77.56673101855813
2019-09-04,VZ,32.32517408322826,32.57434358902233,32.07562073895401
2019-09-04,WMT,25.08441206782372,25.28185809225345,24.915506410717743
2019-09-05,AAPL,47.27166032265645,47.76486901435243,46.86323070279425
2019-09-05,AMGN,143.73578113220887,145.17994585738978,142.0030317779474
2019-09-05,CRM,158.52934382148248,160.31150387530286,156.62898310054956
2019-09-05,CSCO,43.704578959576786,44.22306454629086,43.34515140328326
2019-09-05,IBM,113.65439631086444,114.73090598428081,112.72767343323373
2019-09-05,INTC,57.17705969292458,57.76041518256062,56.653008458215204
2019-09-05,MSFT,123.31015834802481,124.27255193669444,122.11576509358666
2019-09-05,NKE,78.22963697265969,79.01194046506208,77.53377141780412
2019-09-05,VZ,32.35188765660424,32.59752079666692,32.09300932234505
2019-09-05,WMT,25.102019075621584,25.294065569836352,24.929082683294965
2019-09-06,AAPL,47.32709868451223,47.81729237888317,46.930652731308506
2019-09-06,AMGN,144.2409347398487,145.73100375914962,142.59746892124224
2019-09-06,CRM,158.78755275761137,160.66377697732676,156.97305204687876
2019-09-06,CSCO,43.51772617197028,44.036537862857294,43.171209455946354
2019-09-06,IBM,113.63218214694344,114.70002117118153,112.73726654593194
2019-09-06,INTC,57.19665220695303,57.77310299837945,56.67937000530004
2019-09-06,MSFT,123.41962767136904,124.40982647318553,122.29780527701239
2019-09-06,NKE,78.24795518385612,79.0041354245465,77.54833115130681
2019-09-06,VZ,32.380311033713085,32.62048649001934,32.12672039517875
2019-09-06,WMT,25.130168359170767,25.323511767621188,24.955463015391633
2019-09-09,AAPL,47.42306981824122,47.92101109954773,47.01492442794766
2019-09-09,AMGN,144.90037413164973,146.36170681215776,143.1531734957672
2019-09-09,CRM,159.2572989371773,161.05115180557385,157.35142026199114
2019-09-09,CSCO,43.32862336468867,43.84484141575803,42.97343659910277
2019-09-09,IBM,113.66834394422047,114.75098188247276,112.7435332097835
2019-09-09,INTC,57.23831791479394,57.82657335898596,56.71657166313382
2019-09-09,MSFT,123.62183667261722,124.59128605161523,122.42410604845618
2019-09-09,NKE,78.23589646394217,79.02478056300775,77.54475118033858
2019-09-09,VZ,32.40935590060408,32.657334266880284,32.151168506398555
2019-09-09,WMT,25.149000776563597,25.342609257529077,24.976951764311284
2019-09-10,AAPL,47.53491151433339,48.04865620004175,47.14627262135392
2019-09-10,AMGN,145.5960419992878,147.1329555200986,143.9261945479718
2019-09-10,CRM,159.77388331503403,161.67715450668925,157.96180801797993
2019-09-10,CSCO,43.16590037986019,43.69410532853842,42.82884334301607
2019-09-10,IBM,113.7438764805575,114.85348564805479,112.85878398553977
2019-09-10,INTC,57.3107361665107,57.91628482598698,56.81089636964856
2019-09-10,MSFT,123.86573191731672,124.88803211783814,122.73145107212918
2019-09-10,NKE,78.2837173600732,79.08603317142219,77.61453523615167
2019-09-10,VZ,32.4529020465749,32.70687398692298,32.20593541038348
2019-09-10,WMT,25.184191896951916,25.38548166217368,25.017340004089053
2019-09-11,AAPL,47.65997610586259,48.17875799043851,47.270028812000135
2019-09-11,AMGN,146.34087929624607,147.88491309202644,144.6480311244073
2019-09-11,CRM,160.3553240713029,162.2554373836188,158.52663849375506
2019-09-11,CSCO,43.00621985810632,43.534180714508814,42.669870214958884
2019-09-11,IBM,113.84018467850727,114.9579588197775,112.9516599400849
2019-09-11,INTC,57.393094121905754,58.00472783509317,56.89432254465667
2019-09-11,MSFT,124.14043083382631,125.16554886966298,122.99257916093696
2019-09-11,NKE,78.33113897065626,79.14444723784977,77.66670395021136
2019-09-11,VZ,32.498508854359336,32.75560540626752,32.25150802387502
2019-09-11,WMT,25.219033824307047,25.42159510778947,25.053393562249976
2019-09-12,AAPL,47.74905074411522,48.25106707211703,47.34407155420803
2019-09-12,AMGN,146.97703019938365,148.4791816375674,145.24267496434214
2019-09-12,CRM,160.78425606413447,162.63379045541697,158.89754300546474
2019-09-12,CSCO,42.82409579760612,43.33653501830894,42.47817540264159
2019-09-12,IBM,113.86822420226204,114.95335182244878,112.95551817489347
2019-09-12,INTC,57.43431767195071,58.024326615772516,56.915383309318315
2019-09-12,MSFT,124.32737580216988,125.31602966757066,123.15173500618381
2019-09-12,NKE,78.3360850559675,79.1199177088071,77.64545532807296
2019-09-12,VZ,32.52981266331163,32.777731055553076,32.27358828513228
2019-09-12,WMT,25.24284818245222,25.438303280589608,25.070330854285793
2019-09-13,AAPL,47.857476750653525,48.36430204924864,47.447442090162525
2019-09-13,AMGN,147.68804542204182,149.18391908395915,145.90485366213719
2019-09-13,CRM,161.31350646789943,163.13331707905306,159.38546184422586
2019-09-13,CSCO,42.64238326900744,43.152961596877326,42.29407998125299
2019-09-13,IBM,113.92438411105036,115.01763926845257,112.9994773006919
2019-09-13,INTC,57.48681962890994,58.08307490431035,56.966450463140326
2019-09-13,MSFT,124.55865520788997,125.54101747294163,123.35004134101837
2019-09-13,NKE,78.3297097772323,79.12892721195205,77.64364989888982
2019-09-13,VZ,32.561990178307745,32.81383593323509,32.30399079685978
2019-09-13,WMT,25.26311514260901,25.459030092611087,25.091939950596036
2019-09-16,AAPL,47.99767803297245,48.52520246466053,47.606787824449185
2019-09-16,AMGN,148.4924600266322,150.06567846857646,146.76970251206504
2019-09-16,CRM,161.96764510356635,163.88797853202882,160.12120980373194
2019-09-16,CSCO,42.48951867470122,43.01367752513107,42.15837842532548
2019-09-16,IBM,114.04495333228677,115.17434146832679,113.15636215805628
2019-09-16,INTC,57.58205818772949,58.20171143370569,57.08564964550578
2019-09-16,MSFT,124.86873436160641,125.90559227198096,123.71030550874481
2019-09-16,NKE,78.38283325868107,79.20821893302859,77.7242926200892
2019-09-16,VZ,32.61114686095848,32.87239520920637,32.36476647381648
2019-09-16,WMT,25.29938089453529,25.504039792762654,25.135153005198575
2019-09-17,AAPL,48.06800223880026,48.56788736106033,47.66101974208374
2019-09-17,AMGN,149.0688311824782,150.59453454754112,147.3341296887534
2019-09-17,CRM,162.30620961647023,164.19068911976711,160.41877005874704
2019-09-17,CSCO,42.30625809831502,42.809603882578735,41.96555101083285
2019-09-17,IBM,114.04221023254864,115.118317128501,113.13282400018433
2019-09-17,INTC,57.608787875202275,58.19208025251603,57.085784936372335
2019-09-17,MSFT,125.01147490480702,126.00535043597101,123.84776779627738
2019-09-17,NKE,78.3891650574653,79.15795653264598,77.68956804835794
2019-09-17,VZ,32.63964335063752,32.88427931751701,32.38221075615509
2019-09-17,WMT,25.324122740165752,25.518499901566884,25.148913654540056
2019-09-18,AAPL,48.17505578785353,48.686985701744526,47.76724546645516
2019-09-18,AMGN,149.777375533056,151.3112365192675,147.99641648359085
2019-09-18,CRM,162.8232265962827,164.68948995854953,160.90553117804066
2019-09-18,CSCO,42.131477891766195,42.63791439379734,41.791396487842626
2019-09-18,IBM,114.09832851034261,115.19607061336221,113.18267104631879
2019-09-18,INTC,57.664148482487775,58.26309615914276,57.14660320219965
2019-09-18,MSFT,125.24018207019446,126.23960715812991,124.04565015008787
2019-09-18,NKE,78.39687785835402,79.19515299013628,77.71231455742058
2019-09-18,VZ,32.67437593857012,32.927171628446374,32.41804189020347
2019-09-18,WMT,25.34848013498368,25.546102526311447,25.177338423211644
2019-09-19,AAPL,48.249118173676116,48.748122770212625,47.83280448581376
2019-09-19,AMGN,150.37957410525243,151.89217981520795,148.5865928040948
2019-09-19,CRM,163.19214277377085,165.04077516820368,161.24976182208488
2019-09-19,CSCO,41.942340607628886,42.43784149920811,41.59822403526796
2019-09-19,IBM,114.0959241060017,115.16806244553784,113.16937543134114
2019-09-19,INTC,57.686648387609495,58.2687537047035,57.15593050038876
2019-09-19,MSFT,125.38975514178415,126.3681879502012,124.19017255809167
2019-09-19,NKE,78.38099916455994,79.15241142546876,77.67740439762972
2019-09-19,VZ,32.69904036311257,32.944011217214715,32.43710442232064
2019-09-19,WMT,25.366945590245006,25.559770490199192,25.1904711039518
2019-09-20,AAPL,48.33917975205744,48.84698498975787,47.92850300906613
2019-09-20,AMGN,151.03381958854314,152.5751882916585,149.2485256037787
2019-09-20,CRM,163.62942961326408,165.50822651192325,161.70583246562003
2019-09-20,CSCO,41.763981848039066,42.262947890289944,41.42607944531278
2019-09-20,IBM,114.12328573370822,115.21013085548701,113.20716941847681
2019-09-20,INTC,57.727282067438736,58.31928256297364,57.20497212627287
2019-09-20,MSFT,125.57813459095662,126.57502877954987,124.3883564464837
2019-09-20,NKE,78.38395234088833,79.16817180306641,77.69155299300103
2019-09-20,VZ,32.73008378778431,32.979416320089896,32.471899205191015
2019-09-20,WMT,25.390375051047133,25.58653478669827,25.216697800344598
2019-09-23,AAPL,48.45967745792152,48.98480639834535,48.062560907668484
2019-09-23,AMGN,151.78355815141362,153.38279893223776,150.03226073258716
2019-09-23,CRM,164.1937334568142,166.14072167909111,162.3227290579526
2019-09-23,CSCO,41.607435388481655,42.1166843737769,41.28169079831501
2019-09-23,IBM,114.2086785393019,115.32562893873053,113.31715565686576
2019-09-23,INTC,57.80435881114155,58.416874954342546,57.30028323871219
2019-09-23,MSFT,125.84081261158508,126.87778181960672,124.6806097276269
2019-09-23,NKE,78.42942469065194,79.23841355538833,77.76039453369606
2019-09-23,VZ,32.77455264819653,33.03230857961348,32.524864750930064
2019-09-23,WMT,25.425101524203573,25.628420462454088,25.2572068932775
2019-09-24,AAPL,48.56864340867709,49.086371168389086,48.15997213098041
2019-09-24,AMGN,152.5055691233435,154.07577675165075,150.70263645774716
2019-09-24,CRM,164.71748927172072,166.61798835151407,162.78967695691927
2019-09-24,CSCO,41.43835407503916,41.9383065985764,41.105772875474855
2019-09-24,IBM,114.26839332372249,115.37061720459853,113.3561760152849
2019-09-24,INTC,57.86313870340183,58.46641218067521,57.346459263934904
2019-09-24,MSFT,126.0741317578337,127.08630584395324,124.87946252017025
2019-09-24,NKE,78.44421606696284,79.24384148941832,77.76232363360404
2019-09-24,VZ,32.81110085977723,33.065485591267134,32.55506791924032
2019-09-24,WMT,25.45148801378125,25.650950557763913,25.28024382257127
2019-09-25,AAPL,48.66965959247283,49.18475976432482,48.257763897094314
2019-09-25,AMGN,153.20467183104904,154.77379700313682,151.3912656557383
2019-09-25,CRM,165.20719220720912,167.10619833873045,163.2669017140993
2019-09-25,CSCO,41.265801008935064,41.761169990508506,40.93294717627212
2019-09-25,IBM,114.31329209440028,115.40911364268584,113.39728886922293
2019-09-25,INTC,57.91329045945958,58.51236841877508,57.392463962392206
2019-09-25,MSFT,126.28809371348717,127.29541645049983,125.08974854443669
2019-09-25,NKE,78.45199746645947,79.24514883974128,77.7646317065003
2019-09-25,VZ,32.8448788098706,33.0974693434252,32.58700103442063
2019-09-25,WMT,25.476130667585366,25.674336431209195,25.303324494419275
2019-09-26,AAPL,48.75114137180431,49.2651020353254,48.34652252836586
2019-09-26,AMGN,153.82724850656382,155.42979519429198,152.06827031545848
2019-09-26,CRM,165.59017843127876,167.55184574417154,163.70220764449732
2019-09-26,CSCO,41.09801520537215,41.5928313248557,40.773159783775235
2019-09-26,IBM,114.33210789136321,115.42338820454897,113.43552357635716
2019-09-26,INTC,57.95523352676717,58.550405444856615,57.438553394257085
2019-09-26,MSFT,126.45802262329002,127.48394780801215,125.3039049382948
2019-09-26,NKE,78.48177075542746,79.25962798477589,77.79197728562634
2019-09-26,VZ,32.87991905910116,33.129414394888535,32.625278287083844
2019-09-26,WMT,25.507420206925985,25.706537200717037,25.33352214904792
2019-09-27,AAPL,48.834973132226004,49.3557052314716,48.44029296793631
2019-09-27,AMGN,154.44849361906907,156.0942191934395,152.73413224851063
2019-09-27,CRM,165.96865992542735,167.99296355122405,164.13260429740316
2019-09-27,CSCO,40.942058509335965,41.440925703058845,40.626613634544135
2019-09-27,IBM,114.36160750862814,115.46324392732099,113.48620332433312
2019-09-27,INTC,58.008450577333434,58.61030090768449,57.50194961305274
2019-09-27,MSFT,126.63573806010147,127.6889107567047,125.51825824669402
2019-09-27,NKE,78.54176042277017,79.32207889288036,77.86048881150447
2019-09-27,VZ,32.92147049582711,33.172931605240194,32.67224098618001
2019-09-27,WMT,25.547206855311984,25.749972958203454,25.375165840894233
2019-09-30,AAPL,48.97303164096671,49.51307424815177,48.58086042503739
2019-09-30,AMGN,155.26414986720997,156.93199429035374,153.50202653496194
2019-09-30,CRM,166.60701270306205,168.6230180565525,164.74723568620865
2019-09-30,CSCO,40.800963959771636,41.30743907367164,40.488211011220955
2019-09-30,IBM,114.47919202257053,115.61558938516586,113.60162818730291
2019-09-30,INTC,58.10667909999577,58.73371686962423,57.61141377816356
2019-09-30,MSFT,126.94080078436576,128.01041326295984,125.79207371262599
2019-09-30,NKE,78.61371527260151,79.43763487112312,77.9569258745147
2019-09-30,VZ,32.9741659631692,33.23799094508751,32.72840371387984
2019-09-30,WMT,25.589241318175446,25.79798781301202,25.42373839723288
2019-10-01,AAPL,49.08773618608635,49.61687126791659,48.68411491445445
2019-10-01,AMGN,156.00940269550196,157.64836882457192,154.20945089813668
2019-10-01,CRM,167.14725878526733,169.12626497711264,165.23979336319402
2019-10-01,CSCO,40.64529367734117,41.141216419634056,40.32619378222443
2019-10-01,IBM,114.5523958176327,115.66749743857805,113.65651249302515
2019-10-01,INTC,58.17747195795492,58.79050234084365,57.66770814834222
2019-10-01,MSFT,127.18885100431719,128.23299449480737,126.01627934133839
2019-10-01,NKE,78.65527613464414,79.46075523820424,77.98057334387113
2019-10-01,VZ,33.01700370589885,33.27495828307895,32.76449810260563
2019-10-01,WMT,25.623258632442187,25.827232495659402,25.452992282660723
2019-10-02,AAPL,49.21671399850148,49.75730919097676,48.824266676564235
2019-10-02,AMGN,156.79596162189938,158.48593617481544,155.03586133682984
2019-10-02,CRM,167.73984880697898,169.785871415252,165.88338014204783
2019-10-02,CSCO,40.504929768990316,41.007203992181914,40.195938078483294
2019-10-02,IBM,114.65575762051115,115.78967202816881,113.78186230103302
2019-10-02,INTC,58.26984920835936,58.89530018455815,57.773213692906296
2019-10-02,MSFT,127.47273083596842,128.5498793193177,126.33341229335241
2019-10-02,NKE,78.73174672148247,79.54918838661976,78.07107214602235
2019-10-02,VZ,33.069144588880064,33.3318087234942,32.82320076301923
2019-10-02,WMT,25.666892748819297,25.875901370206815,25.500046572680432
2019-10-03,AAPL,49.07809737126958,49.57810105383181,48.661589571495945
2019-10-03,AMGN,155.9996383725649,157.89048173709327,154.62604796051284
2019-10-03,CRM,166.73662958838426,168.6298557405293,164.97235018177156
2019-10-03,CSCO,40.22267081940566,40.68816859987581,39.83462119340521
2019-10-03,IBM,114.39736203543838,115.23516262972547,113.38647323638686
2019-10-03,INTC,58.01848480713164,58.619362279989225,57.36751127044686
2019-10-03,MSFT,126.90208862712191,127.99446245679074,125.77855860871587
2019-10-03,NKE,78.67388025538192,79.31315265259816,77.93358708041346
2019-10-03,VZ,32.98036195574907,33.21448497092677,32.775540760137005
2019-10-03,WMT,25.607601196271453,25.801572658930333,25.452270761643437
2019-10-04,AAPL,48.96812632173601,49.4624186101761,48.553689284129774
2019-10-04,AMGN,155.27740742973066,157.14526645850242,153.90697071630728
2019-10-04,CRM,165.82552679217605,167.71519571261908,164.0796305641761
2019-10-04,CSCO,39.96144203119609,40.42318724348534,39.58060689752127
2019-10-04,IBM,114.1794063355283,115.03085109184367,113.17644557393069
2019-10-04,INTC,57.80239950491163,58.39716293315789,57.156518815124784
2019-10-04,MSFT,126.3851026679777,127.47516701610107,125.274466740747
2019-10-04,NKE,78.63966261752444,79.29156308540652,77.90723901765183
2019-10-04,VZ,32.90347058385635,33.13552387308342,32.700026558152004
2019-10-04,WMT,25.5576160643672,25.75105542484321,25.403535441340587
2019-10-07,AAPL,48.77471936484913,49.28151915823738,48.358710163060636
2019-10-07,AMGN,154.35128877757745,156.25278229129563,152.99973366239593
2019-10-07,CRM,164.66400554024383,166.5210477264334,162.9051243598329
2019-10-07,CSCO,39.64559245025355,40.106139105542596,39.25382114474268
2019-10-07,IBM,113.84310119951093,114.64663780564506,112.8252955382519
2019-10-07,INTC,57.48596582145983,58.08976591740711,56.83589590874833
2019-10-07,MSFT,125.71878092397547,126.79722578891464,124.58935896326092
2019-10-07,NKE,78.53488409185915,79.14742347895952,77.7809255632018
2019-10-07,VZ,32.79216158877391,33.028269332006346,32.58681504790169
2019-10-07,WMT,25.480438118056384,25.673886071354108,25.32403807366125
2019-10-08,AAPL,48.619702521227566,49.08618415457982,48.184424535835426
2019-10-08,AMGN,153.4956648981012,155.2615993329164,152.06341684513595
2019-10-08,CRM,163.5818594400699,165.34091641237288,161.75873538633869
2019-10-08,CSCO,39.35485337147685,39.79126603278257,38.96259735581978
2019-10-08,IBM,113.5364620813325,114.3361510731769,112.49606397562073
2019-10-08,INTC,57.21606315456418,57.775266989407804,56.54665724622909
2019-10-08,MSFT,125.09379077239025,126.11127474646013,123.93819613998592
2019-10-08,NKE,78.43104181539645,79.04387748731418,77.6640413150009
2019-10-08,VZ,32.69437076349746,32.91295818983025,32.47798465531407
2019-10-08,WMT,25.41164457343217,25.593382673176215,25.24917479351423
2019-10-09,AAPL,48.515119393013876,49.000975076093304,48.102884273729586
2019-10-09,AMGN,152.7928192700605,154.61898498950853,151.43667735519688
2019-10-09,CRM,162.69829269657015,164.54495764212447,160.9789850141357
2019-10-09,CSCO,39.10199497999595,39.55189104865967,38.72936818985724
2019-10-09,IBM,113.32464600975887,114.17015254958187,112.32751219837682
2019-10-09,INTC,57.008183935410365,57.59071572282458,56.369305709020466
2019-10-09,MSFT,124.58913756816676,125.65924530749007,123.4922316076738
2019-10-09,NKE,78.3984034636624,79.04889105561503,77.66756234460901
2019-10-09,VZ,32.619782522725416,32.84819848471201,32.4171736461729
2019-10-09,WMT,25.3631880024081,25.554202203806508,25.20980820412124
2019-10-10,AAPL,48.40625077486789,48.87322241530268,47.98240502002339
2019-10-10,AMGN,152.0664276393573,153.82662635351542,150.67034887815538
2019-10-10,CRM,161.7826082402303,163.56467904518524,160.02279992331432
2019-10-10,CSCO,38.846388787710666,39.28234745510827,38.470206239446284
2019-10-10,IBM,113.09333402895038,113.92227454776152,112.07870471240761
2019-10-10,INTC,56.79530033610922,57.355565150806136,56.14384587940697
2019-10-10,MSFT,124.06161451276766,125.09430357041782,122.94426522508726
2019-10-10,NKE,78.3449393091874,78.98376728077686,77.59994472600083
2019-10-10,VZ,32.54217556331568,32.76190385993216,32.332713332851135
2019-10-10,WMT,25.311107412284187,25.49559302149472,25.153563039005984
2019-10-11,AAPL,48.22867089326633,48.74366971560379,47.82909101539273
2019-10-11,AMGN,151.20651437714758,153.1149225664356,149.92294143409168
2019-10-11,CRM,160.7123341756555,162.57523180727927,159.04337020371156
2019-10-11,CSCO,38.54967193267202,39.00690121851624,38.17582507340678
2019-10-11,IBM,112.79229103599269,113.60695093793066,111.80385874610619
2019-10-11,INTC,56.50104908987822,57.11070824067495,55.876397675218236
2019-10-11,MSFT,123.44689785606049,124.53636526386609,122.3636781289421
2019-10-11,NKE,78.2680784542595,78.89305130237808,77.53282524965697
2019-10-11,VZ,32.43896093851312,32.67912539970592,32.24278705052807
2019-10-11,WMT,25.241242844900277,25.43835141601015,25.090728226842966
2019-10-14,AAPL,48.14622154718641,48.626240375683274,47.73881499877642
2019-10-14,AMGN,150.56876969564635,152.36126013087053,149.23295618289168
2019-10-14,CRM,159.9097477631379,161.73438026904253,158.2306154955736
2019-10-14,CSCO,38.316125484161425,38.75731404341941,37.95482499093371
2019-10-14,IBM,112.61303317319408,113.46615366436848,111.62802478294162
2019-10-14,INTC,56.32133004588415,56.89547915085487,55.693409771460715
2019-10-14,MSFT,122.98939052126235,124.04954245354051,121.91444493796756
2019-10-14,NKE,78.2548442290896,78.91504985332294,77.5320871631583
2019-10-14,VZ,32.373833768581,32.60000368073966,32.17392893127299
2019-10-14,WMT,25.20021048954807,25.390280282410824,25.048832614824374
2019-10-15,AAPL,48.05831660381593,48.5264910345528,47.642887702156905
2019-10-15,AMGN,149.91213408868373,151.65960180953041,148.55095277507314
2019-10-15,CRM,159.07803232984878,160.85804382987328,157.37465563837225
2019-10-15,CSCO,38.079336064721836,38.51088638213122,37.715716636704855
2019-10-15,IBM,112.41653170259067,113.25753822589995,111.41908293431982
2019-10-15,INTC,56.13523883425948,56.69501094886327,55.49950604054708
2019-10-15,MSFT,122.51420797486011,123.5474859428101,121.42531540131972
2019-10-15,NKE,78.22474376896969,78.8765455016512,77.49128806570053
2019-10-15,VZ,32.30561458161421,32.52622106932178,32.101029702429216
2019-10-15,WMT,25.155821781970243,25.34136145973113,25.00151410270171
2019-10-16,AAPL,47.90111774075807,48.3923263190087,47.49268551498049
2019-10-16,AMGN,149.09850955189916,150.91357084324773,147.78492205177423
2019-10-16,CRM,158.05833033025235,159.845688855138,156.37709784965085
2019-10-16,CSCO,37.79950831858135,38.23713451315267,37.430717247257
2019-10-16,IBM,112.13026956939495,112.93915971872404,111.13293891077153
2019-10-16,INTC,55.86689835529691,56.447946552695605,55.237361027353195
2019-10-16,MSFT,121.92694510105488,122.97221293184754,120.83878184335482
2019-10-16,NKE,78.1465029609025,78.77104421117687,77.40381355242732
2019-10-16,VZ,32.20967220164701,32.43929212253152,32.00836555981716
2019-10-16,WMT,25.090253329087826,25.27997852120298,24.936928675757805
2019-10-17,AAPL,47.800448247908186,48.27303868501386,47.39007018678615
2019-10-17,AMGN,148.41735286092776,150.17073541884142,147.08401570492995
2019-10-17,CRM,157.20264867054786,158.9705570683665,155.52642764850245
2019-10-17,CSCO,37.55764546579603,37.986247833094744,37.198203016192856
2019-10-17,IBM,111.91911692019266,112.75139663909592,110.92819388555374
2019-10-17,INTC,55.6666044532904,56.228688891286076,55.038265745398974
2019-10-17,MSFT,121.43430529946615,122.46626538257927,120.35739756396956
2019-10-17,NKE,78.10950439853616,78.75572202374846,77.37704943403374
2019-10-17,VZ,32.136637228548686,32.35891780547947,31.93460636411857
2019-10-17,WMT,25.04228720573012,25.228755598516212,24.889390306080525
2019-10-18,AAPL,47.68847987756023,48.14862675657415,47.269959958526314
2019-10-18,AMGN,147.69998380985535,149.40919902399293,146.34196762277816
2019-10-18,CRM,156.30210263598815,158.0202124750772,154.59805881580215
2019-10-18,CSCO,37.308969805389296,37.72731900597626,36.94654369984246
2019-10-18,IBM,111.68291317002955,112.498361674944,110.67866982590537
2019-10-18,INTC,55.45309519149312,55.99995032843138,54.815859046359925
2019-10-18,MSFT,120.91114719242599,121.91528461440721,119.8192196713984
2019-10-18,NKE,78.05087438528558,78.68468335113221,77.30642561247325
2019-10-18,VZ,32.05814062513269,32.27452584003506,31.851212567251704
2019-10-18,WMT,24.98914633357705,25.17095885167127,24.83316536682056
2019-10-21,AAPL,47.593527748620005,48.071788906366116,47.19136515974036
2019-10-21,AMGN,147.0438391637801,148.807000389727,145.7451322778474
2019-10-21,CRM,155.48353683994017,157.2576927043519,153.84977966147997
2019-10-21,CSCO,37.07437273605114,37.50236580411048,36.72303710253338
2019-10-21,IBM,111.48727932818474,112.3248357464666,110.51080684179936
2019-10-21,INTC,55.260745851861046,55.82753517220442,54.64428018876923
2019-10-21,MSFT,120.43891159031595,121.47898436462158,119.38433355915882
2019-10-21,NKE,78.02744886072138,78.67960162325991,77.30420760466276
2019-10-21,VZ,31.988316583896058,32.21318459055527,31.790976281315075
2019-10-21,WMT,24.94429465590614,25.133081322576416,24.794374821823475
2019-10-22,AAPL,47.50806598926348,47.964696174096254,47.09394600920933
2019-10-22,AMGN,146.3990413312949,148.0878074212895,145.05637460235667
2019-10-22,CRM,154.67292863494595,156.3871426485481,153.0017546461934
2019-10-22,CSCO,36.845809931161554,37.25989142163294,36.49279500924137
2019-10-22,IBM,111.29111741994555,112.12006927363932,110.29874096462773
2019-10-22,INTC,55.07977748176633,55.62225583368471,54.45148011069853
2019-10-22,MSFT,119.96935181591343,120.9721632842036,118.8969389506673
2019-10-22,NKE,77.99390365416323,78.64111064183712,77.25919527306888
2019-10-22,VZ,31.92113709993895,32.136347338106404,31.716962197750238
2019-10-22,WMT,24.90022260130972,25.08209884435567,24.746309442017324
2019-10-23,AAPL,47.39798628807977,47.880315373909,46.99929391089403
2019-10-23,AMGN,145.71339088549732,147.47986120019578,144.43725672234225
2019-10-23,CRM,153.82206530478922,155.58302240793344,152.20979741027992
2019-10-23,CSCO,36.6044879141788,37.02941447036441,36.256159296539245
2019-10-23,IBM,111.07683589910211,111.90494372041087,110.10431252754448
2019-10-23,INTC,54.87040411199145,55.43911784910977,54.259465417468846
2019-10-23,MSFT,119.47581794815338,120.51275279174003,118.42981594737671
2019-10-23,NKE,77.96061686216878,78.606454167563,77.23643287615411
2019-10-23,VZ,31.845473715586714,32.071747618040575,31.649924875288182
2019-10-23,WMT,24.850920006267536,25.04030650676133,24.70189450357865
2019-10-24,AAPL,47.315515606881355,47.793101606395055,46.91892753551682
2019-10-24,AMGN,145.09895540450134,146.8453543382863,143.82613621809173
2019-10-24,CRM,153.05662102667827,154.81778953079134,151.46289220429207
2019-10-24,CSCO,36.38221049434487,36.80433806748779,36.040470352310756
2019-10-24,IBM,110.90240753124563,111.74518855706994,109.93782064981677
2019-10-24,INTC,54.69425797277467,55.258159781306986,54.088552136047326
2019-10-24,MSFT,119.03463281484845,120.07055325800019,118.00106535150162
2019-10-24,NKE,77.95150992883302,78.61099748778925,77.2353801229436
2019-10-24,VZ,31.78135132291638,32.00598211361134,31.58728276291087
2019-10-24,WMT,24.81074541868222,24.999816870024155,24.663005470358367
2019-10-25,AAPL,47.1751317585498,47.65441931950708,46.77274194762638
2019-10-25,AMGN,144.3412173511041,146.08714373144159,143.0649278355006
2019-10-25,CRM,152.11639068281582,153.8337066453901,150.49714576650018
2019-10-25,CSCO,36.12391525707707,36.54056694245437,35.77347605514812
2019-10-25,IBM,110.63985777154666,111.44375953388267,109.6578556057562
2019-10-25,INTC,54.44981805364101,55.011854855980445,53.83592454733709
2019-10-25,MSFT,118.48546622078689,119.50038452244864,117.4308864531141
2019-10-25,NKE,77.88513649487082,78.51272262365696,77.14816373504375
2019-10-25,VZ,31.69281656363961,31.9170101871561,31.494715466160716
2019-10-25,WMT,24.750682610147138,24.9373588464751,24.599672406540172
2019-10-28,AAPL,47.03992641229836,47.50453666537878,46.6303510974542
2019-10-28,AMGN,143.5907856140518,145.2847645603203,142.28907283635309
2019-10-28,CRM,151.1807671101923,152.8552393545574,149.54212377179462
2019-10-28,CSCO,35.86957092389794,36.276172271893074,35.51895740995622
2019-10-28,IBM,110.37563888821255,111.17264539983528,109.38420019940341
2019-10-28,INTC,54.21188726022887,54.75716323837195,53.591758318658265
2019-10-28,MSFT,117.9379296705289,118.92650250902591,116.87366970343393
2019-10-28,NKE,77.81114605374397,78.43478282060262,77.06682837312589
2019-10-28,VZ,31.605642797070704,31.823335027510517,31.403324722110707
2019-10-28,WMT,24.69082078294837,24.872740947565283,24.53735178756194
2019-10-29,AAPL,46.924381816570026,47.40922649370405,46.533950549258435
2019-10-29,AMGN,142.90765386987016,144.66358111725498,141.6732017967401
2019-10-29,CRM,150.3390560110567,152.07654379654144,148.77795428002662
2019-10-29,CSCO,35.63105772354212,36.048483255738155,35.292881751147796
2019-10-29,IBM,110.15916142436375,110.98126416387645,109.20024982130197
2019-10-29,INTC,53.99821797422648,54.565707684123794,53.401443078473434
2019-10-29,MSFT,117.44686683078962,118.47736606105346,116.42544884939709
2019-10-29,NKE,77.77904673163492,78.42357664766249,77.05995727001869
2019-10-29,VZ,31.52854792628141,31.755790630711925,31.337369175435338
2019-10-29,WMT,24.640687494592648,24.830752904744475,24.494315760147238
2019-10-30,AAPL,46.8426866552842,47.30301068059221,46.442052525942984
2019-10-30,AMGN,142.2944935841256,143.96895765867015,141.01660487597832
2019-10-30,CRM,149.57703863533953,151.26453715327705,147.98874028321012
2019-10-30,CSCO,35.41386337347586,35.81778111155038,35.07808134106751
2019-10-30,IBM,109.97769265143447,110.80520841334682,109.00916863936241
2019-10-30,INTC,53.82462427547003,54.365950704982765,53.21914594255989
2019-10-30,MSFT,117.00209440412155,117.99972447761408,115.97131378041179
2019-10-30,NKE,77.75895084916812,78.41060216384788,77.03579114283366
2019-10-30,VZ,31.464227046593468,31.680991892014944,31.26742559087568
2019-10-30,WMT,24.59944748046383,24.78286448429603,24.450163097238594
2019-10-31,AAPL,46.71837632622954,47.19170200346876,46.3213336349938
2019-10-31,AMGN,141.59047965469097,143.2980168976525,140.33950517580303
2019-10-31,CRM,148.70324901693786,150.3908698220205,147.12973030986745
2019-10-31,CSCO,35.17176978873202,35.577993627729185,34.833337076497436
2019-10-31,IBM,109.73999762064139,110.54761597577658,108.77069426408028
2019-10-31,INTC,53.60138621928678,54.15409078605649,52.99997257199498
2019-10-31,MSFT,116.49193166668265,117.49299485215775,115.46125423663176
2019-10-31,NKE,77.70747224935403,78.34238540764149,76.97756614946184
2019-10-31,VZ,31.382830599700725,31.604618063926843,31.187685836482057
2019-10-31,WMT,24.54500444343874,24.73042006757051,24.396086569557877
2019-11-01,AAPL,46.9731616658338,47.27626716096467,46.3301949939376
2019-11-01,AMGN,142.10253568617352,143.15825329036298,140.34930744665118
2019-11-01,CRM,148.7084177536259,150.03720037255886,146.8798794057338
2019-11-01,CSCO,35.1024006772428,35.38675814627819,34.80043527122423
2019-11-01,IBM,109.35560577747668,110.16792967143991,108.46904712744251
2019-11-01,INTC,53.697011915901875,54.039597503497845,53.01043245430885
2019-11-01,MSFT,116.39437702992647,117.34189838056926,115.52696626045076
2019-11-01,NKE,77.59533618661595,78.27003028097579,76.93458533576002
2019-11-01,VZ,31.368607579537883,31.530185685503344,31.152149688178646
2019-11-01,WMT,24.52781599685568,24.69260657657108,24.377649369083915
2019-11-04,AAPL,47.2233271235406,47.53648399046132,46.61003299243839
2019-11-04,AMGN,142.62057651714437,143.70767702366936,140.88602750142897
2019-11-04,CRM,148.77266895823098,150.11261403835508,146.94902826805335
2019-11-04,CSCO,35.03773880958503,35.32777667974839,34.7390178266454
2019-11-04,IBM,109.00267058938488,109.81280604805421,108.11789560964708
2019-11-04,INTC,53.80511801010344,54.15845021419184,53.12541619339256
2019-11-04,MSFT,116.33159456936376,117.28312155301771,115.46406251940871
2019-11-04,NKE,77.50315064331616,78.1823279716168,76.84736870185583
2019-11-04,VZ,31.3610337378644,31.524333558071714,31.146604330007555
2019-11-04,WMT,24.51664545076158,24.68232972857999,24.367063542584262
2019-11-05,AAPL,47.49356374359317,47.782880954577706,46.78052850324961
2019-11-05,AMGN,143.12806444121304,144.13545908871225,141.31119780906235
2019-11-05,CRM,148.6582823291477,149.96492731737848,146.81878942854922
2019-11-05,CSCO,34.959246176438434,35.229959159394646,34.65300336554643
2019-11-05,IBM,108.56007970721676,109.36563659611038,107.68216243560406
2019-11-05,INTC,53.87601887308348,54.19939310414758,53.1703902440408
2019-11-05,MSFT,116.16417920426763,117.10049906062966,115.2996782157267
2019-11-05,NKE,77.3510861544726,78.01287592246636,76.68390486108152
2019-11-05,VZ,31.333385419305714,31.491182937954388,31.11311174076899
2019-11-05,WMT,24.487307106396585,24.649831925130695,24.336317146272968
2019-11-06,AAPL,47.703280481411724,47.99489957581062,47.06375551080705
2019-11-06,AMGN,143.5222724723055,144.53852731364302,141.70316155011105
2019-11-06,CRM,148.55893876216197,149.80228318501108,146.64758280248802
2019-11-06,CSCO,34.8659899995604,35.138086423884666,34.55372825954653
2019-11-06,IBM,108.1253382692678,108.88567349327901,107.20775883921168
2019-11-06,INTC,53.93183739368121,54.25737341899832,53.22211006543581
2019-11-06,MSFT,115.99812966832599,116.89037850303191,115.08218616607803
2019-11-06,NKE,77.19151149020091,77.83194283412845,76.50255777149935
2019-11-06,VZ,31.305349231809714,31.456660738773145,31.077764437553945
2019-11-06,WMT,24.45805334895229,24.613153299416833,24.300045228801874
2019-11-07,AAPL,47.951641950966405,48.27026022679794,47.33609629810609
2019-11-07,AMGN,144.0364869132331,145.1372780223986,142.28717126943238
2019-11-07,CRM,148.62948014394792,149.96388710876323,146.80213336037588
2019-11-07,CSCO,34.801131283409674,35.08976443463368,34.50419570898426
2019-11-07,IBM,107.77948104525912,108.57713809386702,106.90135095921579
2019-11-07,INTC,54.04007144905815,54.395735842554835,53.357701067812826
2019-11-07,MSFT,115.93794912253826,116.88360559147795,115.06941910418296
2019-11-07,NKE,77.1010738814003,77.7755107587674,76.44715729935989
2019-11-07,VZ,31.298191512353107,31.460784102724116,31.083843814848926
2019-11-07,WMT,24.447463315528065,24.612248650978145,24.29783067341137
2019-11-08,AAPL,48.170654277447845,48.48304485601364,47.56361742761112
2019-11-08,AMGN,144.4813803618088,145.56239009710893,142.70392375304695
2019-11-08,CRM,148.65217670655937,149.94036261946277,146.77671354240147
2019-11-08,CSCO,34.72346291299093,35.00674417341695,34.42071264981759
2019-11-08,IBM,107.40976725772211,108.18003519158364,106.51080972340904
2019-11-08,INTC,54.12779001105361,54.47534920285323,53.434393386111076
2019-11-08,MSFT,115.84529457545747,116.76123579923136,114.94755445537031
2019-11-08,NKE,76.98744036411628,77.64427777860529,76.31714311006043
2019-11-08,VZ,31.28441447818656,31.44157070862337,31.06394582783006
2019-11-08,WMT,24.431179435400946,24.590757384505547,24.276995763405747
2019-11-11,AAPL,48.47110623700937,48.7762921066437,47.742909928284945
2019-11-11,AMGN,145.06058550497386,146.11264600859604,143.24896783409613
2019-11-11,CRM,148.602290383327,149.95362809125302,146.80820929463655
2019-11-11,CSCO,34.65902354133712,34.933726306799606,34.36224571516414
2019-11-11,IBM,107.006741574793,107.82272961920572,106.16235092066248
2019-11-11,INTC,54.22204838744081,54.558785977518596,53.523724410970736
2019-11-11,MSFT,115.7196846772617,116.6802409710454,114.88515815054693
2019-11-11,NKE,76.86456676168339,77.53886906814334,76.21855027504263
2019-11-11,VZ,31.265053969361883,31.427920452539166,31.051609637370017
2019-11-11,WMT,24.409245857803192,24.576210670235245,24.263125015562892
2019-11-12,AAPL,48.72029754969008,49.05101266307414,48.11946359098065
2019-11-12,AMGN,145.58723632577065,146.7211939115841,143.83853724079157
2019-11-12,CRM,148.71757621974837,150.0633328028132,146.89595185794414
2019-11-12,CSCO,34.598257343345175,34.890079507329226,34.30521031956212
2019-11-12,IBM,106.6867815361893,107.47800251369853,105.81744836908965
2019-11-12,INTC,54.34138925486748,54.707167767617676,53.662030889400626
2019-11-12,MSFT,115.68727611872968,116.63508417631999,114.82105225755244
2019-11-12,NKE,76.78961075652056,77.46619924083122,76.14238591784151
2019-11-12,VZ,31.263254937873448,31.42728940999144,31.050789468249548
2019-11-12,WMT,24.403231144635225,24.56858488146248,24.254387986039998
2019-11-13,AAPL,48.95122485437475,49.27786252633107,48.35309480487746
2019-11-13,AMGN,146.06853524068927,147.1874065082267,144.29575075115002
2019-11-13,CRM,148.79412955009388,150.10961669465908,146.93984828163622
2019-11-13,CSCO,34.52824618621796,34.81604497751486,34.23106263734436
2019-11-13,IBM,106.34785596337038,107.12071604240515,105.46512929276707
2019-11-13,INTC,54.446573817780155,54.806726125716175,53.758776152884565
2019-11-13,MSFT,115.63130301019775,116.55819239926508,114.74497003559674
2019-11-13,NKE,76.69674223836728,77.36137096673386,76.03868070032752
2019-11-13,VZ,31.25672166036189,31.417110321035704,31.039799912762305
2019-11-13,WMT,24.392703307757987,24.55437668712167,24.240660418372446
2019-11-14,AAPL,49.221275831510525,49.53113648010647,48.52504719396611
2019-11-14,AMGN,146.58736502743494,147.64965388404988,144.75420990785543
2019-11-14,CRM,148.74346214931543,150.05998295391524,146.90577641879804
2019-11-14,CSCO,34.45463058190783,34.72845223091581,34.15514668962548
2019-11-14,IBM,105.94751402204629,106.73227687650346,105.08664188920518
2019-11-14,INTC,54.531737544581766,54.87069242928733,53.82679192823869
2019-11-14,MSFT,115.50374023995758,116.43651588671135,114.63983964713111
2019-11-14,NKE,76.56646011826835,77.22654054526487,75.90959125356684
2019-11-14,VZ,31.23664539503985,31.395651877437427,31.018615538078798
2019-11-14,WMT,24.36984893998236,24.532119587624145,24.21962569459698
2019-11-15,AAPL,49.46616517414223,49.79318953855697,48.84269774126841
2019-11-15,AMGN,147.08778005960565,148.20593522655955,145.29530939156132
2019-11-15,CRM,148.80213604579797,150.12306828534113,146.9565165801534
2019-11-15,CSCO,34.38612371411666,34.670453621748486,34.09055237995601
2019-11-15,IBM,105.6023487683197,106.37554813641711,104.73311831556379
2019-11-15,INTC,54.6353275443494,54.993123461465025,53.94291021868594
2019-11-15,MSFT,115.43661630715665,116.36773937731509,114.56065963323871
2019-11-15,NKE,76.46995317276729,77.13369502037614,75.8157940481796
2019-11-15,VZ,31.228011376572805,31.388564276550444,31.01198546182799
2019-11-15,WMT,24.35776114290656,24.52012113999414,24.20698151742657
2019-11-18,AAPL,49.69178178667334,50.0121702957505,49.06132557958519
2019-11-18,AMGN,147.53754795959196,148.63500596669863,145.71654453625737
2019-11-18,CRM,148.81155219617085,150.09688777976754,146.9305505807412
2019-11-18,CSCO,34.30775021355008,34.586414083096656,34.007738797101425
2019-11-18,IBM,105.23349207301273,105.98687329977135,104.35150367616006
2019-11-18,INTC,54.720798777099176,55.070038497692025,54.017856657380655
2019-11-18,MSFT,115.33692803846407,116.24618943395467,114.44138695088743
2019-11-18,NKE,76.35232436839205,77.00199224226272,75.68591977365054
2019-11-18,VZ,31.21283277443224,31.369049761322486,30.992113538164627
2019-11-18,WMT,24.340131129497784,24.498618924967925,24.18613473064696
2019-11-19,AAPL,49.95328270848737,50.288230443755744,49.31978380766433
2019-11-19,AMGN,148.0766632113198,149.2178941146171,146.28717711771424
2019-11-19,CRM,148.90187638894383,150.2471021362324,147.07872391730223
2019-11-19,CSCO,34.246610383172225,34.53260664702355,33.95584213961175
2019-11-19,IBM,104.90660995166316,105.6862579667677,104.05479343476354
2019-11-19,INTC,54.83609864285854,55.2004361788427,54.146869787030695
2019-11-19,MSFT,115.28896628251317,116.23418625131235,114.42917446351608
2019-11-19,NKE,76.27028288740134,76.94073427046587,75.62657028201332
2019-11-19,VZ,31.208019660747365,31.37122447631419,30.995552368084482
2019-11-19,WMT,24.331679611810326,24.4965728063902,24.18348977220121
2019-11-20,AAPL,50.17956165886342,50.512787488678455,49.573017541283015
2019-11-20,AMGN,148.5444085367124,149.67954908315798,146.7387007898095
2019-11-20,CRM,148.9733881795776,150.2772861881166,147.10291122092718
2019-11-20,CSCO,34.17455014328715,34.458544478115876,33.87907472991863
2019-11-20,IBM,104.57064360299088,105.32325000637735,103.69639235153208
2019-11-20,INTC,54.937035422834285,55.298692713175924,54.24081150754231
2019-11-20,MSFT,115.22671459081815,116.1433605506408,114.33554900556345
2019-11-20,NKE,76.17447361911184,76.83007297436505,75.51611254628473
2019-11-20,VZ,31.20010709353931,31.358742859640692,30.982204903561456
2019-11-20,WMT,24.320452561334626,24.480428009325056,24.16770768371668
2019-11-21,AAPL,50.453904008628086,50.78831820392664,49.79036948652067
2019-11-21,AMGN,149.09917863296204,150.2363087630756,147.2867800431986
2019-11-21,CRM,149.0390130781407,150.38815404460112,147.22023036736996
2019-11-21,CSCO,34.11371820510475,34.39584563960644,33.823879252194594
2019-11-21,IBM,104.23395101703565,105.01303788150193,103.39316757181132
2019-11-21,INTC,55.04928158973377,55.41052354736035,54.35425225898071
2019-11-21,MSFT,115.16443340256095,116.112128156564,114.31228908407333
2019-11-21,NKE,76.08602400622466,76.75492018021058,75.44477283767269
2019-11-21,VZ,31.19258426483531,31.35569137752717,30.98037757898357
2019-11-21,WMT,24.309692863184292,24.47494606341924,24.162321269147764
2019-11-22,AAPL,50.724073897419196,51.069852768731465,50.091315673966385
2019-11-22,AMGN,149.6629071842203,150.83365359060792,147.87040262643615
2019-11-22,CRM,149.16458657671257,150.5275464321819,147.35176762543787
2019-11-22,CSCO,34.057634695564836,34.34563576378068,33.77099201502462
2019-11-22,IBM,103.92739489715447,104.70548160441736,103.08827080766198
2019-11-22,INTC,55.17550401487323,55.548453057186215,54.48789739938015
2019-11-22,MSFT,115.13833850952587,116.0906845403462,114.28609654405084
2019-11-22,NKE,76.01745329162262,76.69170006116325,75.38159269492448
2019-11-22,VZ,31.192068345255468,31.357177119006483,30.981928094226358
2019-11-22,WMT,24.30497738724417,24.471237789185096,24.158206671106452
2019-11-25,AAPL,50.99739538943327,51.322524974156444,50.29519539838794
2019-11-25,AMGN,150.19067172699462,151.2949118102691,148.32681433400055
2019-11-25,CRM,149.14641365629944,150.4680992278177,147.30284674566775
2019-11-25,CSCO,33.98725500665973,34.260115034996254,33.69316782346516
2019-11-25,IBM,103.55192244507722,104.31703608877771,102.70923644348305
2019-11-25,INTC,55.266692670157546,55.6148795323937,54.55593957805399
2019-11-25,MSFT,115.02688876349744,115.95760774830903,114.16535065605278
2019-11-25,NKE,75.89888192484423,76.55453918913335,75.24853164347755
2019-11-25,VZ,31.174943195980745,31.334104251258008,30.95831393463
2019-11-25,WMT,24.285469181616318,24.447579166463818,24.13593332597487
2019-11-26,AAPL,51.248052286205585,51.57241657843974,50.56100766002845
2019-11-26,AMGN,150.67196548926927,151.77205594351207,148.79400308255003
2019-11-26,CRM,149.11328743676856,150.4072917043699,147.23986953166983
2019-11-26,CSCO,33.9096214701561,34.180815941319516,33.61262420517389
2019-11-26,IBM,103.17001887358765,103.91663093565568,102.31407500232683
2019-11-26,INTC,55.34822890515191,55.6944987442095,54.632482888026814
2019-11-26,MSFT,114.90542221444065,115.81651273196948,114.02382610381036
2019-11-26,NKE,75.77059520992324,76.41602759115057,75.11129458437283
2019-11-26,VZ,31.15566894760784,31.31176981722414,30.935478558247034
2019-11-26,WMT,24.263897682956948,24.422641968585296,24.11142954017348
2019-11-27,AAPL,51.541842773513665,51.88372651218303,50.847199326768695
2019-11-27,AMGN,151.26066917487057,152.41513745039515,149.42344833581438
2019-11-27,CRM,149.1802729833044,150.54464630981852,147.37574005425046
2019-11-27,CSCO,33.85283745088886,34.132688088316094,33.56689911796743
2019-11-27,IBM,102.83880325288112,103.61592439079807,102.01819082950402
2019-11-27,INTC,55.46536660000414,55.82949476424532,54.76631996011579
2019-11-27,MSFT,114.84500829821158,115.79977144096799,114.00662271490104
2019-11-27,NKE,75.68587116816846,76.35572340520204,75.05307842768342
2019-11-27,VZ,31.148606532470943,31.312929293488143,30.938513284497635
2019-11-27,WMT,24.253622812431363,24.420154522184884,24.10820679283887
2019-11-29,AAPL,51.794740860664454,52.14343941483832,51.159034958279385
2019-11-29,AMGN,151.78324693472504,152.9585873932639,149.95331377075613
2019-11-29,CRM,149.28257079069292,150.61686631485293,147.43701493872922
2019-11-29,CSCO,33.789608506928765,34.07300697791944,33.50147472808612
2019-11-29,IBM,102.52464375402054,103.27651014623989,101.68176606148397
2019-11-29,INTC,55.57998181023086,55.95098558384982,54.881628841982234
2019-11-29,MSFT,114.80181391884791,115.73325258961503,113.93254991152347
2019-11-29,NKE,75.60541959609802,76.26579895199448,74.96218620017208
2019-11-29,VZ,31.14451780926423,31.306039445483066,30.93093908202094
2019-11-29,WMT,24.246039722446994,24.408722858943943,24.096680305100517
2019-12-02,AAPL,52.07229296074215,52.41051878351166,51.37076782519498
2019-12-02,AMGN,152.32766570895254,153.46539638882902,150.4536362017183
2019-12-02,CRM,149.3000798340614,150.63393172819892,147.46228206525683
2019-12-02,CSCO,33.72301822554082,33.99767509080664,33.43306383822333
2019-12-02,IBM,102.17129343397292,102.92853661450981,101.34034760706034
2019-12-02,INTC,55.681486481869165,56.03923111818619,54.971375348459176
2019-12-02,MSFT,114.71364928761992,115.64597004589322,113.85556909047848
2019-12-02,NKE,75.49965687896,76.1565154636065,74.85672270983602
2019-12-02,VZ,31.131928300771534,31.292430806186193,30.9170759350373
2019-12-02,WMT,24.23021961381393,24.392797104956433,24.08156584717102
2019-12-03,AAPL,52.10076669962473,52.428781162962814,51.663329537829476
2019-12-03,AMGN,152.44760129861518,153.47332258093454,151.02091693385037
2019-12-03,CRM,149.0850380732383,150.3634552781391,147.31044025730498
2019-12-03,CSCO,33.60807937307946,33.88233667617137,33.37983930780895
2019-12-03,IBM,101.88575543892922,102.52205886352114,101.20734161745138
2019-12-03,INTC,55.66679445208565,56.0945764448319,55.11746319273652
2019-12-03,MSFT,114.54397162672574,115.29694017143522,113.70932016528714
2019-12-03,NKE,75.54968206937349,76.12686618652646,75.00919113504413
2019-12-03,VZ,31.10255323870088,31.232315438299732,30.91220441841419
2019-12-03,WMT,24.226308705350696,24.366980125252727,24.057382493687676
2019-12-04,AAPL,52.14931523681988,52.47420377705044,51.71086417474085
2019-12-04,AMGN,152.6094151476344,153.6424046360856,151.18003133935053
2019-12-04,CRM,148.92683123069165,150.2078838199986,147.1872397074837
2019-12-04,CSCO,33.50461708596918,33.7774325276206,33.27610304509573
2019-12-04,IBM,101.63103903987871,102.26315192645959,100.95513455762938
2019-12-04,INTC,55.66845115004392,56.09176915149626,55.1180622969122
2019-12-04,MSFT,114.4150082969159,115.15998134448341,113.5924331129691
2019-12-04,NKE,75.61152067793633,76.19557799866432,75.0756114227283
2019-12-04,VZ,31.07895757822378,31.210570470959475,30.89084944504847
2019-12-04,WMT,24.224856375136934,24.369508750475738,24.059745625209562
2019-12-05,AAPL,52.13787404002522,52.47363322236248,51.70166234149612
2019-12-05,AMGN,152.6464975929959,153.66167964248118,151.22127520615575
2019-12-05,CRM,148.59976974206964,149.86688605005807,146.7652660311822
2019-12-05,CSCO,33.368411136379905,33.642142061262035,33.14398488040356
2019-12-05,IBM,101.28728453763097,101.92577074383641,100.61162277643544
2019-12-05,INTC,55.62121792539997,56.05838443495043,55.07487358286553
2019-12-05,MSFT,114.16563194612348,114.93163378371847,113.31155681700872
2019-12-05,NKE,75.63819083574055,76.20336161600346,75.08713838238685
2019-12-05,VZ,31.038186093025697,31.16382470031818,30.844077736603317
2019-12-05,WMT,24.216078582329015,24.348744089674465,24.03965931006627
2019-12-06,AAPL,52.13776597805329,52.43667011788241,51.67437041709646
2019-12-06,AMGN,152.6699782084072,153.62209776635402,151.1633994831713
2019-12-06,CRM,148.27872709356723,149.4603231725219,146.45470954067645
2019-12-06,CSCO,33.2378567841042,33.49321796052804,32.997178420307186
2019-12-06,IBM,100.95516225972209,101.54305408784292,100.24618559639636
2019-12-06,INTC,55.56841969394947,55.96275628675267,54.990426325525554
2019-12-06,MSFT,113.93532536503098,114.6230661172834,113.06510740869258
2019-12-06,NKE,75.63413678765926,76.18300246758561,75.06329320763699
2019-12-06,VZ,30.994388751428428,31.11405058262631,30.793358064960596
2019-12-06,WMT,24.196892209292706,24.331143184482677,24.02310726387808
2019-12-09,AAPL,52.188806038384406,52.510530670493964,51.747895475742745
2019-12-09,AMGN,152.83356331769576,153.8638705818437,151.3957154147257
2019-12-09,CRM,148.12650981294374,149.39407475942994,146.39875445462928
2019-12-09,CSCO,33.13680223368851,33.40512811906238,32.909398089527755
2019-12-09,IBM,100.70599489218782,101.32808170839628,100.0336519270867
2019-12-09,INTC,55.57062170955875,55.98921618645191,55.01842939927122
2019-12-09,MSFT,113.8108669115605,114.5452814216211,112.99230583602856
2019-12-09,NKE,75.69483178442023,76.27862479444212,75.15731159253353
2019-12-09,VZ,30.97098171276714,31.101791686146075,30.78318407564399
2019-12-09,WMT,24.194892480007166,24.33981618703323,24.030473234513614
2019-12-10,AAPL,52.22765950261465,52.53164460962649,51.771469883472825
2019-12-10,AMGN,152.95054048577734,153.93983878273949,151.46636821604622
2019-12-10,CRM,147.92534678167794,149.14019906501636,146.17292751714245
2019-12-10,CSCO,33.028776234525864,33.286928007692076,32.7933006514127
2019-12-10,IBM,100.43574704458916,101.03092753132911,99.7443647010497
2019-12-10,INTC,55.5543643092433,55.95266452354987,54.98491316003457
2019-12-10,MSFT,113.6595379251304,114.35585963608398,112.82168905616585
2019-12-10,NKE,75.72716246553927,76.29592541714901,75.17349326419641
2019-12-10,VZ,30.940481416774894,31.06603914775337,30.746852712852455
2019-12-10,WMT,24.184701226822337,24.32681850694807,24.01823459224944
2019-12-11,AAPL,52.23445918948593,52.58540176414153,51.810693843981795
2019-12-11,AMGN,153.0444735776644,154.10247813380047,151.6558369688264
2019-12-11,CRM,147.6651977436253,148.97111942079079,145.87788779352985
2019-12-11,CSCO,32.90498355368776,33.18290707139678,32.69120365357158
2019-12-11,IBM,100.12627311354147,100.77875731937254,99.47742658654319
2019-12-11,INTC,55.52947596858046,55.981989912490924,54.99912512580766
2019-12-11,MSFT,113.44988353474193,114.24157504415682,112.62370478829588
2019-12-11,NKE,75.78403632001228,76.36627869740002,75.24825694432305
2019-12-11,VZ,30.908267702809823,31.03865177577148,30.72120059280329
2019-12-11,WMT,24.184283207378883,24.320686717420017,24.011360942228457
2019-12-12,AAPL,52.301033900272735,52.62192350195214,51.85933792900488
2019-12-12,AMGN,153.24340668563067,154.2829033134443,151.80279294391102
2019-12-12,CRM,147.5573541753798,148.8263959892136,145.86290680163128
2019-12-12,CSCO,32.81331520532559,33.07916223448483,32.587765091800215
2019-12-12,IBM,99.90196384296704,100.51873097051859,99.23646600003896
2019-12-12,INTC,55.54534309801293,55.96155812465526,54.99369443108335
2019-12-12,MSFT,113.35812790510356,114.08572958160427,112.55193804830704
2019-12-12,NKE,75.85489578516726,76.44587206029681,75.32070792404329
2019-12-12,VZ,30.889758709338327,31.02204639065056,30.704270698324954
2019-12-12,WMT,24.184471015294868,24.332401548174698,24.023028333542385
2019-12-13,AAPL,52.35703306180314,52.66680396169797,51.904452279422536
2019-12-13,AMGN,153.40823585276195,154.41886704802573,151.93475666495746
2019-12-13,CRM,147.40938833943295,148.64344352359672,145.69633823585335
2019-12-13,CSCO,32.71572452992974,32.974795990658,32.48486186639139
2019-12-13,IBM,99.66003190075152,100.25911947178929,98.98156690789939
2019-12-13,INTC,55.54785234574251,55.951325618773176,54.98477499813226
2019-12-13,MSFT,113.24567679596849,113.94762835550108,112.42483316037756
2019-12-13,NKE,75.90455097812283,76.48530960539676,75.35824907007958
2019-12-13,VZ,30.866162497390473,30.99483127666295,30.67637338656165
2019-12-13,WMT,24.178641922732176,24.324204525284912,24.015367748822587
2019-12-16,AAPL,52.3677029943853,52.699304769628874,51.92699206144087
2019-12-16,AMGN,153.49202929963175,154.515029974136,152.0521354308753
2019-12-16,CRM,147.14523809527077,148.40057557558686,145.3657779102069
2019-12-16,CSCO,32.59451864123009,32.86044528187398,32.37309797205703
2019-12-16,IBM,99.35480897939313,99.97598830936369,98.69040098471254
2019-12-16,INTC,55.518885252699725,55.948207862782155,54.97079969964121
2019-12-16,MSFT,113.04467479478059,113.79025976904644,112.20941662965859
2019-12-16,NKE,75.94169185242346,76.51563540746244,75.39238992624965
2019-12-16,VZ,30.831977452590365,30.958698365285546,30.64086309500792
2019-12-16,WMT,24.171755998355955,24.308514802298372,23.999857635023655
2019-12-17,AAPL,52.41671188553296,52.73344372686951,51.96834709823374
2019-12-17,AMGN,153.64555590945898,154.66652445600943,152.183554196865
2019-12-17,CRM,146.9822101352878,148.2232129173869,145.26274323041474
2019-12-17,CSCO,32.49397944392673,32.75395212247591,32.26774972782239
2019-12-17,IBM,99.10489570186266,99.70844751824743,98.43578609294109
2019-12-17,INTC,55.516846765239485,55.92784976650748,54.959162970925156
2019-12-17,MSFT,112.91724620410011,113.63193497828684,112.09872799387104
2019-12-17,NKE,75.99328527133392,76.57492460209262,75.44824486299818
2019-12-17,VZ,30.806986239086484,30.935589633519633,30.61817462085787
2019-12-17,WMT,24.166976185982705,24.31115940748432,24.002398498843355
2019-12-18,AAPL,52.451364949330134,52.756381393468594,51.99234157458108
2019-12-18,AMGN,153.75323299145757,154.7437431951901,152.2585600343828
2019-12-18,CRM,146.76935176888054,147.9712504188146,145.02357957631804
2019-12-18,CSCO,32.385677004526826,32.638424740224806,32.15440442125445
2019-12-18,IBM,98.83234794810744,99.41718167010768,98.15046982815315
2019-12-18,INTC,55.496801241962615,55.89451616318978,54.92717603653196
2019-12-18,MSFT,112.75891620136768,113.4487434825905,111.92430713271939
2019-12-18,NKE,76.02160467742898,76.59058819343899,75.46374824591763
2019-12-18,VZ,30.7752802701941,30.899546459280074,30.581891532469154
2019-12-18,WMT,24.155782848214947,24.29684432746638,23.98871011624187
2019-12-19,AAPL,52.50920470391757,52.83467234635634,52.06762767966913
2019-12-19,AMGN,153.93422871995452,154.97940489599188,152.4923050296281
2019-12-19,CRM,146.63859667159306,147.90135933750156,144.9394716825334
2019-12-19,CSCO,32.29073907249885,32.553356613226526,32.070176398022674
2019-12-19,IBM,98.59824371699104,99.21023125751334,97.94311576334927
2019-12-19,INTC,55.50529749465619,55.92524576156924,54.95597809947547
2019-12-19,MSFT,112.64873436962647,113.37940806172045,111.84394861020111
2019-12-19,NKE,76.08942032588922,76.67986716832273,75.55256445011932
2019-12-19,VZ,30.754320434031495,30.885357964009057,30.569170775541867
2019-12-19,WMT,24.155522054080517,24.301527815704606,23.992563348313727
2019-12-20,AAPL,52.56450964944009,52.869459596063514,52.10596697766594
2019-12-20,AMGN,154.08908764482595,155.0935324911798,152.5962989610732
2019-12-20,CRM,146.48513855450605,147.69602300360262,144.77750099316424
2019-12-20,CSCO,32.19405341993385,32.44609086215869,31.964415032341517
2019-12-20,IBM,98.35722133984508,98.94045203310672,97.68218567761268
2019-12-20,INTC,55.50349102449638,55.8998306207638,54.93534070592772
2019-12-20,MSFT,112.53223736458278,113.21884934407517,111.71247260139056
2019-12-20,NKE,76.1329724710482,76.71126651241623,75.58131580701065
2019-12-20,VZ,30.729130843754366,30.855819560713694,30.538829595627103
2019-12-20,WMT,24.14779309623809,24.292909138043246,23.98460883159239
2019-12-23,AAPL,52.61317080452058,52.94500428011232,52.17433534481516
2019-12-23,AMGN,154.25441637442117,155.3070982259939,152.8199607914125
2019-12-23,CRM,146.33224818648355,147.59997514874908,144.6223683238359
2019-12-23,CSCO,32.09491707729117,32.358087642177864,31.878103957488065
2019-12-23,IBM,98.11165602971268,98.72705628312295,97.46368941166803
2019-12-23,INTC,55.50576113900323,55.932456154886445,54.96055953727305
2019-12-23,MSFT,112.40364948356282,113.14488802879461,111.59845922758461
2019-12-23,NKE,76.19998884413147,76.79042418511267,75.66279468878379
2019-12-23,VZ,30.70615478675906,30.836825261212546,30.521350379232068
2019-12-23,WMT,24.14783422613935,24.292034216878,23.98314296961274
2019-12-24,AAPL,52.682206719125375,53.01142931853904,52.24228174440514
2019-12-24,AMGN,154.46457789325657,155.52545045567004,153.02743939328386
2019-12-24,CRM,146.23551903252942,147.5081574575322,144.56073765737014
2019-12-24,CSCO,32.00672445991889,32.26887179701925,31.789611034985658
2019-12-24,IBM,97.89580652496673,98.50803968838068,97.25021899270699
2019-12-24,INTC,55.525341739157156,55.948150642117525,54.97939130408503
2019-12-24,MSFT,112.31640941949038,113.05009814140273,111.52305028492603
2019-12-24,NKE,76.27931835412606,76.87753749062931,75.7468327466646
2019-12-24,VZ,30.689254304088127,30.82200844336733,30.506698576333374
2019-12-24,WMT,24.15042834368984,24.2986413859444,23.989520336462878
2019-12-26,AAPL,52.70404582234862,53.034124954417805,52.25961940908698
2019-12-26,AMGN,154.567202657338,155.5994476797932,153.11456597750768
2019-12-26,CRM,146.00346518163133,147.24640979658798,144.2525910647409
2019-12-26,CSCO,31.893907369440704,32.15295328392829,31.67639977416369
2019-12-26,IBM,97.6116855208184,98.21826518865414,96.95869159452322
2019-12-26,INTC,55.50324759143637,55.92804814238312,54.953177320189
2019-12-26,MSFT,112.135524430742,112.86967757375324,111.31259286778864
2019-12-26,NKE,76.32253925062335,76.90135979462022,75.77285686675454
2019-12-26,VZ,30.657598340181718,30.784150191484574,30.468557656100646
2019-12-26,WMT,24.144689036966746,24.283465854812636,23.975064432672173
2019-12-27,AAPL,52.723262301651786,53.03991668353582,52.26773301188275
2019-12-27,AMGN,154.65160631786688,155.65642484856295,153.16543823581264
2019-12-27,CRM,145.75438489886417,146.96247805167982,143.9989209071318
2019-12-27,CSCO,31.77970721498744,32.03155504860271,31.556640371243077
2019-12-27,IBM,97.32225731820088,97.90954966233289,96.6570652567363
2019-12-27,INTC,55.474081196419846,55.88339695974843,54.91206305746057
2019-12-27,MSFT,111.94966925571099,112.65426772123551,111.11724050256153
2019-12-27,NKE,76.3491803616085,76.91992599603716,75.7894922243272
2019-12-27,VZ,30.623093995693438,30.746718261464075,30.43068704545979
2019-12-27,WMT,24.13392144102868,24.271899988009206,23.96401439777584
2019-12-30,AAPL,52.77090610591192,53.1112331801246,52.336644224908824
2019-12-30,AMGN,154.82246447467304,155.89338232709875,153.4002946876826
2019-12-30,CRM,145.6048869108463,146.88346292413274,143.90364765999956
2019-12-30,CSCO,31.681485441905394,31.94465378968718,31.470905846136564
2019-12-30,IBM,97.07901967078587,97.69745608147032,96.44530900765604
2019-12-30,INTC,55.478268597735976,55.9132178382173,54.939963223688984
2019-12-30,MSFT,111.81966119138866,112.57264928515872,111.02325746178866
2019-12-30,NKE,76.42400848783396,77.01993527575821,75.88995929369969
2019-12-30,VZ,30.60109865135233,30.73261691874321,30.418622586865553
2019-12-30,WMT,24.136400699719374,24.28043091731801,23.971491611244595
2019-12-31,AAPL,52.83461127479387,53.15196829442995,52.383325368326325
2019-12-31,AMGN,155.0067932335783,156.04432153050112,153.53403852181154
2019-12-31,CRM,145.48416415235283,146.7169637694857,143.80402803253457
2019-12-31,CSCO,31.59120026217019,31.843853800381535,31.371190959354344
2019-12-31,IBM,96.85541346543496,97.44433039680844,96.20352944816844
2019-12-31,INTC,55.487440440654225,55.89565850590178,54.92997524975221
2019-12-31,MSFT,111.71970030261903,112.42424909802273,110.91887558191682
2019-12-31,NKE,76.4863492612142,77.07663239702782,75.94254191202762
2019-12-31,VZ,30.58022598403399,30.709347417899732,30.394692762877458
2019-12-31,WMT,24.13395678107974,24.280782961740893,23.97225141399936
2020-01-02,AAPL,52.868413964805704,53.19879081368097,52.42297220012187
2020-01-02,AMGN,155.13918026870823,156.1812118674403,153.6829099233049
2020-01-02,CRM,145.2869122954713,146.5306682072655,143.56586276097784
2020-01-02,CSCO,31.486003038511534,31.742147791433787,31.27111869257333
2020-01-02,IBM,96.59135061368183,97.19209364420736,95.94666369375301
2020-01-02,INTC,55.47676849451098,55.90012808244192,54.927751930394024
2020-01-02,MSFT,111.5650242554607,112.29277392436464,110.75364032065022
2020-01-02,NKE,76.53818304865237,77.12401603816623,75.99080281947339
2020-01-02,VZ,30.55271033857808,30.680467843001335,30.365843759521333
2020-01-02,WMT,24.130099036795674,24.271145697039582,23.962773642727594
2020-01-03,AAPL,53.186418463902996,53.43514980236207,52.6471213685095
2020-01-03,AMGN,155.52404105620857,156.5186198894279,154.28973849060313
2020-01-03,CRM,145.75381422783815,146.69690203656322,144.25749948691094
2020-01-03,CSCO,31.580207688716502,31.78769978340501,31.352273679031395
2020-01-03,IBM,96.60559929056109,97.16048415678073,96.09212759258935
2020-01-03,INTC,55.66757360584296,55.99897790860089,55.21642436866085
2020-01-03,MSFT,111.9520205313185,112.43235041147163,111.17034686783249
2020-01-03,NKE,76.75591553948027,77.1911028652798,76.19427113646297
2020-01-03,VZ,30.572190566941348,30.711163583714594,30.408265330900136
2020-01-03,WMT,24.1381072824081,24.2859747692491,24.023371541557633
2020-01-06,AAPL,53.52250375109252,53.79448896484307,53.004085279304164
2020-01-06,AMGN,156.01851093227089,157.05211528105738,154.82297617305312
2020-01-06,CRM,146.26232847841388,147.28538781047075,144.84643465268778
2020-01-06,CSCO,31.6840829739769,31.90579827550151,31.466769780354024
2020-01-06,IBM,96.65079330787731,97.23511448574293,96.16054887151408
2020-01-06,INTC,55.88091866624072,56.23674085900117,55.44900234370763
2020-01-06,MSFT,112.3735840171345,112.89977070505758,111.63718565017021
2020-01-06,NKE,77.0105352967499,77.47869140417038,76.47651387532244
2020-01-06,VZ,30.60820949854674,30.75374050343372,30.452142722731935
2020-01-06,WMT,24.157630761005056,24.311589656180125,24.04741220719626
2020-01-07,AAPL,53.85690978711541,54.1000995425068,53.29827426195503
2020-01-07,AMGN,156.36255324009662,157.3729385060901,155.12155882389393
2020-01-07,CRM,146.78443356133914,147.7007429786727,145.2304104972033
2020-01-07,CSCO,31.784760669629208,31.98666476002541,31.55049501419545
2020-01-07,IBM,96.67590620144404,97.22106986549012,96.1578271308927
2020-01-07,INTC,56.08148211360851,56.40625426821624,55.62016681189637
2020-01-07,MSFT,112.78635241297178,113.25296335348152,111.97270418937245
2020-01-07,NKE,77.22992168487659,77.65273938000489,76.65220233271569
2020-01-07,VZ,30.620453784512957,30.759367702564944,30.45529714187999
2020-01-07,WMT,24.1633465759397,24.310882458368685,24.048679425222744
2020-01-08,AAPL,54.150828066839495,54.41541664501308,53.61974823406501
2020-01-08,AMGN,156.80630331671475,157.77827486899577,155.55057125665385
2020-01-08,CRM,147.13765271539268,148.134966001283,145.69565462732416
2020-01-08,CSCO,31.865308809345812,32.08457702923384,31.641834524452843
2020-01-08,IBM,96.65994912805937,97.22741672048008,96.14842777615603
2020-01-08,INTC,56.25143530748281,56.59807201764389,55.80349234944815
2020-01-08,MSFT,113.12148588046054,113.62917878390692,112.36954412456072
2020-01-08,NKE,77.43940936441373,77.89953647716992,76.88966764261887
2020-01-08,VZ,30.64982304122049,30.788017360148398,30.485309316798656
2020-01-08,WMT,24.172904464771925,24.32038081945431,24.05641246732259
2020-01-09,AAPL,54.432887967872674,54.67672414099675,53.87373740025373
2020-01-09,AMGN,157.14143461375724,158.08355988038932,155.842963845984
2020-01-09,CRM,147.4618527854831,148.3832634145116,145.92791226268946
2020-01-09,CSCO,31.938108109588978,32.14389939983369,31.70256296975833
2020-01-09,IBM,96.61670049230442,97.1549002137109,96.08284453348517
2020-01-09,INTC,56.40268435602884,56.72691595726835,55.932579131755354
2020-01-09,MSFT,113.43008434958683,113.89475211510955,112.62612835824429
2020-01-09,NKE,77.61523575217244,78.04407003847017,77.03437311455214
2020-01-09,VZ,30.662526887901997,30.794764953248517,30.490229257690885
2020-01-09,WMT,24.171339948576488,24.313159565773525,24.050563924476176
2020-01-10,AAPL,54.72926773212896,54.98285679576452,54.1756504289935
2020-01-10,AMGN,157.51909818504942,158.48552744169794,156.2394324848295
2020-01-10,CRM,147.8259198942673,148.77818520516362,146.31720940642646
2020-01-10,CSCO,32.01796971547217,32.229014021019736,31.786104147679165
2020-01-10,IBM,96.59296827831514,97.14257846995149,96.06977257350853
2020-01-10,INTC,56.56852955444977,56.90265880020524,56.10559440867255
2020-01-10,MSFT,113.76471651257779,114.24778143771084,112.9748673787391
2020-01-10,NKE,77.81024356912359,78.25150503661953,77.23897902292333
2020-01-10,VZ,30.681320565684544,30.816808513575292,30.51270242254013
2020-01-10,WMT,24.1748768296722,24.31959586045792,24.056497235293115
2020-01-13,AAPL,55.049661292399634,55.29729829573395,54.480478368201275
2020-01-13,AMGN,157.8614644348649,158.85358692381112,156.5889015993693
2020-01-13,CRM,148.2770844086506,149.20233138426084,146.71664760944105
2020-01-13,CSCO,32.108871160508954,32.31379739965469,31.872056244371024
2020-01-13,IBM,96.59213514166984,97.1340915938719,96.0682856201504
2020-01-13,INTC,56.75223965314633,57.07978570083846,56.282907420556434
2020-01-13,MSFT,114.14185311091826,114.6119442477929,113.32334003555289
2020-01-13,NKE,78.01472855016398,78.4430125854241,77.43077198338611
2020-01-13,VZ,30.693609895854486,30.830226903922835,30.525398006348475
2020-01-13,WMT,24.177773147841837,24.323187241523048,24.06072167135925
2020-01-14,AAPL,55.32811574199598,55.58897119748323,54.77702939336999
2020-01-14,AMGN,158.2625343090814,159.20959029339042,156.96426557391587
2020-01-14,CRM,148.56373517263253,149.53990847791115,147.08127023460375
2020-01-14,CSCO,32.178749713245615,32.395511401033474,31.948431711156744
2020-01-14,IBM,96.54546264827687,97.09881182697862,96.02099401650003
2020-01-14,INTC,56.90188619252975,57.24262154603401,56.43854724473534
2020-01-14,MSFT,114.43919654424865,114.9339330312904,113.66325149863346
2020-01-14,NKE,78.19939540520329,78.65237330945372,77.63244191431684
2020-01-14,VZ,30.71666352635017,30.850790043489685,30.546680039865695
2020-01-14,WMT,24.180837766964757,24.32446245306668,24.060820335919257
2020-01-15,AAPL,55.58848853721841,55.85761441591878,55.0463373675907
2020-01-15,AMGN,158.69876735013173,159.62816571112882,157.3888100997026
2020-01-15,CRM,148.77622572010142,149.78179738969087,147.3353002225736
2020-01-15,CSCO,32.2394165050486,32.462835836270195,32.01268738476842
2020-01-15,IBM,96.47926733194201,97.03948979658385,95.95608850921928
2020-01-15,INTC,57.03694534625869,57.38570206408123,56.57721384099012
2020-01-15,MSFT,114.70132075082152,115.21089925759533,113.94777008934678
2020-01-15,NKE,78.37714643669122,78.84434158964453,77.81937130827751
2020-01-15,VZ,30.745800009061934,30.879200017525214,30.57536654384417
2020-01-15,WMT,24.184643437492173,24.327781235457092,24.063499480565394
2020-01-16,AAPL,55.90488078404575,56.17029990247386,55.345474822595854
2020-01-16,AMGN,159.11155984452003,160.10912197810902,157.83850758532998
2020-01-16,CRM,149.18747239261702,150.16948629262401,147.6849623223063
2020-01-16,CSCO,32.327147296231125,32.54356892274832,32.09619267339531
2020-01-16,IBM,96.47444568531674,97.0321557091674,95.96056479857322
2020-01-16,INTC,57.21871812697223,57.56344634224022,56.757120044818215
2020-01-16,MSFT,115.06612917498717,115.56758967527021,114.27873393716472
2020-01-16,NKE,78.5908068053115,79.04464514265243,78.02200348192358
2020-01-16,VZ,30.76908920667441,30.907729651423583,30.60318433724485
2020-01-16,WMT,24.19236042944474,24.33965539746562,24.076048607194124
2020-01-17,AAPL,56.24727627436793,56.51267968191608,55.67893847631869
2020-01-17,AMGN,159.5178544734178,160.547497156871,158.26033662748395
2020-01-17,CRM,149.68649192427603,150.662509511774,148.15616094998046
2020-01-17,CSCO,32.42703037094238,32.64117920658375,32.194117602062725
2020-01-17,IBM,96.49697551449286,97.05457566792616,95.98769227067918
2020-01-17,INTC,57.42181505441861,57.76621131017652,56.95902640429756
2020-01-17,MSFT,115.47719501363419,115.97750270483722,114.6745899474999
2020-01-17,NKE,78.8215436546277,79.27122641793603,78.24778529888782
2020-01-17,VZ,30.790312983676408,30.931466187759206,30.62654966812297
2020-01-17,WMT,24.202118310173123,24.351432535140127,24.088002118072502
2020-01-21,AAPL,56.584086046757456,56.86156558206537,56.026306727556715
2020-01-21,AMGN,159.97590758982065,161.00582385332694,158.7215367020531
2020-01-21,CRM,150.15148361216885,151.1687321254194,148.6665396898511
2020-01-21,CSCO,32.52397316935078,32.74629061479308,32.29594868639153
2020-01-21,IBM,96.51575006877475,97.08567022168208,96.01323454166422
2020-01-21,INTC,57.622384381070866,57.978812474089644,57.16666003525222
2020-01-21,MSFT,115.87650536640454,116.39913815432551,115.09918829114639
2020-01-21,NKE,79.0583883990063,79.52613407394375,78.49742851099671
2020-01-21,VZ,30.819700590110536,30.96219564746832,30.65777550175713
2020-01-21,WMT,24.215433335051863,24.36612717812851,24.101812600564536
2020-01-22,AAPL,56.94085243082157,57.20861527403555,56.36279199660402
2020-01-22,AMGN,160.3801858890894,161.4275829691332,159.12350909400044
2020-01-22,CRM,150.68991650531405,151.66770115282694,149.13798263143497
2020-01-22,CSCO,32.62946873215305,32.84351170365322,32.39445369513487
2020-01-22,IBM,96.54973954905297,97.10732060588869,96.04197550952678
2020-01-22,INTC,57.83549790881104,58.18142116680109,57.3694137517405
2020-01-22,MSFT,116.3091279162999,116.81122961042473,115.49455573962935
2020-01-22,NKE,79.29740172171,79.74707206959577,78.71838026497917
2020-01-22,VZ,30.839848898484128,30.98220242058569,30.676747603174277
2020-01-22,WMT,24.22596297653301,24.376206469412416,24.112670509932855
2020-01-23,AAPL,57.24002546807888,57.50712744134693,56.66496149264541
2020-01-23,AMGN,160.77449989588592,161.74820265227675,159.4611226594254
2020-01-23,CRM,151.02265404459806,152.00372316417605,149.49650122018983
2020-01-23,CSCO,32.705809297947006,32.92348860817543,32.47011465116367
2020-01-23,IBM,96.51442468691916,97.06504271032834,95.99036483176798
2020-01-23,INTC,57.99649019502256,58.3408486254643,57.522647011873914
2020-01-23,MSFT,116.63198924594045,117.13063414537346,115.83057543944975
2020-01-23,NKE,79.49038347221853,79.94538145789654,78.90970823059126
2020-01-23,VZ,30.860489240350287,30.995872041060476,30.690170238550795
2020-01-23,WMT,24.229008944978855,24.3733584995991,24.10950141317523
2020-01-24,AAPL,57.54729466428847,57.81597769126491,56.96824342155504
2020-01-24,AMGN,161.1706144614159,162.15543670157115,159.8602775706571
2020-01-24,CRM,151.37834286226615,152.36120370010713,149.8446360930921
2020-01-24,CSCO,32.78555227717032,33.00329394485848,32.54924381829721
2020-01-24,IBM,96.48677960666278,97.03793167550535,95.96482413539374
2020-01-24,INTC,58.16394179445466,58.509576221580446,57.68942135302939
2020-01-24,MSFT,116.96819890218609,117.46882269356306,116.16238258463147
2020-01-24,NKE,79.689103868712,80.14454704997274,79.1069617673421
2020-01-24,VZ,30.881057544970414,31.017359728570796,30.711427607187264
2020-01-24,WMT,24.232945000881017,24.378013690356934,24.11411529714472
2020-01-27,AAPL,57.89261523010858,58.153746199400544,57.293815154214165
2020-01-27,AMGN,161.52442356482877,162.5503714893258,160.2301380722498
2020-01-27,CRM,151.86944312490542,152.81849713394712,150.269501391415
2020-01-27,CSCO,32.882767041024614,33.092526152689366,32.640486414699616
2020-01-27,IBM,96.4956516313889,97.03845774381844,95.97487068607737
2020-01-27,INTC,58.36031258761133,58.697929805047416,57.87890608257295
2020-01-27,MSFT,117.37163394090739,117.8565361911943,116.52912672888466
2020-01-27,NKE,79.90528609181831,80.34406590934991,79.30781601785095
2020-01-27,VZ,30.89369999787733,31.032241768619617,30.725451006388525
2020-01-27,WMT,24.237020335684225,24.383664324748942,24.12057028412788
2020-01-28,AAPL,58.23277249378465,58.498429459024315,57.63514947484686
2020-01-28,AMGN,161.8931553119922,162.9141176762797,160.59326763166328
2020-01-28,CRM,152.3345677138208,153.29796188540053,150.74660752100104
2020-01-28,CSCO,32.976903045216346,33.18974895059873,32.73557608224262
2020-01-28,IBM,96.49784035369447,97.04369399536016,95.97759980151861
2020-01-28,INTC,58.551845103086535,58.893472897520915,58.070920878603324
2020-01-28,MSFT,117.76300740704762,118.25504197121856,116.9270757628716
2020-01-28,NKE,80.11988451771897,80.5651404575127,79.52495855117584
2020-01-28,VZ,30.9087038172167,31.047054761325434,30.74038808764378
2020-01-28,WMT,24.241470673750797,24.388008064490254,24.12466461163541
2020-01-29,AAPL,58.568832660076495,58.84750922156857,57.9825481453563
2020-01-29,AMGN,162.31726496589366,163.34091883943535,161.0233295835109
2020-01-29,CRM,152.77021039037794,153.7770228393174,151.22918378134798
2020-01-29,CSCO,33.06896124469964,33.29024210270739,32.83291838126486
2020-01-29,IBM,96.49883463512263,97.05783476841893,95.98647037596314
2020-01-29,INTC,58.74250461339153,59.09687259493209,58.2696151093608
2020-01-29,MSFT,118.14545682576704,118.6612115208652,117.33573857016975
2020-01-29,NKE,80.34290927646818,80.80696165645557,79.76171353251841
2020-01-29,VZ,30.93221180839913,31.072225542022196,30.766191787818638
2020-01-29,WMT,24.249966001925056,24.39815918950318,24.133971964722083
2020-01-30,AAPL,58.86918011044298,59.13652519529377,58.26977048472067
2020-01-30,AMGN,162.68132112854514,163.6528463376655,161.33717746584094
2020-01-30,CRM,153.0880427267737,154.05802224011924,151.5146513035063
2020-01-30,CSCO,33.14238269912765,33.35873463267689,32.89990115620047
2020-01-30,IBM,96.45191286844589,96.9930594907848,95.92056654191028
2020-01-30,INTC,58.89736208586128,59.23957044857701,58.40919852008139
2020-01-30,MSFT,118.45930028830111,118.95148585518402,117.63034314192778
2020-01-30,NKE,80.52534819994032,80.97632154486767,79.92772727808838
2020-01-30,VZ,30.947842895525042,31.081426706480194,30.774329764798118
2020-01-30,WMT,24.249270057820834,24.391736449183174,24.128052770321865
2020-01-31,AAPL,59.213406821113644,59.48890646030958,58.612369376763986
2020-01-31,AMGN,163.07805526322397,164.10835737227103,161.7744258435766
2020-01-31,CRM,153.54633343263492,154.5360457802857,151.9687596262161
2020-01-31,CSCO,33.23675438577132,33.454785847242256,32.996267568866685
2020-01-31,IBM,96.45495884383661,97.00675649371998,95.93905980969669
2020-01-31,INTC,59.091224610328325,59.4415078708717,58.61046039203961
2020-01-31,MSFT,118.85205966353823,119.35912468166441,118.02138142846034
2020-01-31,NKE,80.74628912432796,81.20296986006309,80.15389734638791
2020-01-31,VZ,30.966807367786277,31.106328370679712,30.799454274826868
2020-01-31,WMT,24.255808359245183,24.403334789763257,24.1394618844238
2020-02-03,AAPL,59.55248549151831,59.83768107480288,58.959140425009835
2020-02-03,AMGN,163.51386563233052,164.54332030121267,162.21062755443506
2020-02-03,CRM,153.97533021118844,154.99691649604276,152.4327908471665
2020-02-03,CSCO,33.32833868343613,33.55281390544483,33.091431800944704
2020-02-03,IBM,96.45372907091722,97.01436044389644,95.94251728612927
2020-02-03,INTC,59.28219377693825,59.641836668317296,58.806294961130725
2020-02-03,MSFT,119.23402226559551,119.75837066264208,118.42278639544105
2020-02-03,NKE,80.97076772329314,81.44157208634171,80.38781389524162
2020-02-03,VZ,30.991911871526373,31.132280789355427,30.82571778458408
2020-02-03,WMT,24.26480444466054,24.413208545725006,24.148675748682564
2020-02-04,AAPL,59.656610712434414,60.09841762280865,59.038944500044906
2020-02-04,AMGN,163.11232185578558,164.52356391526854,161.7087894503298
2020-02-04,CRM,154.46284703393616,155.55844874162116,152.6946519170775
2020-02-04,CSCO,33.30962569931244,33.567934332399716,33.067142007823975
2020-02-04,IBM,96.74688795560778,97.35321832161726,96.03931256792409
2020-02-04,INTC,59.4158392602983,59.95054429229384,58.90464505947145
2020-02-04,MSFT,119.7343691314272,120.29881581074328,118.72922373627124
2020-02-04,NKE,81.01919601786426,81.68171159078027,80.42219400823721
2020-02-04,VZ,30.93105011532156,31.10743854113257,30.764441167474775
2020-02-04,WMT,24.241050256406982,24.398845679723582,24.09784368090063
2020-02-05,AAPL,59.802843908441794,60.256562109659875,59.21454420315525
2020-02-05,AMGN,162.78682487905954,164.2404725719775,161.43304699786214
2020-02-05,CRM,155.02323619937786,156.2007475502879,153.33294123480545
2020-02-05,CSCO,33.3016434581445,33.57100702695129,33.06854269912762
2020-02-05,IBM,97.06416640758405,97.69705195775605,96.39434642557083
2020-02-05,INTC,59.58182801699661,60.13795557401158,59.08175510814265
2020-02-05,MSFT,120.26091518040371,120.87602826672544,119.3180701280704
2020-02-05,NKE,81.06826517978364,81.74341170212992,80.49517318001568
2020-02-05,VZ,30.89533616290402,31.06532401762731,30.73520048240973
2020-02-05,WMT,24.22955045343724,24.392611077650265,24.09027098331556
2020-02-06,AAPL,59.893092215304364,60.34309351753968,59.25415283037224
2020-02-06,AMGN,162.38908073802622,163.79581925709252,160.988910806209
2020-02-06,CRM,155.536894205279,156.60931072474665,153.71487406929617
2020-02-06,CSCO,33.28817216216528,33.54305535715429,33.044022696799566
2020-02-06,IBM,97.37935833651763,97.98532416705832,96.64178447142166
2020-02-06,INTC,59.714940948825266,60.248615523065226,59.2056347670596
2020-02-06,MSFT,120.80314314777821,121.35286070522973,119.74070612086705
2020-02-06,NKE,81.15911227454322,81.83233492068268,80.55616179572048
2020-02-06,VZ,30.816361299905314,31.00502829427486,30.651610442057876
2020-02-06,WMT,24.20271084680451,24.36052232566367,24.060808039928894
2020-02-07,AAPL,60.014640778041816,60.44278018418538,59.42113156892983
2020-02-07,AMGN,161.96560515494895,163.35096814322932,160.56475205934356
2020-02-07,CRM,155.96265320364688,157.1081608320777,154.23523902172823
2020-02-07,CSCO,33.25577644778931,33.51707289834981,33.014761900622936
2020-02-07,IBM,97.6268579189757,98.24058894665697,96.95061090039376
2020-02-07,INTC,59.84309343516598,60.38357512459407,59.31557425047678
2020-02-07,MSFT,121.22447039411017,121.82160001742683,120.28075067910054
2020-02-07,NKE,81.11704050737586,81.75715650407673,80.52246105962827
2020-02-07,VZ,30.78364484671698,30.931905958387304,30.61356387003974
2020-02-07,WMT,24.181856207000497,24.337257106968217,24.03573409073072
2020-02-10,AAPL,60.09473433972585,60.51438611066759,59.4681867876185
2020-02-10,AMGN,161.47425507131786,162.81398456119524,160.03409345562102
2020-02-10,CRM,156.3264249235774,157.39642031834285,154.50884062081505
2020-02-10,CSCO,33.21431972220796,33.464464273591126,32.9646448633995
2020-02-10,IBM,97.85675878349848,98.44815562287343,97.13687393370351
2020-02-10,INTC,59.94147878287291,60.46365838113824,59.4020879032048
2020-02-10,MSFT,121.63107011361127,122.18158828628208,120.61259182847796
2020-02-10,NKE,81.08137931358307,81.71152233713508,80.46364409004919
2020-02-10,VZ,30.72454949862568,30.880215466452107,30.549231758275276
2020-02-10,WMT,24.149192569199077,24.299477091630774,23.999866913267212
2020-02-11,AAPL,60.19201376016498,60.620348244319345,59.57448227991095
2020-02-11,AMGN,161.02368225719357,162.38351775690302,159.61065284419027
2020-02-11,CRM,156.7367202063562,157.84004571569344,154.94484166302985
2020-02-11,CSCO,33.180339055003365,33.434876052006004,32.93512387777076
2020-02-11,IBM,98.10678845936417,98.71110014183905,97.39789370010341
2020-02-11,INTC,60.05636847866758,60.58868992988594,59.524117695055814
2020-02-11,MSFT,122.06569228866734,122.63690238989427,121.06308939787819
2020-02-11,NKE,81.06205350034273,81.70186344336048,80.45539077563103
2020-02-11,VZ,30.67269466331933,30.830138416982376,30.50134566099656
2020-02-11,WMT,24.121836578610548,24.274805392344668,23.97505811265422
2020-02-12,AAPL,60.27824889534387,60.718840285534874,59.64016657037531
2020-02-12,AMGN,160.59318550428725,161.9614762669949,159.1898315396948
2020-02-12,CRM,157.19666930563358,158.27635099641503,155.35904074886633
2020-02-12,CSCO,33.1561502267522,33.40828737571054,32.91054466404472
2020-02-12,IBM,98.39173188402874,98.99696829264276,97.65384676670723
2020-02-12,INTC,60.17667617795078,60.70905864982304,59.652523057032894
2020-02-12,MSFT,122.56197080579277,123.11781743008711,121.50229253427689
2020-02-12,NKE,81.10430187290386,81.76075900733467,80.49559687874414
2020-02-12,VZ,30.601165059480596,30.77590052051964,30.433303239041205
2020-02-12,WMT,24.09272507580597,24.247031411078503,23.9484844199887
2020-02-13,AAPL,60.38126344325037,60.799392942452684,59.77605549108869
2020-02-13,AMGN,160.12044620828965,161.45714991150217,158.7053415033844
2020-02-13,CRM,157.55813546879818,158.68295119002875,155.7840579280064
2020-02-13,CSCO,33.112414054227685,33.367244247762756,32.867209072553315
2020-02-13,IBM,98.61021394594856,99.21568165124377,97.91752948949544
2020-02-13,INTC,60.284033986864586,60.81717394802544,59.74023821662207
2020-02-13,MSFT,122.9439186420038,123.52988299846061,121.97468319420287
2020-02-13,NKE,81.03043655576903,81.65427976618052,80.4229355903368
2020-02-13,VZ,30.56464861431211,30.706537538907465,30.39052576504351
2020-02-13,WMT,24.06575492359826,24.216445402509198,23.91680926018171
2020-02-14,AAPL,60.49469324452852,60.90330898221702,59.90633021315806
2020-02-14,AMGN,159.6327373676301,160.95484621105828,158.21684413406106
2020-02-14,CRM,157.87741490238068,159.0289831144819,156.13663711714395
2020-02-14,CSCO,33.06015646452748,33.316592632041704,32.81588159339056
2020-02-14,IBM,98.79880047699807,99.406265736968,98.12941677006681
2020-02-14,INTC,60.3870215973815,60.92202931612933,59.83419478254605
2020-02-14,MSFT,123.2737640494772,123.87742171145739,122.35071296107206
2020-02-14,NKE,80.90275983534534,81.51126142051648,80.29784710454898
2020-02-14,VZ,30.54619757902536,30.672762870266283,30.369458790622645
2020-02-14,WMT,24.040443695590632,24.189644937675997,23.88957948509611
2020-02-18,AAPL,60.605733185583844,61.04513711347033,59.99063307529926
2020-02-18,AMGN,159.2216657320247,160.58720870650913,157.8441440990752
2020-02-18,CRM,158.33590527036745,159.4734727821264,156.5475500547272
2020-02-18,CSCO,33.03364926426246,33.29068546943185,32.792929385144824
2020-02-18,IBM,99.07206539069614,99.69178292418432,98.36471626959825
2020-02-18,INTC,60.51706495504362,61.06103304195181,59.988676453518515
2020-02-18,MSFT,123.74471057381811,124.33781994802071,122.74067049811111
2020-02-18,NKE,80.90590520121832,81.55468348314093,80.30926870325993
2020-02-18,VZ,30.499102796508684,30.66042589884463,30.332128824344814
2020-02-18,WMT,24.017387681229756,24.172225507748788,23.873489103757194
2020-02-19,AAPL,60.71682942620852,61.17015318018926,60.090082628452116
2020-02-19,AMGN,158.84559331062388,160.22902998853849,157.4873396928495
2020-02-19,CRM,158.85699049609667,159.9926116767702,157.0461810086258
2020-02-19,CSCO,33.01838640102991,33.275910186678665,32.77943980639815
2020-02-19,IBM,99.38274342126263,100.00956102413248,98.65825795143591
2020-02-19,INTC,60.659768544691204,61.20887660931371,60.141432376012666
2020-02-19,MSFT,124.27797396326763,124.86919494952339,123.2370885471903
2020-02-19,NKE,80.96424675450673,81.63098219209712,80.37132594800362
2020-02-19,VZ,30.440077767581077,30.615338369346606,30.27764065020535
2020-02-19,WMT,23.995601132713166,24.15290386705072,23.854843388716926
2020-02-20,AAPL,60.845603423202455,61.296282003001295,60.23673463662599
2020-02-20,AMGN,158.47946968591484,159.86476292930496,157.13322857231492
2020-02-20,CRM,159.37194397140235,160.54736917089485,157.60067314628807
2020-02-20,CSCO,33.000560645376794,33.26206660150256,32.764492978147665
2020-02-20,IBM,99.68143441747286,100.31725661400307,98.98060621825925
2020-02-20,INTC,60.808568610526855,61.36495686575816,60.287221577375696
2020-02-20,MSFT,124.78618637325954,125.4029152702163,123.78927925385547
2020-02-20,NKE,80.98866029185005,81.64978787836361,80.4029080152809
2020-02-20,VZ,30.398483076649942,30.56212784691146,30.236208385502092
2020-02-20,WMT,23.978009876458128,24.13575724918366,23.837066508408366
2020-02-21,AAPL,60.9565824797596,61.417088614238686,60.32217695330426
2020-02-21,AMGN,158.11876298524072,159.50435152358372,156.77284399849137
2020-02-21,CRM,159.92164770507665,161.06115654058735,158.08997333644052
2020-02-21,CSCO,32.989904452373054,33.24730448435639,32.751778687527384
2020-02-21,IBM,100.00890111322127,100.64162728214012,99.2723778981243
2020-02-21,INTC,60.956770349048064,61.50993202633193,60.44053917144217
2020-02-21,MSFT,125.34849694883944,125.94208435407946,124.28243319911174
2020-02-21,NKE,81.0689311538588,81.74359079764525,80.47676820729274
2020-02-21,VZ,30.333661075366432,30.51364450731171,30.173467857684905
2020-02-21,WMT,23.956618029167785,24.114715260469037,23.81731643883568
2020-02-24,AAPL,61.05708888835567,61.48569080622322,60.43729401180175
2020-02-24,AMGN,157.66422053594005,158.9873350274476,156.27462967782012
2020-02-24,CRM,160.31460528283947,161.44899117365082,158.49343385033413
2020-02-24,CSCO,32.95120057579754,33.20409552748817,32.7072468048016
2020-02-24,IBM,100.24744936892809,100.8634514086198,99.53225506691042
2020-02-24,INTC,61.06876708251607,61.60892734288668,60.522591855745105
2020-02-24,MSFT,125.7678554056514,126.36051533043687,124.75475413417422
2020-02-24,NKE,81.02330516898377,81.6548054650665,80.41590291896311
2020-02-24,VZ,30.289568126248625,30.438227438461045,30.118554456646496
2020-02-24,WMT,23.929323916738525,24.080030763216975,23.782426780539037
2020-02-25,AAPL,61.158775488895486,61.591601590196454,60.53569350887976
2020-02-25,AMGN,157.2213474073754,158.54714922495032,155.84109363254973
2020-02-25,CRM,160.72579585104646,161.86381203886637,158.89773475439597
2020-02-25,CSCO,32.915560450325124,33.16865823486412,32.67253291713405
2020-02-25,IBM,100.4963882416228,101.11590997696312,99.77620269751827
2020-02-25,INTC,61.185158689550065,61.727966501034636,60.641091936261134
2020-02-25,MSFT,126.20420188511274,126.79911425365592,125.17950385016712
2020-02-25,NKE,80.99041708047788,81.62632865591651,80.38494767823985
2020-02-25,VZ,30.242651718562797,30.393725654701747,30.073146075107978
2020-02-25,WMT,23.902739078890473,24.054069027709204,23.756847214132044
2020-02-26,AAPL,61.249023958298125,61.70161489596133,60.59969099216898
2020-02-26,AMGN,156.81574446938964,158.16092937776273,155.45302944339426
2020-02-26,CRM,161.22151529648838,162.33227260745088,159.3375974569649
2020-02-26,CSCO,32.89576088554614,33.146786706598,32.65315090914392
2020-02-26,IBM,100.80180856193992,101.4250208394457,100.04432461755249
2020-02-26,INTC,61.31360059444496,61.85849517974768,60.78392920438089
2020-02-26,MSFT,126.73916087017733,127.31584245665482,125.63860670121234
2020-02-26,NKE,81.05154439761651,81.71398693068353,80.44598090180023
2020-02-26,VZ,30.170455712295304,30.347695380351514,30.00664025109256
2020-02-26,WMT,23.875017851708115,24.029050058416644,23.733250654428634
2020-02-27,AAPL,61.34380827943701,61.79343999141077,60.70045024135159
2020-02-27,AMGN,156.40652450614004,157.74515314433754,155.04598789838442
2020-02-27,CRM,161.70387482542714,162.82783479408397,159.82880335197726
2020-02-27,CSCO,32.873016842834126,33.124704334181956,32.63091415206943
2020-02-27,IBM,101.09675758620355,101.72250856871781,100.34649970419906
2020-02-27,INTC,61.44094215257794,61.98752959415413,60.907363591345465
2020-02-27,MSFT,127.25597429446948,127.84153472579152,126.17006190631174
2020-02-27,NKE,81.09225092897282,81.74975950802003,80.4873563791035
2020-02-27,VZ,30.105061894630108,30.2760758422579,29.94067116894878
2020-02-27,WMT,23.848037372379544,24.001500496522286,23.705740274331824
2020-02-28,AAPL,61.457591474095096,61.90533215529401,60.83230252541311
2020-02-28,AMGN,156.01129454095354,157.35394324384686,154.66500029297416
2020-02-28,CRM,162.1849787966207,163.35063905918048,160.3513182601323
2020-02-28,CSCO,32.84855769083285,33.10447665974498,32.60974345340349
2020-02-28,IBM,101.38141861163221,102.01724615665275,100.6548924610865
2020-02-28,INTC,61.57594452032257,62.130507862689704,61.04037733581243
2020-02-28,MSFT,127.74954408835748,128.36193648640275,126.707190171858
2020-02-28,NKE,81.09987990345792,81.75262589286358,80.50325048259644
2020-02-28,VZ,30.056276444370337,30.215290580842748,29.89245744689617
2020-02-28,WMT,23.825622370539033,23.979796309533512,23.68343470312028
2020-03-02,AAPL,61.54536547750572,61.97296115531455,60.91135398799185
2020-03-02,AMGN,155.53790208525746,156.82812778811206,154.151953385778
2020-03-02,CRM,162.55553071114247,163.68065155312846,160.6824481963919
2020-03-02,CSCO,32.80591112098036,33.054229314155734,32.560031219248444
2020-03-02,IBM,101.61310919786116,102.22904969377348,100.87608967467678
2020-03-02,INTC,61.67783453224946,62.216668212376064,61.12131933089051
2020-03-02,MSFT,128.16465393005168,128.75288255854656,127.112079764254
2020-03-02,NKE,81.0501675826733,81.67687649144813,80.43464667257163
2020-03-02,VZ,30.005763133809708,30.153814201154685,29.83416095310519
2020-03-02,WMT,23.794638611636127,23.94266616555853,23.647164990057824
2020-03-03,AAPL,61.649452612868565,62.100656107584314,61.01115233477915
2020-03-03,AMGN,155.13975304361912,156.47205241766716,153.79633824411042
2020-03-03,CRM,163.0436406216258,164.1949051877045,161.1743183360786
2020-03-03,CSCO,32.782942343241714,33.03608494747677,32.54304796328354
2020-03-03,IBM,101.90711222931624,102.54208677211572,101.16198757653639
2020-03-03,INTC,61.81025602158502,62.36362980353997,61.27363678871209
2020-03-03,MSFT,128.67829149180616,129.2818778734691,127.59992014625756
2020-03-03,NKE,81.07743323604144,81.73347248536469,80.47677836587582
2020-03-03,VZ,29.947481230393215,30.112258496664474,29.78434032293393
2020-03-03,WMT,23.76999043281308,23.923483287844338,23.628292432264217
2020-03-04,AAPL,61.766764023359556,62.21561260895806,61.14247758731665
2020-03-04,AMGN,154.74745006096396,156.0789599358868,153.41308277049606
2020-03-04,CRM,163.52452232784842,164.70698006207178,161.68536279660677
2020-03-04,CSCO,32.7576577051199,33.01359680844428,32.519859235091076
2020-03-04,IBM,102.19098053154272,102.83278297920913,101.46464845787922
2020-03-04,INTC,61.94669080991486,62.50554588942204,61.40708808023468
2020-03-04,MSFT,129.1714333497735,129.79531502201775,128.12885481453907
2020-03-04,NKE,81.07890078572791,81.73009900018738,80.48339750945499
2020-03-04,VZ,29.903041695610323,30.059579098256197,29.739927242391527
2020-03-04,WMT,23.748357827433846,23.901989400358048,23.606444794937897
2020-03-05,AAPL,61.776759100198916,62.52270134998643,60.73789009763256
2020-03-05,AMGN,154.27710743019918,156.22192568114957,152.332778552517
2020-03-05,CRM,163.33338272711893,165.16269094565158,160.6385816103357
2020-03-05,CSCO,32.61538830208393,33.01803630332186,32.19786830999545
2020-03-05,IBM,101.92137074507673,103.02411767029085,100.75611451486215
2020-03-05,INTC,61.783062204431864,62.56925783198514,60.95533449265973
2020-03-05,MSFT,129.17870740854,130.73701932447233,127.14450514830446
2020-03-05,NKE,80.98904305002239,81.90108490995765,80.02130226456083
2020-03-05,VZ,29.846946764862093,30.1233660902779,29.55027492917982
2020-03-05,WMT,23.732300066591026,23.94460532948994,23.485928446232233
2020-03-06,AAPL,61.769779594244135,62.547613363977874,60.76766838405055
2020-03-06,AMGN,153.7288276760557,155.75404462531856,151.90338792887997
2020-03-06,CRM,163.14003645771797,165.0665793703862,160.56642395096648
2020-03-06,CSCO,32.46794829173417,32.885245143879004,32.076478140006294
2020-03-06,IBM,101.61689960010881,102.76239512894885,100.53146850689468
2020-03-06,INTC,61.59769431800609,62.41654840013062,60.8257445187891
2020-03-06,MSFT,129.1697354954441,130.79662729934674,127.20430625226626
2020-03-06,NKE,80.8959440483639,81.84802920815784,79.98206463168324
2020-03-06,VZ,29.7765182252062,30.0634728083814,29.502257087888804
2020-03-06,WMT,23.711743911032666,23.93417878598944,23.47886172005995
2020-03-09,AAPL,61.831637617843015,62.559507892218704,60.76596171766656
2020-03-09,AMGN,153.41900958521612,155.2992797633853,151.39452183075002
2020-03-09,CRM,163.05785749905758,164.82952793813556,160.2849411943352
2020-03-09,CSCO,32.349199326675425,32.73818492386016,31.913561355225877
2020-03-09,IBM,101.4311589124448,102.49827355379976,100.20070184416804
2020-03-09,INTC,61.492420064730815,62.25282763922402,60.62122396694062
2020-03-09,MSFT,129.26153600993504,130.77804769598868,127.17811393817206
2020-03-09,NKE,80.85236183698619,81.7368458809225,79.84405982126144
2020-03-09,VZ,29.7459512850863,30.01500032323074,29.43116445710877
2020-03-09,WMT,23.710743116943853,23.916815298100552,23.45343435422935
2020-03-10,AAPL,61.732248915936246,62.50486053216254,60.73303671703659
2020-03-10,AMGN,152.62000954955263,154.62248345524918,150.83667462436756
2020-03-10,CRM,162.6357085542023,164.53512772462815,160.07637607505816
2020-03-10,CSCO,32.161948459605675,32.57424218059784,31.78348502053366
2020-03-10,IBM,100.99001034345518,102.12770596832964,99.94597594534605
2020-03-10,INTC,61.209273813365485,62.02063008076355,60.46248366227032
2020-03-10,MSFT,129.08990680335933,130.71007486678877,127.12894903403794
2020-03-10,NKE,80.66477819228655,81.61154014979915,79.76597996867093
2020-03-10,VZ,29.636164012549436,29.919911456872796,29.37117340082276
2020-03-10,WMT,23.663019676126883,23.88346595070961,23.434637344596116
2020-03-11,AAPL,61.65715507786576,62.39587544376407,60.620624928950434
2020-03-11,AMGN,151.92211138792953,153.82606736549184,150.0273569947822
2020-03-11,CRM,162.23429749476313,164.02767444557503,159.55777114909128
2020-03-11,CSCO,31.984558866046985,32.377677390022164,31.582173002297473
2020-03-11,IBM,100.59659295635187,101.68212513195527,99.47434929099722
2020-03-11,INTC,60.9567025285831,61.72871776582256,60.15538619940589
2020-03-11,MSFT,128.9474632354599,130.49475099163197,126.9165946491323
2020-03-11,NKE,80.48808649932224,81.39017477187818,79.53484222854881
2020-03-11,VZ,29.544067913536125,29.815528436730155,29.256398979246796
2020-03-11,WMT,23.622004382292005,23.831491580590868,23.37971385774466
2020-03-12,AAPL,61.593799920531886,62.34237921995349,60.56924032615014
2020-03-12,AMGN,151.25070218297893,153.17407556417703,149.3928247493011
2020-03-12,CRM,161.8739301641569,163.69717178450148,159.23849650686176
2020-03-12,CSCO,31.813789851084945,32.20997492655074,31.419441878254556
2020-03-12,IBM,100.21932289867632,101.31493384555708,99.1198786809768
2020-03-12,INTC,60.71652276530112,61.496535182930145,59.931436255623325
2020-03-12,MSFT,128.82948085402612,130.39743657047714,126.82110471171146
2020-03-12,NKE,80.32767252734769,81.24101137629195,79.39001072861399
2020-03-12,VZ,29.45535352100583,29.729709805779564,29.17389699579556
2020-03-12,WMT,23.5846195668959,23.797186521493195,23.346049355283682
2020-03-13,AAPL,61.60242440956581,62.331807486654576,60.54972867993557
2020-03-13,AMGN,150.79403621293835,152.65608794862388,148.84335975171734
2020-03-13,CRM,161.66963606409195,163.43578542674743,158.9486599221428
2020-03-13,CSCO,31.67453009532021,32.05824222161996,31.25794875211355
2020-03-13,IBM,99.95522381462298,101.01603361031873,98.77692134668297
2020-03-13,INTC,60.55560301353436,61.310530288538104,59.719678549930975
2020-03-13,MSFT,128.83063031823156,130.35363864687014,126.77050688785772
2020-03-13,NKE,80.2331628821463,81.11812118782935,79.25066133748916
2020-03-13,VZ,29.400877089410265,29.668173558262215,29.098594960655138
2020-03-13,WMT,23.568151972062648,23.77435279400457,23.317412986670956
2020-03-16,AAPL,61.477099927247906,62.23787657503567,60.47552444552894
2020-03-16,AMGN,149.94802366261453,151.89476827898613,148.18364677597535
2020-03-16,CRM,161.17242054544118,163.02546392549715,158.6149848880014
2020-03-16,CSCO,31.47888014274335,31.87863200703328,31.107732735935826
2020-03-16,IBM,99.48517204232863,100.59611839304398,98.45930674843531
2020-03-16,INTC,60.249810192657094,61.040517747153906,59.5128735323201
2020-03-16,MSFT,128.6087827569914,130.2066180847884,126.64258184286295
2020-03-16,NKE,80.01517502317505,80.9447155420952,79.11746489028634
2020-03-16,VZ,29.28400188554949,29.56137903846912,29.021179011269258
2020-03-16,WMT,23.512826450048724,23.72916033329945,23.284808812369704
2020-03-17,AAPL,61.28946039084303,62.065277077101996,60.31626857324556
2020-03-17,AMGN,148.9251562250154,150.90821593770744,147.26288140448264
2020-03-17,CRM,160.54098473997124,162.43588053961776,158.07380680109603
2020-03-17,CSCO,31.25799980888874,31.664551574135753,30.911244543936014
2020-03-17,IBM,98.92098466504972,100.05429321052667,97.97456094300557
2020-03-17,INTC,59.878016057870376,60.68444995232591,59.19388330709057
2020-03-17,MSFT,128.28327795532226,129.91757522349837,126.36887061820693
2020-03-17,NKE,79.74045901042996,80.69140372891209,78.88809784051516
2020-03-17,VZ,29.13843821669877,29.42029691694924,28.896448938626573
2020-03-17,WMT,23.439477287457947,23.660719982076046,23.223519900196912
2020-03-18,AAPL,61.24779583519463,61.999269233125794,60.23593080023441
2020-03-18,AMGN,148.3233037186569,150.22760216174075,146.51853157243895
2020-03-18,CRM,160.23966919285525,162.06746755244455,157.65315585610392
2020-03-18,CSCO,31.10040318677092,31.491021873159777,30.718320830068947
2020-03-18,IBM,98.58099083076688,99.66769707946148,97.51008760419549
2020-03-18,INTC,59.664199319857396,60.43785524801213,58.900375516905335
2020-03-18,MSFT,128.20432430641452,129.77923853936036,126.21889263904164
2020-03-18,NKE,79.6041937031205,80.5177946198942,78.68338745575593
2020-03-18,VZ,29.059881209665285,29.33303990063971,28.785363031369254
2020-03-18,WMT,23.408658824136985,23.621927172243325,23.17390337764909
2020-03-19,AAPL,61.266302983890924,62.008231147276156,60.23758898330379
2020-03-19,AMGN,147.89172623444682,149.76132565188215,146.02933227641438
2020-03-19,CRM,160.07650988295683,161.8767270946475,157.4405851116552
2020-03-19,CSCO,30.96913659385871,31.352365924140244,30.572751604291227
2020-03-19,IBM,98.33248758055872,99.39868515509043,97.20866171195551
2020-03-19,INTC,59.515060819398485,60.274409999195136,58.717870864918495
2020-03-19,MSFT,128.22793476681207,129.77896999914003,126.2117914849632
2020-03-19,NKE,79.52578087093491,80.42365970039663,78.57645676190472
2020-03-19,VZ,29.008174659442556,29.27760838956422,28.719918432235797
2020-03-19,WMT,23.395397352683815,23.605397102908988,23.152666597301423
2020-03-20,AAPL,61.24044834480448,62.00079712846341,60.23686286571132
2020-03-20,AMGN,147.3255841460043,149.23944115385444,145.55228814267468
2020-03-20,CRM,159.82700675206902,161.6793936060828,157.27332047731977
2020-03-20,CSCO,30.82033517591917,31.211491587237578,30.44439874901637
2020-03-20,IBM,98.01434718078042,99.10578299295688,96.954844428504
2020-03-20,INTC,59.317784016245966,60.095704571834716,58.564638515365914
2020-03-20,MSFT,128.1811569926236,129.77380343247623,126.21158673173996
2020-03-20,NKE,79.41027655914715,80.33209225337673,78.50145923332275
2020-03-20,VZ,28.93414485743196,29.2092488970902,28.66355896963346
2020-03-20,WMT,23.369423755166135,23.58520835200871,23.13718639384555
2020-03-23,AAPL,61.28189960163862,62.01916261166528,60.24462481325541
2020-03-23,AMGN,146.95891919038664,148.80216863195415,145.0769021423827
2020-03-23,CRM,159.7188248903659,161.5021531638033,157.06276442336588
2020-03-23,CSCO,30.700100877690392,31.07718978042003,30.298983663863282
2020-03-23,IBM,97.80090377576336,98.85260952047695,96.6532236603248
2020-03-23,INTC,59.19378651925111,59.94286424426571,58.38275440479767
2020-03-23,MSFT,128.24452592410597,129.7836267649668,126.21290879746253
2020-03-23,NKE,79.35482651552609,80.24347014381858,78.39270231249577
2020-03-23,VZ,28.892211706448556,29.158932662416778,28.59780843299566
2020-03-23,WMT,23.36288329545311,23.57100172599227,23.116343648050243
2020-03-24,AAPL,61.1899176871874,61.939691089147935,60.18181933336748
2020-03-24,AMGN,146.22930684343666,148.1062920375308,144.47059086775764
2020-03-24,CRM,159.2990475388198,161.10980817522636,156.7360629338655
2020-03-24,CSCO,30.524147079595746,30.907709584686355,30.155073367296424
2020-03-24,IBM,97.39077322960526,98.46606838795961,96.35481170412602
2020-03-24,INTC,58.930137842536745,59.69456704203912,58.188853974823346
2020-03-24,MSFT,128.0779414633595,129.6513310329245,126.09914104958457
2020-03-24,NKE,79.16939636206794,80.07852458508937,78.26285910859367
2020-03-24,VZ,28.792563640474405,29.06274437379118,28.52583374443971
2020-03-24,WMT,23.317486293235007,23.5295814532065,23.086447563254755
2020-03-25,AAPL,61.11043241994261,61.857214118218636,60.099728915473385
2020-03-25,AMGN,145.53363327559137,147.3956530430933,143.76677556227767
2020-03-25,CRM,158.910830312148,160.71229908492472,156.34189476868127
2020-03-25,CSCO,30.354403418515687,30.734575661597397,29.982871778776822
2020-03-25,IBM,96.99978316214191,98.06670869410877,95.95144939377927
2020-03-25,INTC,58.68005820834016,59.438612676304494,57.93190431367004
2020-03-25,MSFT,127.93375711083196,129.5002519097798,125.95006015226654
2020-03-25,NKE,78.99700387185597,79.90085847441249,78.08486914021506
2020-03-25,VZ,28.69794045017831,28.966614621421197,28.428071493898255
2020-03-25,WMT,23.275809579651,23.48690687876613,23.04300378141152
2020-03-26,AAPL,61.13987234656641,61.863222854862414,60.09311576093456
2020-03-26,AMGN,145.15300804162362,146.94318616984853,143.26495698862365
2020-03-26,CRM,158.7575705639344,160.49129562404946,156.07960401189987
2020-03-26,CSCO,30.23014775295165,30.595876451961104,29.830280877003347
2020-03-26,IBM,96.77549725013118,97.80076133863083,95.62786578193472
2020-03-26,INTC,58.546473522179,59.27530918424415,57.733125700174625
2020-03-26,MSFT,127.97031705853982,129.48120410342435,125.92048421091265
2020-03-26,NKE,78.9238415845298,79.79307401643293,77.95248589720111
2020-03-26,VZ,28.65450594532513,28.914860999064636,28.357752635873016
2020-03-26,WMT,23.26560606673756,23.46898247255903,23.016764150508727
2020-03-27,AAPL,61.145229239259834,61.87528888603345,60.10776741733231
2020-03-27,AMGN,144.70482407379342,146.50753777642032,142.8556078090249
2020-03-27,CRM,158.55449231518818,160.3047864229821,155.90936414403137
2020-03-27,CSCO,30.096758664935418,30.46438463470954,29.706521962730797
2020-03-27,IBM,96.51508359932264,97.54818800508663,95.39773980089316
2020-03-27,INTC,58.387955815956154,59.12233037284957,57.59445280160383
2020-03-27,MSFT,127.9672153523525,129.49319999282125,125.9347591149894
2020-03-27,NKE,78.8295620330329,79.70698620396439,77.8749917536219
2020-03-27,VZ,28.599782396211257,28.86181332865987,28.310792695315133
2020-03-27,WMT,23.248472318352064,23.45378675950374,23.00402100922992
2020-03-30,AAPL,61.10535953696146,61.85353148561063,60.09233841463736
2020-03-30,AMGN,144.1185514647077,145.96340636139988,142.35286342868923
2020-03-30,CRM,158.26814562177339,160.0698995030982,155.7024623974544
2020-03-30,CSCO,29.946283652564883,30.321407912532532,29.574523962902692
2020-03-30,IBM,96.18367132891092,97.24074652515142,95.12316861188555
2020-03-30,INTC,58.18104747455118,58.933085542821395,57.427677954499856
2020-03-30,MSFT,127.8937288929241,129.46014641100572,125.90662465491857
2020-03-30,NKE,78.69925221911397,79.59981953624093,77.78305292394211
2020-03-30,VZ,28.521485169945585,28.789018803100497,28.24869613101006
2020-03-30,WMT,23.21849373883356,23.429463986712456,22.983864563962406
2020-03-31,AAPL,61.014425449426,61.75278020103749,59.999003574536445
2020-03-31,AMGN,143.4131814701412,145.23045287323825,141.65960641336463
2020-03-31,CRM,157.84293448013582,159.6086148039681,155.27112944342454
2020-03-31,CSCO,29.77445769990083,30.144230795768486,29.408666529072615
2020-03-31,IBM,95.78408344174169,96.82916600056663,94.74737096999411
2020-03-31,INTC,57.923615239376154,58.66550640203672,57.181867903397155
2020-03-31,MSFT,127.72518878230083,129.2746276847458,125.73266420265404
2020-03-31,NKE,78.51216631745066,79.40221421595801,77.59905712894131
2020-03-31,VZ,28.425330693717036,28.68893790092689,28.156529780590535
2020-03-31,WMT,23.173468745897537,23.381311203371286,22.940350113773267
2020-04-01,AAPL,60.99998268575215,61.736277947076836,59.97484122283802
2020-04-01,AMGN,142.90656564794912,144.7079500356371,141.10994250651976
2020-04-01,CRM,157.60615849850242,159.36960756076806,155.00781475576608
2020-04-01,CSCO,29.63542946067626,30.00132849372959,29.257235505765852
2020-04-01,IBM,95.49437164152285,96.52798854798075,94.40727511319753
2020-04-01,INTC,57.745041811403134,58.47992954304232,56.97405265633193
2020-04-01,MSFT,127.69215739394197,129.23255403854733,125.68246937303468
2020-04-01,NKE,78.40315551130746,79.28619378528094,77.46836646708556
2020-04-01,VZ,28.36006517160596,28.622595308989222,28.079239365648224
2020-04-01,WMT,23.150818181869003,23.357834268118907,22.911077759210936
2020-04-02,AAPL,60.95338702074647,61.70368884179358,59.94880709017632
2020-04-02,AMGN,142.3086614721194,144.14170568155293,140.58444614961613
2020-04-02,CRM,157.30526920775554,159.1073026958998,154.7737175276146
2020-04-02,CSCO,29.48427412814413,29.855685472908636,29.123213961814162
2020-04-02,IBM,95.156670497804,96.20873138194506,94.12625283458273
2020-04-02,INTC,57.532896084839756,58.28128186576413,56.7990585653733
2020-04-02,MSFT,127.60723687872768,129.1797885387962,125.63556598916679
2020-04-02,NKE,78.26669082988235,79.16783812100901,77.3650603504083
2020-04-02,VZ,28.279723933243336,28.546372809346508,28.013749187744665
2020-04-02,WMT,23.118989470764497,23.330389633003875,22.887995916534624
2020-04-03,AAPL,60.623978168507186,61.927420930125855,59.31363690061795
2020-04-03,AMGN,141.91519167162815,144.9009053533341,138.5760696820691
2020-04-03,CRM,155.8922836497823,159.79799116607145,151.5582066279639
2020-04-03,CSCO,29.38466850208569,30.041394246133148,28.600585790632767
2020-04-03,IBM,94.42968703910839,96.50196955751042,92.24102175720112
2020-04-03,INTC,57.357808794928715,59.02654067087666,55.882393629025664
2020-04-03,MSFT,127.40294464486837,130.61225626329238,124.4078283586218
2020-04-03,NKE,77.95602128630483,79.87552504545431,75.54191199680191
2020-04-03,VZ,28.190985749558603,28.639876518342994,27.58771137595684
2020-04-03,WMT,23.108502115444104,23.53282134596015,22.60451614539012
2020-04-06,AAPL,60.233624516009016,61.54920862797396,58.93584993632412
2020-04-06,AMGN,141.27351759738616,144.28175451273654,138.12732496170142
2020-04-06,CRM,154.36734271833024,158.26211818918458,150.04601539128998
2020-04-06,CSCO,29.23755718555672,29.899546582177997,28.478596946349878
2020-04-06,IBM,93.55548661944499,95.64049708721973,91.42579165466042
2020-04-06,INTC,57.08492404892434,58.77149536360332,55.656531462522935
2020-04-06,MSFT,127.06889723243104,130.32493947692706,124.08008491848037
2020-04-06,NKE,77.58032160881221,79.48501708150961,75.17022132529156
2020-04-06,VZ,28.064312906448322,28.51502558550236,27.472084029220074
2020-04-06,WMT,23.06793175581905,23.496077712225556,22.582618136483966
2020-04-07,AAPL,59.916977588843295,61.17440702346875,58.601491012766544
2020-04-07,AMGN,141.01031591677872,143.91082691645775,137.55982635374733
2020-04-07,CRM,152.9672769428975,156.72567472881582,148.6769428581645
2020-04-07,CSCO,29.160786912625046,29.798767834054914,28.362319634928564
2020-04-07,IBM,92.91814665073693,94.91445450764971,90.71899846395033
2020-04-07,INTC,56.94984763294295,58.57174707162337,55.44443197061905
2020-04-07,MSFT,126.88604753248269,130.0096513889086,123.86756022933136
2020-04-07,NKE,77.27504045323629,79.15792126833831,74.86150290735318
2020-04-07,VZ,27.997618692799012,28.434723417342216,27.386197178889383
2020-04-07,WMT,23.070578810753293,23.485374934396944,22.552223680532894
2020-04-08,AAPL,59.541384605433265,60.83879799429361,58.25922170006253
2020-04-08,AMGN,140.37857359623902,143.36366992042235,137.20288369173858
2020-04-08,CRM,151.49723702546592,155.31938314225067,147.26650541116015
2020-04-08,CSCO,29.01731096742838,29.673136418376057,28.25922929106202
2020-04-08,IBM,92.0623939289812,94.10880680459995,89.9596624678285
2020-04-08,INTC,56.68764353072678,58.35840231076411,55.26056770775021
2020-04-08,MSFT,126.57420175689887,129.8080439660103,123.60071914760285
2020-04-08,NKE,76.91480976693502,78.80618571585438,74.52893004169766
2020-04-08,VZ,27.87171668820922,28.31906344610488,27.282277453944936
2020-04-08,WMT,23.032186688640145,23.459189932484303,22.543130579015905
2020-04-09,AAPL,59.101264218730776,60.44905761012229,57.86074540448621
2020-04-09,AMGN,139.34104065496314,142.42684721663147,136.51202910209284
2020-04-09,CRM,149.95485607928757,153.8638833671907,145.79523209033266
2020-04-09,CSCO,28.80015666275236,29.47739731051208,28.093167570180185
2020-04-09,IBM,90.96846236756049,93.07578232661025,88.9849575414491
2020-04-09,INTC,56.284102021059034,58.01314765337638,54.956083834054716
2020-04-09,MSFT,126.11968390282651,129.48983143937903,123.20603168128292
2020-04-09,NKE,76.49513948843637,78.39958631241772,74.1448681916671
2020-04-09,VZ,27.68081333680238,28.140535739668888,27.119510564368355
2020-04-09,WMT,22.947887595404406,23.38963301146227,22.496178458523993
2020-04-13,AAPL,58.67959234490505,59.995137913472185,57.434017385485795
2020-04-13,AMGN,138.43820365091813,141.45615183454098,135.5226918779118
2020-04-13,CRM,148.43727038198452,152.25542837829607,144.299426199063
2020-04-13,CSCO,28.60710002978898,29.269752350569416,27.889170540491193
2020-04-13,IBM,89.96367700733988,92.01631534743757,87.96826725389428
2020-04-13,INTC,55.92480417114074,57.616841362792954,54.57423247899426
2020-04-13,MSFT,125.70026293410015,129.0044957272144,122.77303051175245
2020-04-13,NKE,76.0893229181779,77.9713569544073,73.73904056839993
2020-04-13,VZ,27.512147925346,27.96287022753169,26.945191053858167
2020-04-13,WMT,22.877648237292277,23.311618803991603,22.415349380612515
2020-04-14,AAPL,58.396774033914404,59.62067591059735,57.117540644635625
2020-04-14,AMGN,138.27042100952562,141.11436180045573,134.84409311230888
2020-04-14,CRM,147.14818236262448,150.76930593742404,143.0424219598013
2020-04-14,CSCO,28.549437033924363,29.17355794845634,27.76352215315134
2020-04-14,IBM,89.4052886562994,91.32254128808678,87.28376413016147
2020-04-14,INTC,55.82951102704453,57.4167611637146,54.3463596213755
2020-04-14,MSFT,125.57324527955669,128.65775143784953,122.59514042244842
2020-04-14,NKE,75.81852621204152,77.67281011132197,73.45842492602927
2020-04-14,VZ,27.460603237826774,27.889678578900174,26.860189279801627
2020-04-14,WMT,22.891626335793237,23.303272619869098,22.373320155582515
2020-04-15,AAPL,57.95831356303313,59.285346673199626,56.74428579547082
2020-04-15,AMGN,137.2125761418213,140.26181986055056,134.46612800507185
2020-04-15,CRM,145.6428589442048,149.4515848655001,141.60553922674592
2020-04-15,CSCO,28.329287437604677,28.997768081158124,27.638422005763015
2020-04-15,IBM,88.32382452694931,90.37749530447603,86.40754459154086
2020-04-15,INTC,55.42089078399302,57.13050274050407,54.12243428217372
2020-04-15,MSFT,125.10774320155757,128.46440931401537,122.2222146692219
2020-04-15,NKE,75.39813912089458,77.27674199881271,73.08289023268726
2020-04-15,VZ,27.26722372305457,27.72137706265531,26.716454357783253
2020-04-15,WMT,22.804219332838905,23.24460897948996,22.359218241213107
2020-04-16,AAPL,57.58010553151801,58.835975200986944,56.337456729795555
2020-04-16,AMGN,136.58659989617638,139.4905148345649,133.5424916796751
2020-04-16,CRM,144.202063152885,147.83252309740953,140.15655142515982
2020-04-16,CSCO,28.18591308963706,28.823250869945863,27.45368388209287
2020-04-16,IBM,87.50105335719476,89.44901710235165,85.50647838516966
2020-04-16,INTC,55.151612291734615,56.778577445547484,53.76994682767299
2020-04-16,MSFT,124.7692991975796,127.96277683527741,121.82902162212099
2020-04-16,NKE,75.0285364308863,76.86762863966952,72.69447605498205
2020-04-16,VZ,27.143803483331833,27.579051962278626,26.570307573471325
2020-04-16,WMT,22.762663998560406,23.18450829665858,22.283447333313102
2020-04-17,AAPL,57.233693717190306,58.45976635221819,55.9888462596823
2020-04-17,AMGN,136.09073217434045,138.94036212917675,132.89925654792606
2020-04-17,CRM,142.82427483888543,146.38001334317698,138.81749118656114
2020-04-17,CSCO,28.067749612550514,28.692755594884467,27.31892574144255
2020-04-17,IBM,86.76156444442925,88.66095703153947,84.74708459916796
2020-04-17,INTC,54.934335333568875,56.52807101728292,53.520505933185675
2020-04-17,MSFT,124.49499622745711,127.62338385250371,121.54852674888409
2020-04-17,NKE,74.69040527248575,76.51640692271225,72.36279531268819
2020-04-17,VZ,27.04038019042714,27.468708343324167,26.460004939711236
2020-04-17,WMT,22.7371098631538,23.15264966599406,22.241924466304873
2020-04-20,AAPL,56.901855529629856,58.09666847333718,55.648591140228355
2020-04-20,AMGN,135.72283486973814,138.51241080765004,132.4371561004867
2020-04-20,CRM,141.46103431963667,144.92782144209596,137.46762905392734
2020-04-20,CSCO,27.972172858106312,28.58418390389912,27.20980171358476
2020-04-20,IBM,86.10280950824097,87.95499803052745,84.06910562705802
2020-04-20,INTC,54.7584715720504,56.3196346976501,53.31718986083411
2020-04-20,MSFT,124.24983232178434,127.31322166861543,121.28213764662237
2020-04-20,NKE,74.36180284747537,76.1650018909067,72.02930134940048
2020-04-20,VZ,26.958396448791667,27.378565722919603,26.370012842393137
2020-04-20,WMT,22.725390836853048,23.133576364443183,22.218207768099457
2020-04-21,AAPL,56.49560366935788,57.777950979862055,55.30671147338274
2020-04-21,AMGN,134.8214548379277,137.7946444729958,132.05711314261907
2020-04-21,CRM,140.0380963429264,143.6740383769094,136.15147726379
2020-04-21,CSCO,27.7805226461635,28.431112409283898,27.09434923706852
2020-04-21,IBM,85.1362084817207,87.10009901538777,83.26966887011902
2020-04-21,INTC,54.39930949291858,56.062375082654654,53.106792157396974
2020-04-21,MSFT,123.8352096656655,127.12920130713134,120.96853705587785
2020-04-21,NKE,73.96974543381769,75.80962997584876,71.69564618622698
2020-04-21,VZ,26.7901420547873,27.233506452777576,26.244455431571545
2020-04-21,WMT,22.65263231687732,23.08699777688016,22.203520341697185
2020-04-22,AAPL,56.14823864584974,57.370034614163366,54.93803017787693
2020-04-22,AMGN,134.2771716794623,137.12868836063458,131.23925861937636
2020-04-22,CRM,138.6970569568485,142.18944971427106,134.821146905427
2020-04-22,CSCO,27.65388205427068,28.2781185907254,26.93078364969339
2020-04-22,IBM,84.38364655735812,86.25721811149741,82.45291405327104
2020-04-22,INTC,54.164437647748315,55.757851200675226,52.79881229975851
2020-04-22,MSFT,123.54593164188128,126.69854583771289,120.64015017195949
2020-04-22,NKE,73.63110160393617,75.44098089912805,71.34642393431278
2020-04-22,VZ,26.679207098866847,27.10690291803823,26.11431226490355
2020-04-22,WMT,22.62044399580363,23.039284299536426,22.139842577998408
2020-04-23,AAPL,55.80231036736234,57.03226606333079,54.61075656120837
2020-04-23,AMGN,133.67328937163242,136.54695536665236,130.71591280513144
2020-04-23,CRM,137.38806149457665,140.8876109854753,133.57319721498942
2020-04-23,CSCO,27.51779425970083,28.146098647163946,26.80822660820425
2020-04-23,IBM,83.60453392385853,85.48159273872697,81.71432402477619
2020-04-23,INTC,53.915912012418275,55.520690769585954,52.576997012431484
2020-04-23,MSFT,123.25453055978552,126.43771398616713,120.37794178844497
2020-04-23,NKE,73.29723486261672,75.1107539517446,71.03531428021178
2020-04-23,VZ,26.558462262071103,26.988906957979598,26.00248231642418
2020-04-23,WMT,22.58278249337686,23.00576368089509,22.110685785177935
2020-04-24,AAPL,55.37880293105951,56.63395998199252,54.20813389032339
2020-04-24,AMGN,132.69568662928157,135.61448673546695,130.0171148044721
2020-04-24,CRM,135.95319027397912,139.4723927618263,132.15761394605937
2020-04-24,CSCO,27.3123318961821,27.950869493441118,26.64008744151642
2020-04-24,IBM,82.61713397764449,84.5218619463427,80.80811423286875
2020-04-24,INTC,53.52922312641588,55.16585755895789,52.26153857502504
2020-04-24,MSFT,122.78910649486886,126.05390481457052,119.93486628358015
2020-04-24,NKE,72.88170371114299,74.68513920198058,70.63050862218367
2020-04-24,VZ,26.37933793846372,26.814517077940682,25.841342809413725
2020-04-24,WMT,22.500003700050225,22.93030154953386,22.05697123386578
2020-04-27,AAPL,55.04918598686803,56.22620088986322,53.84960057776242
2020-04-27,AMGN,132.25873681533955,135.02227940237972,129.17249057510872
2020-04-27,CRM,134.6554053728475,138.00093442465726,130.87356943109057
2020-04-27,CSCO,27.20537574086439,27.810084293910048,26.47952845463963
2020-04-27,IBM,81.94463113715194,83.7359930169593,80.0401601956993
2020-04-27,INTC,53.331559841260514,54.876667217882954,51.95837119561161
2020-04-27,MSFT,122.52744999241182,125.60180606799474,119.62333120459182
2020-04-27,NKE,72.55556579132431,74.32687332064079,70.29187928642307
2020-04-27,VZ,26.28653242340561,26.70206619180006,25.721436540782562
2020-04-27,WMT,22.47944671087501,22.889443854207446,21.990526659118213
2020-04-28,AAPL,54.702562921065656,55.8726030993678,53.508160846884415
2020-04-28,AMGN,131.75009467700622,134.50176505378647,128.7004284983782
2020-04-28,CRM,133.33118706895127,136.63968166841235,129.57225747718516
2020-04-28,CSCO,27.08502763202667,27.687099877003007,26.36465602661988
2020-04-28,IBM,81.2368047674604,83.01411845173445,79.35183897236828
2020-04-28,INTC,53.10673779731235,54.646831234240956,51.74349190962195
2020-04-28,MSFT,122.22493815273022,125.2947194118076,119.32138946639174
2020-04-28,NKE,72.2094792632194,73.96704728122722,69.95054035909571
2020-04-28,VZ,26.182916116742035,26.596387770713502,25.620274827321428
2020-04-28,WMT,22.449987231089615,22.859207001506146,21.9639925542143
2020-04-29,AAPL,54.40982814439883,55.53339097132715,53.201534768484784
2020-04-29,AMGN,131.5420775932439,134.2061245707579,128.2585466186999
2020-04-29,CRM,132.0909390168393,135.29061296143942,128.35553328909117
2020-04-29,CSCO,27.01967107062637,27.60238518970612,26.268785151149864
2020-04-29,IBM,80.70385754276413,82.41396281175125,78.76905023202528
2020-04-29,INTC,52.98862385865587,54.4766946622112,51.5653827977268
2020-04-29,MSFT,122.03917464681965,124.99895819817442,119.1087917495424
2020-04-29,NKE,71.91503647955916,73.6519763069024,69.65272567300147
2020-04-29,VZ,26.127249477308283,26.529505162362593,25.54920730625134
2020-04-29,WMT,22.455774659380147,22.853669796881043,21.942948350480485
2020-04-30,AAPL,54.04472040404871,55.2305706144567,52.882805882993644
2020-04-30,AMGN,130.85115588900754,133.64873568330697,127.96324479335928
2020-04-30,CRM,130.77767320835204,134.08829331815494,127.11589143346008
2020-04-30,CSCO,26.8675351903447,27.47829110359076,26.174101656681927
2020-04-30,IBM,79.90372058112948,81.69192233579047,78.09339132589969
2020-04-30,INTC,52.70563806267787,54.26972332470965,51.39503795376056
2020-04-30,MSFT,121.686000858241,124.81828173309992,118.82759670550011
2020-04-30,NKE,71.55381638649752,73.31152010444667,69.33159532666294
2020-04-30,VZ,25.99418449081819,26.413034082805577,25.4478875487413
2020-04-30,WMT,22.405791636607237,22.823197265183463,21.937559547690476
2020-05-01,AAPL,53.6692285676915,54.87402186556351,52.53174184474002
2020-05-01,AMGN,130.05754555571534,132.89665839285757,127.33423188884773
2020-05-01,CRM,129.47303225616795,132.80769960666237,125.87081715371785
2020-05-01,CSCO,26.697081966941727,27.316232943842124,26.028334284260477
2020-05-01,IBM,79.05089813195906,80.85654176828099,77.2993964876824
2020-05-01,INTC,52.387243793547306,53.973772527223375,51.124248379757425
2020-05-01,MSFT,121.30380561708581,124.49627117479226,118.48285256988784
2020-05-01,NKE,71.18522268478232,72.94880037237787,68.98963716578633
2020-05-01,VZ,25.844528059742334,26.268499063749584,25.312582321598796
2020-05-01,WMT,22.343312686880267,22.76770206672129,21.89307819365655
2020-05-04,AAPL,53.34813771286468,54.47781263496871,52.17771354621498
2020-05-04,AMGN,129.65230790043165,132.3365311822491,126.58662758396514
2020-05-04,CRM,128.22473214493746,131.38552817458032,124.6083454858428
2020-05-04,CSCO,26.596311527841667,27.182431796916237,25.879828550053094
2020-05-04,IBM,78.42155244080936,80.12166245608522,76.58472092802569
2020-05-04,INTC,52.20067317803928,53.70090965464658,50.84293785471766
2020-05-04,MSFT,121.04246834218736,124.05232446015268,118.15897175604796
2020-05-04,NKE,70.8622974231589,72.58367453754232,68.6424014628867
2020-05-04,VZ,25.757897125388517,26.16174008984612,25.199654965358246
2020-05-04,WMT,22.325506341530094,22.729189783419603,21.83469260989649
2020-05-05,AAPL,53.451121627525396,54.34043770312368,52.507395737316344
2020-05-05,AMGN,129.8340932876537,131.98137351997033,127.15826210212579
2020-05-05,CRM,128.22249869625335,130.90726083475514,125.44041725645131
2020-05-05,CSCO,26.56263382277977,27.048807457073973,26.063909866838262
2020-05-05,IBM,78.34674042237802,79.5996555165188,76.86775333781483
2020-05-05,INTC,52.1365222284057,53.295221147814,50.983832039834454
2020-05-05,MSFT,121.31225826370158,123.55755331413577,119.03769173776018
2020-05-05,NKE,70.79091998071412,72.09001652293102,69.38300894218582
2020-05-05,VZ,25.75691145031401,26.100822648532148,25.39109705491931
2020-05-05,WMT,22.349095634877727,22.676050930692888,21.95309696738904
2020-05-06,AAPL,53.511301343703444,54.41013461950095,52.561318877652425
2020-05-06,AMGN,129.9643577269069,132.10738433270947,127.22418564268023
2020-05-06,CRM,128.0482911705681,130.7530570484577,125.29547294735208
2020-05-06,CSCO,26.509015813445938,27.000435743061406,26.005985537466124
2020-05-06,IBM,78.24106206298212,79.50555663988277,76.74720747072016
2020-05-06,INTC,52.03103560680213,53.203591429187156,50.876456285854545
2020-05-06,MSFT,121.45768974145794,123.7345532645177,119.18250605211146
2020-05-06,NKE,70.68043000172067,71.99594148872214,69.24915281090819
2020-05-06,VZ,25.7551189731853,26.093574973540242,25.37925346187195
2020-05-06,WMT,22.361288820365598,22.689078904198517,21.959392299132773
2020-05-07,AAPL,53.61198574172386,54.48161785239792,52.65214332420326
2020-05-07,AMGN,130.10965411823224,132.22321777506613,127.4298139406223
2020-05-07,CRM,128.08605563887878,130.70441970427987,125.24285415709535
2020-05-07,CSCO,26.474549990207827,26.94733899273528,25.972655441811835
2020-05-07,IBM,78.14722898232372,79.36808470248333,76.66257609576779
2020-05-07,INTC,51.961472376778566,53.088210872772656,50.79813626103183
2020-05-07,MSFT,121.74685898673286,123.94307005896616,119.42624041145024
2020-05-07,NKE,70.5952381140629,71.85813775280975,69.18406443789502
2020-05-07,VZ,25.744597774324102,26.0858635178752,25.378737443446933
2020-05-07,WMT,22.382385043570714,22.703364185638662,21.98379498866046
2020-05-08,AAPL,53.68154258673275,54.58318181653598,52.731211718779115
2020-05-08,AMGN,130.25609289869627,132.40953043268098,127.52194252572609
2020-05-08,CRM,127.93806687670244,130.64088451904334,125.18750123602779
2020-05-08,CSCO,26.42530005096446,26.914606438103846,25.925609876994987
2020-05-08,IBM,78.05116994686175,79.3118486158097,76.56591061530769
2020-05-08,INTC,51.865897695106824,53.033099741150345,50.71765196725945
2020-05-08,MSFT,121.9141704510126,124.19725915403839,119.6338060973876
2020-05-08,NKE,70.49519487649165,71.80531545460086,69.07401913544597
2020-05-08,VZ,25.74406372066876,26.08385890894309,25.370438113279157
2020-05-08,WMT,22.397408339033422,22.72622122780602,21.99633778134038
2020-05-11,AAPL,53.71681766119541,54.65788278772115,52.78015831162877
2020-05-11,AMGN,130.40985534454254,132.6144756289125,127.61532102508292
2020-05-11,CRM,127.57990105991631,130.38452606420043,124.94869927958031
2020-05-11,CSCO,26.359870340004907,26.869702071890853,25.86362164821406
2020-05-11,IBM,77.955551068223,79.26644643012574,76.4708168647728
2020-05-11,INTC,51.74226347161418,52.95969882833649,50.61359179821519
2020-05-11,MSFT,121.94350638673791,124.33224854306822,119.71798154960392
2020-05-11,NKE,70.38093045239002,71.7501850847726,68.94984989434514
2020-05-11,VZ,25.756319382480328,26.095046157330962,25.373924415898603
2020-05-11,WMT,22.406007890061566,22.74463818121944,22.00263861643324
2020-05-12,AAPL,53.75695597554837,54.682773728516345,52.81154721911385
2020-05-12,AMGN,130.54690254049075,132.72937988611284,127.76007623767383
2020-05-12,CRM,127.27657129734561,130.02972984165942,124.60624411739505
2020-05-12,CSCO,26.29703229456746,26.797114272124006,25.799567785983985
2020-05-12,IBM,77.85197421376516,79.14038653667204,76.36549500996883
2020-05-12,INTC,51.62147374343927,52.815557753710415,50.48653099498345
2020-05-12,MSFT,122.0048353888856,124.35314373626038,119.75282768916982
2020-05-12,NKE,70.26341627021296,71.60655491834397,68.8338126340392
2020-05-12,VZ,25.762407859712816,26.100374599131033,25.381319372896588
2020-05-12,WMT,22.41466269959233,22.749059309680625,22.01065934096602
2020-05-13,AAPL,53.8777101589492,54.752826324698404,52.918186594250244
2020-05-13,AMGN,130.72330035833565,132.85776253622498,128.05787450869985
2020-05-13,CRM,127.3833823668393,129.99140487835407,124.55917322624073
2020-05-13,CSCO,26.271749716675284,26.740822105384595,25.77699193553549
2020-05-13,IBM,77.77637160885634,78.99201174710193,76.30821062225772
2020-05-13,INTC,51.571951521717125,52.68966132637976,50.422345480853345
2020-05-13,MSFT,122.34746816353717,124.55454373846689,120.02260214841434
2020-05-13,NKE,70.19865520014031,71.45371369448503,68.80799531458389
2020-05-13,VZ,25.754354144431797,26.098639507034726,25.3928436636908
2020-05-13,WMT,22.44145219464648,22.764379794925123,22.044721668357894
2020-05-14,AAPL,53.90792735126856,54.854939220347426,52.96810787688901
2020-05-14,AMGN,130.87338161519634,133.08744697682488,128.06114347097972
2020-05-14,CRM,127.00675420353599,129.80785618537328,124.39675661636147
2020-05-14,CSCO,26.204312765902557,26.712730021279135,25.71062949978465
2020-05-14,IBM,77.67979889807995,78.9896852217426,76.19949086655822
2020-05-14,INTC,51.44544851534549,52.66065209641394,50.3242282524462
2020-05-14,MSFT,122.36037167643818,124.7649359904164,120.12995640599391
2020-05-14,NKE,70.08090489470882,71.44893215052144,68.65319234323638
2020-05-14,VZ,25.76748068659524,26.105828782694434,25.383687045687132
2020-05-14,WMT,22.44915009857247,22.788936271708092,22.044416854351148
2020-05-15,AAPL,53.96349297749885,54.86773259305782,53.003055877878715
2020-05-15,AMGN,130.99380172065682,133.14775840031515,128.22533770623411
2020-05-15,CRM,126.81859514370386,129.4897610353215,124.08471063538325
2020-05-15,CSCO,26.149130934752716,26.63293056052917,25.65169209625891
2020-05-15,IBM,77.56791563881525,78.81898233492359,76.08321286475864
2020-05-15,INTC,51.33516711548826,52.48935468520125,50.19310622821739
2020-05-15,MSFT,122.49584196219753,124.7873493292203,120.19615295741558
2020-05-15,NKE,69.96533407299864,71.26502312892563,68.54477331981512
2020-05-15,VZ,25.76399325777169,26.1016247407023,25.38685943287176
2020-05-15,WMT,22.459498185795585,22.787901028943153,22.05493021654952
2020-05-18,AAPL,54.03836713425835,54.93067929102531,53.07421556652253
2020-05-18,AMGN,131.1260623994838,133.27093439664532,128.38396263677592
2020-05-18,CRM,126.71924424206169,129.35212555065604,123.95011187338503
2020-05-18,CSCO,26.102878134618187,26.578053839021177,25.607126345191045
2020-05-18,IBM,77.46422760659439,78.69562244256959,75.98623804459312
2020-05-18,INTC,51.24240879818329,52.375299575075765,50.09920626926416
2020-05-18,MSFT,122.69452132512009,124.95193704764179,120.37553851377484
2020-05-18,NKE,69.86342675032456,71.13892901917978,68.45438224908139
2020-05-18,VZ,25.757361878756566,26.0966114775222,25.38491082400776
2020-05-18,WMT,22.474408587806135,22.80022510155864,22.071571252740195
2020-05-19,AAPL,54.115705383666864,54.99125378868078,53.14026082406067
2020-05-19,AMGN,131.23438714000847,133.3517357808068,128.4978192369084
2020-05-19,CRM,126.67109621375187,129.25339365334966,123.85288878714367
2020-05-19,CSCO,26.05802047964865,26.523019855502643,25.55991519708763
2020-05-19,IBM,77.34926220905011,78.55585886453748,75.86803448254283
2020-05-19,INTC,51.1499858436678,52.25867237999287,49.99835753739309
2020-05-19,MSFT,122.92179254076348,125.136871360504,120.56879225801627
2020-05-19,NKE,69.75462817440801,71.002060181069,68.34473985553848
2020-05-19,VZ,25.743553358417376,26.08120854114896,25.37216428375308
2020-05-19,WMT,22.48860513734714,22.80956050778582,22.084500256083068
2020-05-20,AAPL,54.159062079275444,55.10337788254108,53.2133319684496
2020-05-20,AMGN,131.39183029102244,133.60789113931224,128.5887882365482
2020-05-20,CRM,126.35783562533537,129.1211098722329,123.73710551354105
2020-05-20,CSCO,25.997086940800482,26.4974697421705,25.507732130495963
2020-05-20,IBM,77.25495116919008,78.54819987672064,75.78402849144084
2020-05-20,INTC,51.03330791062184,52.227371246073666,49.91777335684266
2020-05-20,MSFT,122.98123365394169,125.37824017455083,120.73048889334228
2020-05-20,NKE,69.64600396185779,70.99411636117641,68.23313889972349
2020-05-20,VZ,25.754025960075676,26.093243754891482,25.373562178816876
2020-05-20,WMT,22.498474122592302,22.837405873905617,22.094100344259434
2020-05-21,AAPL,54.232403928733255,55.14153873997517,53.271486378081285
2020-05-21,AMGN,131.53950527886687,133.71144437607276,128.7836817134274
2020-05-21,CRM,126.22927490978256,128.88874579462382,123.50818615775147
2020-05-21,CSCO,25.95015428084075,26.429805695013883,25.459327910106985
2020-05-21,IBM,77.15836103032876,78.40244417947738,75.68934492919514
2020-05-21,INTC,50.94033861892493,52.08378687635276,49.810865349238405
2020-05-21,MSFT,123.16387257542519,125.46603092489451,120.85719971585601
2020-05-21,NKE,69.54856638658343,70.83875057338619,68.14750489102852
2020-05-21,VZ,25.752333665064185,26.0923573542765,25.37935587612215
2020-05-21,WMT,22.51366048816248,22.84368208190835,22.110695258061067
2020-05-22,AAPL,54.310415756393404,55.233564347163224,53.35646142384788
2020-05-22,AMGN,131.71328247291348,133.91148388699884,128.9570405198216
2020-05-22,CRM,126.0914520941287,128.78505495108686,123.41053146437886
2020-05-22,CSCO,25.90516797476249,26.39031459682167,25.418365006273223
2020-05-22,IBM,77.07670891481034,78.33527023926428,75.61668429950637
2020-05-22,INTC,50.85481946806579,52.012089978101265,49.73656441575696
2020-05-22,MSFT,123.34395294378682,125.68136681081269,121.05642790494684
2020-05-22,NKE,69.46217078667034,70.76828151772646,68.0687949467128
2020-05-22,VZ,25.756708777187136,26.09864993109441,25.3844857765271
2020-05-22,WMT,22.531549782569584,22.865627366518677,22.129865196048453
2020-05-26,AAPL,54.33287762660834,55.27632043158392,53.377154915777794
2020-05-26,AMGN,131.8347420898002,134.04213373314602,128.9937871239832
2020-05-26,CRM,125.7164921617355,128.45714741291866,123.10103876638073
2020-05-26,CSCO,25.835291388585045,26.331322299413774,25.34503587794343
2020-05-26,IBM,76.96425436415285,78.2487094810294,75.48909139858164
2020-05-26,INTC,50.71991817386985,51.90520513889225,49.60533149815718
2020-05-26,MSFT,123.35025502769604,125.7476766023583,121.08060241475128
2020-05-26,NKE,69.33176512272108,70.67086293207025,67.91142851745417
2020-05-26,VZ,25.76404092687139,26.1000710673726,25.378690220893418
2020-05-26,WMT,22.53577158872317,22.873337630428924,22.127428888218333
2020-05-27,AAPL,54.40908197857307,55.30518000197001,53.436568398312474
2020-05-27,AMGN,131.96319273321544,134.1168607132694,129.2059066969659
2020-05-27,CRM,125.63351936433455,128.2376883727697,122.88198980581708
2020-05-27,CSCO,25.79001861297862,26.258464536857634,25.29960420667099
2020-05-27,IBM,76.8593345945284,78.07836795955524,75.391922809185
2020-05-27,INTC,50.62864590633537,51.745747390324134,49.4974241940301
2020-05-27,MSFT,123.55866740462682,125.82663325980965,121.21871428238227
2020-05-27,NKE,69.22946135567,70.49062654393865,67.83266327494516
2020-05-27,VZ,25.75628486594473,26.09524904397214,25.384116030830892
2020-05-27,WMT,22.550666061933377,22.87681745584331,22.14626892828677
2020-05-28,AAPL,54.469653428513496,55.36523350864008,53.49178901473374
2020-05-28,AMGN,132.06703913163244,134.2130029102132,129.2858838088292
2020-05-28,CRM,125.49771633211783,128.09541114907387,122.74592908521502
2020-05-28,CSCO,25.737895646379375,26.20513884367876,25.24586486547482
2020-05-28,IBM,76.74126857718919,77.95721071045955,75.2690463714669
2020-05-28,INTC,50.52303549719098,51.63784685095345,49.39039616786297
2020-05-28,MSFT,123.72537000610643,125.99473437277551,121.3757278606844
2020-05-28,NKE,69.11166163528608,70.3703118929626,67.70737714534503
2020-05-28,VZ,25.74661058123378,26.083139842162367,25.371018141910074
2020-05-28,WMT,22.561267218994345,22.886563533756696,22.154346602313705
2020-05-29,AAPL,54.56200344877069,55.43132327021195,53.57396234820645
2020-05-29,AMGN,132.17670330403814,134.29322060546085,129.44385639373772
2020-05-29,CRM,125.5309681650724,128.05341050016685,122.70069297506384
2020-05-29,CSCO,25.700175948066484,26.151528004701884,25.208479099004023
2020-05-29,IBM,76.6290352302916,77.80699140225596,75.1629834139357
2020-05-29,INTC,50.44358490523687,51.519257830913105,49.30263156559144
2020-05-29,MSFT,124.0100497492609,126.2081353134559,121.61741389908597
2020-05-29,NKE,69.01098611319841,70.22452197758062,67.62160049476962
2020-05-29,VZ,25.728614424554003,26.06679990363605,25.360941170017718
2020-05-29,WMT,22.578384377864943,22.89735094559182,22.17372319895991
2020-06-01,AAPL,54.61388807764366,55.535014005043486,53.644837172352865
2020-06-01,AMGN,132.30299309001103,134.48764167623258,129.498774706928
2020-06-01,CRM,125.31362149156305,127.97163553998736,122.63090075076556
2020-06-01,CSCO,25.6440366884097,26.121509084741973,25.1569324527153
2020-06-01,IBM,76.5222420655554,77.76391254437279,75.05918266276242
2020-06-01,INTC,50.33383363353187,51.47357189342701,49.217953960903465
2020-06-01,MSFT,124.12518804711293,126.4625845799132,121.80457003027989
2020-06-01,NKE,68.89682510158774,70.18508788352409,67.49717108545397
2020-06-01,VZ,25.727865657333663,26.065123473083126,25.350133475543842
2020-06-01,WMT,22.58866601194895,22.92060091848956,22.181709360130416
2020-06-02,AAPL,54.66254794417744,55.605541237367824,53.70335524420955
2020-06-02,AMGN,132.4537951116621,134.6731742106972,129.63736252681747
2020-06-02,CRM,125.04533705945185,127.75410951987443,122.42559063239823
2020-06-02,CSCO,25.586344679289063,26.07358873713979,25.10355285693986
2020-06-02,IBM,76.42673406105295,77.69335637891079,74.97075912862776
2020-06-02,INTC,50.223315096810985,51.386426619473454,49.120992538452434
2020-06-02,MSFT,124.21027921071364,126.6045766392852,121.92145786804632
2020-06-02,NKE,68.78922094508617,70.10600820001508,67.3943236382862
2020-06-02,VZ,25.734982576280157,26.07368961226317,25.356085719623827
2020-06-02,WMT,22.599450637713893,22.937233997700226,22.193231076415543
2020-06-03,AAPL,54.73445966294097,55.626531051732655,53.74982206765815
2020-06-03,AMGN,132.56238699679577,134.7083142714022,129.78808524465566
2020-06-03,CRM,124.96673065532643,127.53268110165654,122.20529594283013
2020-06-03,CSCO,25.539550895859854,25.998883924152658,25.051483168613313
2020-06-03,IBM,76.31289313692331,77.51180889024072,74.85106255294812
2020-06-03,INTC,50.128075619479624,51.22376496023759,49.00199236216989
2020-06-03,MSFT,124.41730728908253,126.67749430394896,122.04432577195325
2020-06-03,NKE,68.67878710308084,69.91724782172267,67.28810598507445
2020-06-03,VZ,25.723235156287284,26.06025970076676,25.350620933130518
2020-06-03,WMT,22.61257876842074,22.936816731922207,22.20574015767738
2020-06-04,AAPL,54.83524246560545,55.563557373271436,54.031542852847416
2020-06-04,AMGN,132.37595262035106,134.5774701232767,130.0156435573276
2020-06-04,CRM,124.93700110417308,127.07345576303806,122.21318760094853
2020-06-04,CSCO,25.600513318950885,26.01205469806773,25.129511936174755
2020-06-04,IBM,76.33981360939693,77.41992850882149,75.12674193407989
2020-06-04,INTC,50.143630142371535,51.101822464267535,49.1627644201619
2020-06-04,MSFT,124.49201338088469,126.36987483378368,122.5570409843004
2020-06-04,NKE,68.87685415938245,69.88643142146998,67.52683698024794
2020-06-04,VZ,25.714621326627107,26.023374863397535,25.37378159734004
2020-06-04,WMT,22.612716033594364,22.930672627717858,22.29419270867085
2020-06-05,AAPL,54.90407513215691,55.634181749997474,54.07670702295944
2020-06-05,AMGN,132.1703652658539,134.33941099206805,129.76086589203908
2020-06-05,CRM,124.82574514540809,126.9621326502594,122.03433918885331
2020-06-05,CSCO,25.651047946750378,26.06457606106911,25.165963993424736
2020-06-05,IBM,76.28933151919705,77.37321781849539,75.06067299038956
2020-06-05,INTC,50.13741451765533,51.09377920544276,49.12623791387006
2020-06-05,MSFT,124.50247217512917,126.38904106715295,122.51693429040265
2020-06-05,NKE,68.99082771229004,70.00489352144179,67.63679414456767
2020-06-05,VZ,25.692425897122362,26.002775863172282,25.343392097458434
2020-06-05,WMT,22.60681265807185,22.9259390216764,22.279136863700476
2020-06-08,AAPL,54.99366235770779,55.70594115628435,54.185781481113565
2020-06-08,AMGN,131.9251690066578,134.09497269658652,129.56677902462224
2020-06-08,CRM,124.76902684103035,126.85376860763945,122.04878084015424
2020-06-08,CSCO,25.705116533844087,26.10978239481343,25.233184261062007
2020-06-08,IBM,76.33248493983415,77.38933485257732,75.11022163499973
2020-06-08,INTC,50.13487874747451,51.07614152617499,49.158764563501485
2020-06-08,MSFT,124.54840893345559,126.38120766280174,122.60872705262724
2020-06-08,NKE,69.21111210991295,70.20260603546993,67.83206751684637
2020-06-08,VZ,25.68295083668076,25.984183790977934,25.341102321521404
2020-06-08,WMT,22.600609445964345,22.911524942293113,22.282701691574374
2020-06-09,AAPL,55.07122000448709,55.80519886847337,54.24639120999344
2020-06-09,AMGN,131.7312997771712,133.90256387146692,129.3418389890885
2020-06-09,CRM,124.67943990382666,126.81813466241636,121.90601556384222
2020-06-09,CSCO,25.75910380380523,26.174946829452207,25.27452406358022
2020-06-09,IBM,76.29454681784652,77.37969668543988,75.07067622415717
2020-06-09,INTC,50.13586730021508,51.094466829434985,49.130124099682405
2020-06-09,MSFT,124.57668514097242,126.4668264400953,122.60114174158282
2020-06-09,NKE,69.33822987628226,70.3590338854349,67.9801790246919
2020-06-09,VZ,25.663789621420175,25.974026221880035,25.317152621129676
2020-06-09,WMT,22.596866638006663,22.916226360413958,22.271167792829857
2020-06-10,AAPL,55.13693438048609,55.89823827621126,54.293642933213256
2020-06-10,AMGN,131.6046485864066,133.78284020389745,129.17965447857452
2020-06-10,CRM,124.55707785589294,126.7642887051862,121.72472227872639
2020-06-10,CSCO,25.81410480229092,26.24398165081508,25.315279223056752
2020-06-10,IBM,76.16420902071002,77.28395591412075,74.94136040517516
2020-06-10,INTC,50.143619121103704,51.1246534288638,49.10405428769766
2020-06-10,MSFT,124.58949393653081,126.55199627629433,122.57457183826472
2020-06-10,NKE,69.35823575670469,70.41428293004131,68.03007740173072
2020-06-10,VZ,25.633925339113695,25.955443755171874,25.282247452765734
2020-06-10,WMT,22.596884020070913,22.92701419672268,22.262339119260307
2020-06-11,AAPL,55.19990333108975,55.9499007601859,54.35790265500228
2020-06-11,AMGN,131.44176038024958,133.60548567113358,129.02375241653195
2020-06-11,CRM,124.4291643224537,126.60164669809593,121.61046609876786
2020-06-11,CSCO,25.866019769726424,26.29089909562706,25.36893196310945
2020-06-11,IBM,76.05727724973143,77.15956870932985,74.8324222389192
2020-06-11,INTC,50.142589956698195,51.11275531814008,49.11091889825876
2020-06-11,MSFT,124.59276330056596,126.52374375429262,122.58298144655416
2020-06-11,NKE,69.40633488531257,70.44747101511986,68.06259218540548
2020-06-11,VZ,25.605601023393266,25.92180178895201,25.254651372556147
2020-06-11,WMT,22.593587443872988,22.918952092858753,22.260827502990573
2020-06-12,AAPL,55.30640921030996,56.02626427700044,54.50425326769223
2020-06-12,AMGN,131.21876321212787,133.3944733645899,128.89706454566158
2020-06-12,CRM,124.41441639241022,126.50339148792949,121.73295351822567
2020-06-12,CSCO,25.9266825842582,26.336179967969745,25.456285730199184
2020-06-12,IBM,76.13156323756536,77.18867943993523,74.92175901662048
2020-06-12,INTC,50.153627579464576,51.09974869939254,49.189802727354255
2020-06-12,MSFT,124.67262673232588,126.51347403638445,122.75375840995869
2020-06-12,NKE,69.66136814818327,70.66305294426071,68.27894202249306
2020-06-12,VZ,25.602358031031876,25.903383800270184,25.265549799842827
2020-06-12,WMT,22.591445382327016,22.903175927042266,22.277603884897193
2020-06-15,AAPL,55.368892860137954,56.1347267591964,54.51916593242226
2020-06-15,AMGN,131.09398097699346,133.26149770261452,128.6718711102747
2020-06-15,CRM,124.28657176019162,126.49431947071405,121.45318814579174
2020-06-15,CSCO,25.9811162225555,26.414506661946607,25.477238278255403
2020-06-15,IBM,75.99209691350801,77.11144089510003,74.77124574491533
2020-06-15,INTC,50.16094312635535,51.14388978699967,49.11746339417896
2020-06-15,MSFT,124.67883564981605,126.64695596574616,122.65606181236207
2020-06-15,NKE,69.66887114286715,70.73155748801452,68.3360256188982
2020-06-15,VZ,25.571260632782256,25.892712885123245,25.219418466139576
2020-06-15,WMT,22.591481145849116,22.922157398915633,22.255769976261234
2020-06-16,AAPL,55.4331521831707,56.16787137083243,54.59498521388052
2020-06-16,AMGN,130.88011003973978,133.0214663894347,128.4874235863512
2020-06-16,CRM,124.16095620386177,126.27814042699681,121.37529993959551
2020-06-16,CSCO,26.03019966386859,26.448776403738016,25.536587136554864
2020-06-16,IBM,75.93433779021635,77.0104924688106,74.707772585286
2020-06-16,INTC,50.1489371567119,51.10253154075196,49.134277282681815
2020-06-16,MSFT,124.67811017652788,126.56193959422389,122.68357754173937
2020-06-16,NKE,69.77758011597437,70.80032785399636,68.40478042187836
2020-06-16,VZ,25.547281550049316,25.855100805806007,25.199076606095932
2020-06-16,WMT,22.583761551888678,22.90175304054667,22.25544525248
2020-06-17,AAPL,55.5088408151513,56.23715773207237,54.67957810044752
2020-06-17,AMGN,130.6542290333037,132.7970815634836,128.28803606973753
2020-06-17,CRM,124.0647200646985,126.16108709949873,121.31353850255428
2020-06-17,CSCO,26.081944136883582,26.49743122547648,25.59381522198409
2020-06-17,IBM,75.91644156854866,76.98124504944306,74.69472608682386
2020-06-17,INTC,50.141017940946,51.089061646493654,49.141857890974315
2020-06-17,MSFT,124.6978975916317,126.56006148213154,122.72527832459369
2020-06-17,NKE,69.93128758954103,70.94598267563768,68.54779526775512
2020-06-17,VZ,25.52935089108555,25.83327585163665,25.184861442413034
2020-06-17,WMT,22.576702101460832,22.891329813141226,22.25288210625928
2020-06-18,AAPL,55.578810979706546,56.29378955105838,54.74944924167032
2020-06-18,AMGN,130.38497532087243,132.5075117036377,128.0243861950383
2020-06-18,CRM,123.95653551887283,126.013916233386,121.21563429501803
2020-06-18,CSCO,26.129159003113255,26.538575689551912,25.642415449292812
2020-06-18,IBM,75.92053381038144,76.96723174313067,74.69333715877528
2020-06-18,INTC,50.12143247661352,51.056472322342096,49.12985989995698
2020-06-18,MSFT,124.70154261520285,126.52753674039116,122.73119645287805
2020-06-18,NKE,70.11245079931781,71.11153750013112,68.70790973975699
2020-06-18,VZ,25.512278556410813,25.81037510101092,25.16778212093432
2020-06-18,WMT,22.56539523417975,22.87446094159534,22.243093045279036
2020-06-19,AAPL,55.64867452247033,56.414074871694275,54.80139990465912
2020-06-19,AMGN,130.2530785978723,132.40956107092578,127.86129575050565
2020-06-19,CRM,123.84127371432885,126.02620908722459,121.03644286451973
2020-06-19,CSCO,26.185487856613346,26.620046045693094,25.682266125888447
2020-06-19,IBM,75.8085012382911,76.91889968099782,74.59178681977761
2020-06-19,INTC,50.12851660717375,51.106202317344625,49.0956100728027
2020-06-19,MSFT,124.72026059037042,126.67663567471745,122.71173134749623
2020-06-19,NKE,70.15548547772833,71.21969041057226,68.80873264712213
2020-06-19,VZ,25.48454062424153,25.802863994121452,25.136158175753287
2020-06-19,WMT,22.56495346260605,22.893399232918664,22.232719004865967
2020-06-22,AAPL,55.72802257037381,56.46935771095869,54.894760106434354
2020-06-22,AMGN,130.05779534317662,132.20091374373658,127.70161237384683
2020-06-22,CRM,123.75136141844405,125.86833707268747,121.00160219008507
2020-06-22,CSCO,26.24042197224719,26.663360476977395,25.74794917390079
2020-06-22,IBM,75.77786344246746,76.8538737214496,74.56152175543285
2020-06-22,INTC,50.12769466920777,51.08413238611707,49.12443894554896
2020-06-22,MSFT,124.74966407227217,126.638856730623,122.77449636512311
2020-06-22,NKE,70.29521175439324,71.32830169608457,68.91673611123034
2020-06-22,VZ,25.465953739513242,25.773245160816984,25.122404224414744
2020-06-22,WMT,22.56054134985518,22.878855315570384,22.236114721489106
2020-06-23,AAPL,55.8167266004608,56.57009953376242,54.98481962586574
2020-06-23,AMGN,129.8988963022869,132.055642403008,127.55271104467948
2020-06-23,CRM,123.68613610380795,125.83238308492166,120.94434926254254
2020-06-23,CSCO,26.30060571760123,26.729615220548418,25.80727538923098
2020-06-23,IBM,75.74400310152559,76.83281958977084,74.53559908169282
2020-06-23,INTC,50.14039558802549,51.107827850115505,49.136780318796745
2020-06-23,MSFT,124.80081327747956,126.71741854911072,122.83053247037863
2020-06-23,NKE,70.42747699170586,71.47616162019153,69.06011161715978
2020-06-23,VZ,25.44918895690709,25.760331125151357,25.107285459976016
2020-06-23,WMT,22.56070979900066,22.88299901738548,22.236620054287418
2020-06-24,AAPL,55.86817743814576,56.63069442042618,55.00646569770484
2020-06-24,AMGN,129.73905904296092,131.8661343275224,127.33119799464198
2020-06-24,CRM,123.52898694706676,125.69482692964263,120.70168770509696
2020-06-24,CSCO,26.349926054589794,26.784750696373237,25.837704858549802
2020-06-24,IBM,75.6036105905298,76.70513863538548,74.38059925843041
2020-06-24,INTC,50.132923823420796,51.10499870282326,49.08815755573213
2020-06-24,MSFT,124.78070969923947,126.72609502432343,122.74700660540023
2020-06-24,NKE,70.43736672991926,71.49913028394809,69.07659806554604
2020-06-24,VZ,25.415539243194615,25.73140095680161,25.063822561064935
2020-06-24,WMT,22.555843370814614,22.882364596176565,22.219685426911738
2020-06-25,AAPL,55.943361395140926,56.6751523918866,55.1079752609657
2020-06-25,AMGN,129.50761044427247,131.62867092345593,127.16267576443413
2020-06-25,CRM,123.43135245875429,125.5114604826558,120.69674571670714
2020-06-25,CSCO,26.401403629051224,26.82094962323075,25.907971816913015
2020-06-25,IBM,75.5924573102092,76.65008399780893,74.37500798142372
2020-06-25,INTC,50.122917587186514,51.068634749072785,49.12628700240354
2020-06-25,MSFT,124.79740666363071,126.65575844196597,122.82408369524583
2020-06-25,NKE,70.60091584791421,71.62256129838158,69.201330876989
2020-06-25,VZ,25.39801379680533,25.699589345283783,25.055293109613626
2020-06-25,WMT,22.548037121417366,22.861474133020693,22.225028384601515
2020-06-26,AAPL,56.00533453003371,56.73477319776278,55.16069202725133
2020-06-26,AMGN,129.25946084312488,131.362547097478,126.9001213167022
2020-06-26,CRM,123.30239282236911,125.37247487355056,120.54713743708406
2020-06-26,CSCO,26.447943074109105,26.8669721655501,25.94907142425626
2020-06-26,IBM,75.5572049819458,76.61147511755895,74.33338004791126
2020-06-26,INTC,50.10264422892223,51.04451252755356,49.09666562999632
2020-06-26,MSFT,124.78693491269361,126.63927190856384,122.79562146508377
2020-06-26,NKE,70.73734952710058,71.75750886000671,69.33017126685351
2020-06-26,VZ,25.375813987961937,25.67639402027555,25.030256277151818
2020-06-26,WMT,22.537166500366222,22.849570961833834,22.211174250869508
2020-06-29,AAPL,56.081888970909034,56.794382981321974,55.25237089827548
2020-06-29,AMGN,128.97227559847786,131.07046514083711,126.65276859604144
2020-06-29,CRM,123.21050967312614,125.23234691653472,120.51086360307937
2020-06-29,CSCO,26.496128770956574,26.906769015213904,26.007950148027877
2020-06-29,IBM,75.59714845228916,76.62719666585218,74.37648868431555
2020-06-29,INTC,50.08207974672412,51.00911990572205,49.10455632893662
2020-06-29,MSFT,124.79944739683708,126.602534469444,122.84374808283054
2020-06-29,NKE,70.9633015166162,71.96252895506673,69.53153949844693
2020-06-29,VZ,25.36321905986495,25.655673135917247,25.0230352855376
2020-06-29,WMT,22.52497628979599,22.8298738836585,22.206779849430838
2020-06-30,AAPL,56.14682806821355,56.89562382603997,55.29584512063039
2020-06-30,AMGN,128.77492700656694,130.88536314925503,126.416779943855
2020-06-30,CRM,123.08818165745039,125.20105141942291,120.32065145610527
2020-06-30,CSCO,26.54709504779285,26.976226585501088,26.041763357407387
2020-06-30,IBM,75.52651005562542,76.60276197328888,74.30818396156286
2020-06-30,INTC,50.07408033933656,51.03101753010539,49.05650042423378
2020-06-30,MSFT,124.80007093966454,126.69752697125378,122.79907883754271
2020-06-30,NKE,71.05544938317587,72.10290155519348,69.66309210377389
2020-06-30,VZ,25.338592364032426,25.645722905541938,24.992725371674187
2020-06-30,WMT,22.518781593204896,22.83761004920941,22.19020569209198
2020-07-01,AAPL,56.21729203129294,56.98303693791375,55.3638824030407
2020-07-01,AMGN,128.62420863301273,130.74817692325823,126.26722249103601
2020-07-01,CRM,122.97659291385946,125.12839194874678,120.20251733269043
2020-07-01,CSCO,26.602877140257277,27.04069179835024,26.093998545584416
2020-07-01,IBM,75.43371760813142,76.52898103793682,74.22216803917527
2020-07-01,INTC,50.077883856298506,51.048701305682606,49.0527271391739
2020-07-01,MSFT,124.81621256507515,126.75473564599984,122.8117607702545
2020-07-01,NKE,71.12044018149545,72.18953959631914,69.74624718572537
2020-07-01,VZ,25.312883176539508,25.62603937446626,24.967461536488
2020-07-01,WMT,22.5169454731027,22.841816082853367,22.18691055586642
2020-07-02,AAPL,56.2853190105716,57.0135191945098,55.442181589264194
2020-07-02,AMGN,128.36818782960273,130.45819455754705,126.0372986556242
2020-07-02,CRM,122.86329011367204,124.9139124637668,120.13672783071961
2020-07-02,CSCO,26.65079509579968,27.07050549040366,26.152045857156313
2020-07-02,IBM,75.42392266519732,76.46948186878741,74.2043586542449
2020-07-02,INTC,50.05904744034209,50.996488298603786,49.06351471723394
2020-07-02,MSFT,124.8154652814141,126.65453659993516,122.83623454606874
2020-07-02,NKE,71.28754434671704,72.30896831563149,69.86409923864665
2020-07-02,VZ,25.294209206603174,25.591600813302335,24.95162991755693
2020-07-02,WMT,22.506161781784,22.81610763370014,22.18320982826976
2020-07-06,AAPL,56.60920899482138,57.26975183000564,55.86298113481152
2020-07-06,AMGN,129.57381480187766,131.10162466060422,126.90327171476888
2020-07-06,CRM,123.71675012026753,125.25896702915362,121.61726817274699
2020-07-06,CSCO,26.673775942163243,27.038181624692253,26.333014820613116
2020-07-06,IBM,75.42394219793675,76.49613543689993,74.49232123421947
2020-07-06,INTC,50.11289491285343,50.839143360446904,49.382088450105144
2020-07-06,MSFT,125.57941995937544,126.95113108272943,123.69504484839067
2020-07-06,NKE,71.44651466035656,72.4025823494097,70.43725193823624
2020-07-06,VZ,25.29554495874184,25.533747093177574,25.05422882470826
2020-07-06,WMT,22.540870089530486,22.755800021109216,22.290139725053283
2020-07-07,AAPL,56.970674236581395,57.68174706058805,56.28347061978916
2020-07-07,AMGN,130.92312805515792,132.5374958874078,128.28974238893758
2020-07-07,CRM,124.67989583617651,126.32554891761193,122.74228844585164
2020-07-07,CSCO,26.716736678279112,27.09384567972022,26.40214671757414
2020-07-07,IBM,75.52617053471918,76.63324794014657,74.66026137058199
2020-07-07,INTC,50.230392765050226,50.9790325166281,49.55656805426647
2020-07-07,MSFT,126.46952167746292,127.89983976661813,124.69140436313246
2020-07-07,NKE,71.70267230589714,72.69395132270465,70.76640479680063
2020-07-07,VZ,25.315523531483812,25.5657185235953,25.09654082468767
2020-07-07,WMT,22.58495767755668,22.815386781575043,22.35291706933639
2020-07-08,AAPL,57.30962489578669,58.01109447833334,56.60453486917693
2020-07-08,AMGN,132.2319803777266,133.83153629879126,129.5412725382297
2020-07-08,CRM,125.5917690630786,127.21290751716961,123.6020689485521
2020-07-08,CSCO,26.748763626559963,27.120106409157728,26.427330495756436
2020-07-08,IBM,75.59758704120588,76.69050994839787,74.71514943301788
2020-07-08,INTC,50.32315035560667,51.05976446332247,49.634813810617985
2020-07-08,MSFT,127.3137456054867,128.72304414786913,125.49442970699269
2020-07-08,NKE,71.92864177919475,72.90681246976288,70.97054346395589
2020-07-08,VZ,25.328139677267085,25.574109724761282,25.103715871274975
2020-07-08,WMT,22.62191921873291,22.847972514544345,22.384821939083523
2020-07-09,AAPL,57.673018938338494,58.38498588457927,56.96461361415605
2020-07-09,AMGN,133.58866226590058,135.22716990060886,130.89444319125815
2020-07-09,CRM,126.56135052011977,128.21757889464757,124.55669315323307
2020-07-09,CSCO,26.78963174315888,27.166310998303203,26.469164942032606
2020-07-09,IBM,75.68145175219348,76.78700709046427,74.80102883255395
2020-07-09,INTC,50.43121371214558,51.18113750512304,49.743328995127506
2020-07-09,MSFT,128.2008645318447,129.64634224876198,126.37578614863072
2020-07-09,NKE,72.1708742929507,73.16556145724766,71.21413559604967
2020-07-09,VZ,25.345618986607217,25.594418568859982,25.122113621930986
2020-07-09,WMT,22.66611251375521,22.89468386063947,22.429420478069204
2020-07-10,AAPL,58.04772827623386,58.78059494315681,57.35868521900179
2020-07-10,AMGN,135.00371819202059,136.68164672716682,132.3005313312764
2020-07-10,CRM,127.56628692498015,129.26640836743576,125.61440098049509
2020-07-10,CSCO,26.83631867416887,27.217271638860726,26.52499076945969
2020-07-10,IBM,75.80176565902742,76.91901714645446,74.94434167470891
2020-07-10,INTC,50.5606799973815,51.31793027103541,49.89260720430236
2020-07-10,MSFT,129.13203171168638,130.601312567892,127.33775348665607
2020-07-10,NKE,72.44705748840158,73.45455308224146,71.5145457137228
2020-07-10,VZ,25.369006854711444,25.621862819321873,25.153480670237997
2020-07-10,WMT,22.712220035283142,22.94658133990572,22.482162144072934
2020-07-13,AAPL,58.42719982084838,59.126991597147786,57.66953980306895
2020-07-13,AMGN,136.35520743283445,138.01419169265367,133.5979741209549
2020-07-13,CRM,128.5589797673401,130.21624317343125,126.40801323495005
2020-07-13,CSCO,26.878029963104026,27.255455936076505,26.541459076657627
2020-07-13,IBM,75.83979279668009,76.94289088304322,74.9189351138571
2020-07-13,INTC,50.65170254067687,51.40955044187635,49.925840827034854
2020-07-13,MSFT,130.0073978769163,131.48189027340422,128.08820031470134
2020-07-13,NKE,72.65111662083312,73.6514003838428,71.64518818275694
2020-07-13,VZ,25.381705093656706,25.627165843293223,25.145016419108302
2020-07-13,WMT,22.761216514189435,22.9842830683107,22.512666592767516
2020-07-14,AAPL,58.73938816691577,59.479528573570484,58.06594246446225
2020-07-14,AMGN,137.72823366443484,139.38910002864822,134.91125072558611
2020-07-14,CRM,129.43929894699727,131.120839539643,127.53388018614044
2020-07-14,CSCO,26.901260558106454,27.270947009420944,26.595461565861118
2020-07-14,IBM,75.95838551680457,77.05150091514983,75.1172446062474
2020-07-14,INTC,50.753503791405016,51.479719127715484,50.10127188844372
2020-07-14,MSFT,130.86966621839815,132.2826545513513,129.0790398288513
2020-07-14,NKE,72.91525959970653,73.89541608903251,71.99344588265916
2020-07-14,VZ,25.39573949151921,25.64445201219945,25.185811478889672
2020-07-14,WMT,22.785743759441942,23.019704088845113,22.559856745734418
2020-07-15,AAPL,59.17151116633732,59.88811807536123,58.399376345581345
2020-07-15,AMGN,139.17250046069705,140.90859520690685,136.40550682643973
2020-07-15,CRM,130.5505274366833,132.27494939943247,128.34828858382076
2020-07-15,CSCO,26.96083633540869,27.348883104545774,26.623331992710593
2020-07-15,IBM,76.01288681989485,77.139833613185,75.08880241565652
2020-07-15,INTC,50.87192145869603,51.65756301742751,50.140424152766286
2020-07-15,MSFT,131.82624485116065,133.37708506234412,129.88134703757515
2020-07-15,NKE,73.14349312136943,74.17635777009379,72.1319117912803
2020-07-15,VZ,25.41696229856658,25.667204683759078,25.179702967256265
2020-07-15,WMT,22.849961140097456,23.07686593834566,22.60032032129844
2020-07-16,AAPL,59.502035066389396,60.22754162464593,58.77312747813682
2020-07-16,AMGN,140.53560994444513,142.21750872092798,137.65581151759824
2020-07-16,CRM,131.4602244174005,133.1394363898683,129.38781470178145
2020-07-16,CSCO,26.98536006259333,27.355849099526854,26.661448538347386
2020-07-16,IBM,76.07870029801195,77.16954429414733,75.19214244489346
2020-07-16,INTC,50.954451379783144,51.689434579389875,50.25945082947144
2020-07-16,MSFT,132.67705141919708,134.1208964589216,130.78248228665603
2020-07-16,NKE,73.36539468316926,74.35204862789631,72.38883996389293
2020-07-16,VZ,25.42613740737867,25.671263966411775,25.201292571474223
2020-07-16,WMT,22.880731610564286,23.108224566196313,22.641200023154344
2020-07-17,AAPL,59.81473763046845,60.49565536220041,59.00917783084933
2020-07-17,AMGN,141.78666648153484,143.42014453413609,138.8261549031111
2020-07-17,CRM,132.30287947846088,133.9067288385315,130.00979992456305
2020-07-17,CSCO,26.995752681729083,27.357254309839686,26.643134030653687
2020-07-17,IBM,76.04151302943276,77.10485788961168,75.08349614506662
2020-07-17,INTC,50.97934318379886,51.70254143020005,50.21994479991484
2020-07-17,MSFT,133.42585210306495,134.84636489703703,131.38724017260597
2020-07-17,NKE,73.49157733458556,74.45603854451909,72.43054354268078
2020-07-17,VZ,25.418864760256643,25.653136259063757,25.17001596542555
2020-07-17,WMT,22.90781535436013,23.120513949033473,22.647316841921477
2020-07-20,AAPL,60.17897597146419,60.89894785484886,59.40778206384
2020-07-20,AMGN,143.17651565031758,144.89775332779425,140.25726693618796
2020-07-20,CRM,133.27642910757385,134.97654811072775,131.0756419008628
2020-07-20,CSCO,27.028436793741914,27.403187297250657,26.692318232052646
2020-07-20,IBM,76.07822525952567,77.17449043703832,75.16121622088671
2020-07-20,INTC,51.059708450791575,51.81040904346936,50.33493308882661
2020-07-20,MSFT,134.29729799884876,135.790066736899,132.32530996345997
2020-07-20,NKE,73.69269957841496,74.69400095140823,72.67857140412411
2020-07-20,VZ,25.427875178236835,25.672022217154623,25.19292245804482
2020-07-20,WMT,22.948794626051814,23.17314968765493,22.70000651261324
2020-07-21,AAPL,60.532662274450665,61.26840399399756,59.781128794990494
2020-07-21,AMGN,144.5926379503724,146.33284089545353,141.6421481254929
2020-07-21,CRM,134.23760392202976,135.9601265137666,132.09247075515518
2020-07-21,CSCO,27.058638342679448,27.43295367319678,26.730726969528565
2020-07-21,IBM,76.13995383004261,77.23683090869756,75.24432763874559
2020-07-21,INTC,51.147327061164034,51.89361850842302,50.44167337812346
2020-07-21,MSFT,135.17908895877892,136.6695611813868,133.23434686084798
2020-07-21,NKE,73.91431144152476,74.91565125915344,72.92171830381827
2020-07-21,VZ,25.438470055376126,25.68421130054252,25.210768516655005
2020-07-21,WMT,22.98506110175917,23.213216253809,22.74226429505172
2020-07-22,AAPL,60.93353183685926,61.67885620484706,60.16772374161119
2020-07-22,AMGN,146.079073180209,147.87573241540824,143.14170379293725
2020-07-22,CRM,135.30287802027655,137.07386928112226,133.10933036394567
2020-07-22,CSCO,27.104700600737157,27.487978337929658,26.774569526047
2020-07-22,IBM,76.21059914584423,77.3270609591389,75.30863797888881
2020-07-22,INTC,51.25699945698437,52.027206436597545,50.54348947804042
2020-07-22,MSFT,136.12788242686796,137.68061095342034,134.16227756873064
2020-07-22,NKE,74.15267539369815,75.1804869145513,73.15289228374817
2020-07-22,VZ,25.456144065466535,25.70561519133092,25.22657703383716
2020-07-22,WMT,23.035475060280607,23.26597880915079,22.790679934500208
2020-07-23,AAPL,61.29058210855391,62.0385156955443,60.534612329256
2020-07-23,AMGN,147.52799025569453,149.30665305732552,144.5200494175858
2020-07-23,CRM,136.28080939067635,138.0325682258025,134.11583219877153
2020-07-23,CSCO,27.13497533241409,27.510442350863375,26.807993284891662
2020-07-23,IBM,76.27735884687544,77.37744150427598,75.3848187332815
2020-07-23,INTC,51.34693091705463,52.09574594319067,50.64277210073802
2020-07-23,MSFT,137.02692856505348,138.53705838197118,135.06443831135923
2020-07-23,NKE,74.38129753829956,75.38985855654377,73.38782691817588
2020-07-23,VZ,25.467585504949486,25.714191087325382,25.241190831547474
2020-07-23,WMT,23.0717613325622,23.30148465374605,22.829211763222247
2020-07-24,AAPL,61.670354527032266,62.38681037035369,60.84234204267298
2020-07-24,AMGN,148.93486775599555,150.7075916418967,145.88613252756357
2020-07-24,CRM,137.28071712648202,139.00396578477978,134.90554400960966
2020-07-24,CSCO,27.166904027415224,27.542322035094703,26.815277893627577
2020-07-24,IBM,76.27082552391758,77.36349920164702,75.31647126781314
2020-07-24,INTC,51.40934788864662,52.16735955683086,50.647747987404294
2020-07-24,MSFT,137.891167040858,139.42729287780574,135.80059565505707
2020-07-24,NKE,74.5453065658063,75.55469094285867,73.47947469469436
2020-07-24,VZ,25.471370929829195,25.712142414678826,25.224350252251703
2020-07-24,WMT,23.1158670309333,23.335669135696893,22.855357007095883
2020-07-27,AAPL,62.01397589248869,62.76526662584511,61.24652231382897
2020-07-27,AMGN,150.38160505526693,152.17577302696213,147.29542386570165
2020-07-27,CRM,138.23235298120238,139.98994527270023,136.03058355690786
2020-07-27,CSCO,27.190544701682622,27.5631598100182,26.8612663582745
2020-07-27,IBM,76.3265122041043,77.41878784240072,75.42977237192929
2020-07-27,INTC,51.487352879892576,52.2294142916377,50.77850661196409
2020-07-27,MSFT,138.77154696094203,140.2799040078299,136.7759817788607
2020-07-27,NKE,74.76203902290675,75.7656966909408,73.75839885128823
2020-07-27,VZ,25.479083709221143,25.723744629039974,25.251332910955107
2020-07-27,WMT,23.14703220177293,23.37568462898978,22.902576787157805
2020-07-28,AAPL,62.40636168526138,63.156311966369145,61.60661359078164
2020-07-28,AMGN,151.87905270592822,153.7192219521278,148.79786024508837
2020-07-28,CRM,139.2817382377144,141.07307429625894,136.98081678399708
2020-07-28,CSCO,27.2288572985201,27.60929104128781,26.890831040903
2020-07-28,IBM,76.37040227403604,77.47733688639204,75.45092635120201
2020-07-28,INTC,51.57765492271816,52.34323075802017,50.84604224778076
2020-07-28,MSFT,139.7005801360557,141.2707887208608,137.6522878161566
2020-07-28,NKE,74.97512206165182,76.00168017935974,73.9453150837461
2020-07-28,VZ,25.490819107361347,25.73702828682754,25.25568018719334
2020-07-28,WMT,23.192714574321673,23.420663058088234,22.941712390050753
2020-07-29,AAPL,62.73301814805541,63.48027147946173,61.944666160428625
2020-07-29,AMGN,153.30589255815798,155.10388965274106,150.12859130650074
2020-07-29,CRM,140.1900931379217,141.94128664262328,137.92763433623972
2020-07-29,CSCO,27.24389871862767,27.61234769152049,26.908600906549943
2020-07-29,IBM,76.40274779674884,77.48277963811495,75.49221225178286
2020-07-29,INTC,51.63628260041863,52.369817662225365,50.91441376500146
2020-07-29,MSFT,140.54272231679138,142.04415216076882,138.49523621578655
2020-07-29,NKE,75.16556979685512,76.15990725103804,74.14036476543644
2020-07-29,VZ,25.49215904199276,25.733188557187884,25.25992665538354
2020-07-29,WMT,23.217480293425076,23.44315542805527,22.968805135941132
2020-07-30,AAPL,63.09364291422567,63.835259489216924,62.27101378743914
2020-07-30,AMGN,154.7570505176159,156.58732259459865,151.57167330849416
2020-07-30,CRM,141.16735542410623,142.93492910156868,138.7977184766437
2020-07-30,CSCO,27.268010015687334,27.641054511171845,26.922964863650854
2020-07-30,IBM,76.41340423625299,77.50170699833835,75.47792209449966
2020-07-30,INTC,51.696848559651194,52.4461260560558,50.95053908924823
2020-07-30,MSFT,141.41217226692444,142.9574048464853,139.30635527511012
2020-07-30,NKE,75.34321578333864,76.35291038771037,74.28857548815375
2020-07-30,VZ,25.494941681112383,25.736030680008238,25.254505742281438
2020-07-30,WMT,23.252979189018294,23.476247891212306,22.996701853816674
2020-07-31,AAPL,63.40822236051941,64.12501742739525,62.55294675926581
2020-07-31,AMGN,156.10781076831435,157.88653138244823,152.8271689547814
2020-07-31,CRM,142.02915741753654,143.7342163650521,139.56817233289277
2020-07-31,CSCO,27.272419159145272,27.634337624921177,26.914988810981587
2020-07-31,IBM,76.36826836817818,77.42752963549998,75.40363394441013
2020-07-31,INTC,51.711884913253314,52.43721149680196,50.93983682987218
2020-07-31,MSFT,142.179272677316,143.67295186830236,140.0007682342803
2020-07-31,NKE,75.46057526614142,76.44047955495651,74.36726198869823
2020-07-31,VZ,25.48398544753257,25.716851083337524,25.23361255270028
2020-07-31,WMT,23.274921368418546,23.489679131510627,23.00976862961461
2020-08-03,AAPL,63.767090842990505,64.54322592789086,62.98194451171266
2020-08-03,AMGN,157.6384374635849,159.52706019378783,154.41113922411924
2020-08-03,CRM,143.0274173281248,144.8550878346605,140.76067001864072
2020-08-03,CSCO,27.29849475512803,27.67392473370803,26.969554900080507
2020-08-03,IBM,76.43135337380981,77.5284027612932,75.53738274882491
2020-08-03,INTC,51.79600281546829,52.54531830522239,51.0863934911183
2020-08-03,MSFT,143.09956450723166,144.66199311907815,141.05000230390502
2020-08-03,NKE,75.68741574864286,76.70709084328985,74.67629682201053
2020-08-03,VZ,25.49331924663245,25.73908759347508,25.26679042387532
2020-08-03,WMT,23.30776489818533,23.539145575992436,23.0628295351713
2020-08-04,AAPL,64.52604112949932,65.19295003332891,63.47560505752686
2020-08-04,AMGN,157.62700978786364,159.48501638340335,155.38711984874277
2020-08-04,CRM,143.98530581954614,145.48907682845476,141.38296529374142
2020-08-04,CSCO,27.36696434662257,27.613731557383105,27.01582877618038
2020-08-04,IBM,76.43964461671776,77.2140243179482,75.63222267083357
2020-08-04,INTC,51.335780288306395,52.12633829759919,50.74305821186538
2020-08-04,MSFT,143.97195134570464,145.33604216859558,141.8215538460274
2020-08-04,NKE,75.8117386462422,76.561381148765,75.07160685152581
2020-08-04,VZ,25.51116984034811,25.695217091974527,25.31502451730856
2020-08-04,WMT,23.308020188530115,23.5191918528816,23.104835287845848
2020-08-05,AAPL,65.40131457283091,66.1604723872427,64.39182665514765
2020-08-05,AMGN,157.84488158178655,159.74173401155548,155.70622326688772
2020-08-05,CRM,145.37312054754315,146.95923618364236,142.7163332303095
2020-08-05,CSCO,27.457929032710364,27.711931925998506,27.123140374708413
2020-08-05,IBM,76.5568280499387,77.32659861893052,75.7523503311261
2020-08-05,INTC,50.98921809965622,51.780045993091136,50.42783195877502
2020-08-05,MSFT,145.35778664833816,146.77551420241323,143.14958325342855
2020-08-05,NKE,76.02868895947003,76.817299705186,75.34624693201863
2020-08-05,VZ,25.538221816581636,25.73697701562982,25.360535054519204
2020-08-05,WMT,23.323998717965306,23.54189152820812,23.131278977489156
2020-08-06,AAPL,66.25704539276025,67.0091715456192,65.21846013497507
2020-08-06,AMGN,157.9944623258634,159.85702481637895,155.81486565035297
2020-08-06,CRM,146.69652681600047,148.25478292927002,143.97860144385845
2020-08-06,CSCO,27.53752897958652,27.7859639273862,27.19520683565189
2020-08-06,IBM,76.64199220751976,77.3986209057479,75.82238029962656
2020-08-06,INTC,50.61815168223207,51.390033293501304,50.047978126056606
2020-08-06,MSFT,146.6859961191583,148.08126564764507,144.4299884699932
2020-08-06,NKE,76.21280592758667,76.98566320424538,75.50868157291421
2020-08-06,VZ,25.55802074094566,25.752372188987515,25.37477140650618
2020-08-06,WMT,23.33212214059087,23.545367518611222,23.134630500322867
2020-08-07,AAPL,67.13508124940893,67.89686772292696,66.0888325490182
2020-08-07,AMGN,158.17020955433148,160.07299642378086,156.01179554238823
2020-08-07,CRM,148.01847579856027,149.62669504708376,145.33162825902775
2020-08-07,CSCO,27.626259169513332,27.8818203921263,27.286834240054713
2020-08-07,IBM,76.73912670859917,77.51696924424431,75.93630599447833
2020-08-07,INTC,50.2547351762842,51.03626318332564,49.69836896027964
2020-08-07,MSFT,147.9751912881721,149.4172012004932,145.74691480413995
2020-08-07,NKE,76.41688550113243,77.20536899386339,75.72137325704533
2020-08-07,VZ,25.58503063943039,25.78173325539024,25.403763029292033
2020-08-07,WMT,23.3464493131076,23.564086720725488,23.15200483840848
2020-08-10,AAPL,68.06466238473625,68.86925539580938,67.02403354943885
2020-08-10,AMGN,158.42803110048695,160.33842228259934,156.2998820427533
2020-08-10,CRM,149.51690187335404,151.16018093381552,146.778599040395
2020-08-10,CSCO,27.72195138964994,27.97948609770105,27.38705203658057
2020-08-10,IBM,76.87531323974639,77.64735840645811,76.06830812864172
2020-08-10,INTC,49.9335159123264,50.70881822008744,49.38851463344271
2020-08-10,MSFT,149.4777739102925,150.9427559518657,147.20039316983932
2020-08-10,NKE,76.65191097326597,77.45362329660895,75.97442041645834
2020-08-10,VZ,25.613821758093703,25.81570281982275,25.438860256008297
2020-08-10,WMT,23.365249004963392,23.58465241950469,23.174012854591396
2020-08-11,AAPL,68.91145142485752,69.63670170925937,67.80903175249263
2020-08-11,AMGN,158.4960441231432,160.4348172123712,156.29958258028117
2020-08-11,CRM,150.5640510387785,152.2093772580889,147.93602664973108
2020-08-11,CSCO,27.810160112368113,28.072798780897603,27.462814032332403
2020-08-11,IBM,76.92059869539426,77.73385509937012,76.13928505541105
2020-08-11,INTC,49.514650122809066,50.30367408429295,48.96313866472412
2020-08-11,MSFT,150.3864186308873,151.87746672626807,148.2179346811516
2020-08-11,NKE,76.82502372729485,77.6133546094553,76.10192619128469
2020-08-11,VZ,25.645413315321182,25.836256515047147,25.454747814910927
2020-08-11,WMT,23.378397228043358,23.598488457599515,23.1816028750406
2020-08-12,AAPL,69.87282246954571,70.73817684047032,68.80768847344606
2020-08-12,AMGN,158.7587436382475,160.55328548976178,156.58788569458432
2020-08-12,CRM,152.32647935938692,153.89833513490555,149.3177067465759
2020-08-12,CSCO,27.883897330516202,28.122782067591224,27.540497853217918
2020-08-12,IBM,77.0609578574174,77.76007013874019,76.19026816312581
2020-08-12,INTC,49.22539522115043,49.93851470719879,48.66589936111293
2020-08-12,MSFT,152.31913965930045,153.70258729036684,149.80761792798157
2020-08-12,NKE,77.03248469666218,77.80601890933495,76.3405700900134
2020-08-12,VZ,25.65268166873807,25.853610584271625,25.477890581223395
2020-08-12,WMT,23.382066315162618,23.589117651989866,23.183847105855335
2020-08-13,AAPL,70.75408410784041,71.48742254488755,69.62842385983787
2020-08-13,AMGN,158.85670915184943,160.879662816445,156.69298912152735
2020-08-13,CRM,153.3126254910456,155.06201203418794,150.77355531289575
2020-08-13,CSCO,27.98982831178792,28.267746882886062,27.6467022602767
2020-08-13,IBM,77.11946889254223,77.98147375461619,76.37556082521073
2020-08-13,INTC,48.8109098007366,49.621516266458535,48.284380263326156
2020-08-13,MSFT,153.07873794088738,154.6711952219796,150.98898680396678
2020-08-13,NKE,77.23697954288568,78.05446993470382,76.5250949778107
2020-08-13,VZ,25.699003608203473,25.893015927699324,25.510259333097068
2020-08-13,WMT,23.406721074857163,23.635796519973564,23.215400510299148
2020-08-14,AAPL,71.67673527230447,72.49731297522726,70.55184303448085
2020-08-14,AMGN,158.99857129157246,160.8389493262957,156.79106119279047
2020-08-14,CRM,154.75351379103097,156.36571109461448,151.8236816736928
2020-08-14,CSCO,28.063805362977906,28.311075052240597,27.712534910942985
2020-08-14,IBM,77.20159909729595,77.94300648446146,76.35876226438629
2020-08-14,INTC,48.45834030613622,49.18290437502184,47.905697979048384
2020-08-14,MSFT,154.56372812764275,156.00131443539635,152.13299495299205
2020-08-14,NKE,77.41290635483399,78.18792590708,76.69251767343512
2020-08-14,VZ,25.71271662594047,25.907374473143758,25.527777751514872
2020-08-14,WMT,23.4102333249049,23.620465591975172,23.20976500126803
2020-08-17,AAPL,72.48877749910481,73.21609309023961,71.28823207509154
2020-08-17,AMGN,158.90464617515167,160.73761173441483,156.60104799819993
2020-08-17,CRM,155.6936138478286,157.26798581618974,152.83874773668754
2020-08-17,CSCO,28.120375892493954,28.36666968444864,27.751777336289003
2020-08-17,IBM,77.17133520243317,77.93844725590971,76.34078196185155
2020-08-17,INTC,47.99725002224506,48.722616488299984,47.429064271011804
2020-08-17,MSFT,155.42612655969643,156.8561766778109,153.0757000163228
2020-08-17,NKE,77.5004477114938,78.24614799167416,76.72001347893283
2020-08-17,VZ,25.722549831037313,25.902731838178017,25.518343117876483
2020-08-17,WMT,23.401463418108786,23.608074034873475,23.191937382246316
2020-08-18,AAPL,73.39290081220811,74.18110103978312,72.21982464382974
2020-08-18,AMGN,158.97327645625296,160.87193867053782,156.75506043867784
2020-08-18,CRM,156.8781391101028,158.55165256972782,154.05434764608742
2020-08-18,CSCO,28.200946068113907,28.459412114520116,27.846098391478417
2020-08-18,IBM,77.21772700990878,78.00569268377303,76.40984836391503
2020-08-18,INTC,47.604332931318645,48.3439649991598,47.065780723720465
2020-08-18,MSFT,156.53261342820005,158.0413321625105,154.2015549070914
2020-08-18,NKE,77.66388786265647,78.44825007349996,76.92838280948357
2020-08-18,VZ,25.745949773035893,25.936995444791492,25.55463739374705
2020-08-18,WMT,23.40875370984232,23.62428643404178,23.208998354310676
2020-08-19,AAPL,74.34089586886067,75.17532557525173,73.16903978667384
2020-08-19,AMGN,159.10063650445358,160.97072577900764,156.89410714330438
2020-08-19,CRM,158.26071166016737,159.9333452822673,155.32967659545324
2020-08-19,CSCO,28.280167278607436,28.534438411254108,27.926604816016876
2020-08-19,IBM,77.29257165366825,78.05520364132076,76.46470588189347
2020-08-19,INTC,47.24793972868914,47.96744690544363,46.712752367385335
2020-08-19,MSFT,157.90930919317302,159.40583134534228,155.48224923627313
2020-08-19,NKE,77.84149380965407,78.62644753452453,77.11568133636263
2020-08-19,VZ,25.764632227619444,25.958985036667386,25.577909204902518
2020-08-19,WMT,23.41502674551974,23.628251838692794,23.215688065691822
2020-08-20,AAPL,75.30531210969937,76.13272161583163,74.12078299640002
2020-08-20,AMGN,159.24188277414746,161.18887331056848,157.06371013328678
2020-08-20,CRM,159.54376047653784,161.2994588100974,156.72725384542736
2020-08-20,CSCO,28.374964411939548,28.642926957176734,28.025482388325443
2020-08-20,IBM,77.37299313107465,78.18191608917097,76.58223024904038
2020-08-20,INTC,46.88608615948691,47.63001168129181,46.36945022477754
2020-08-20,MSFT,159.09394929358103,160.67360912683756,156.768533533487
2020-08-20,NKE,78.04368793837017,78.85284064260811,77.3270313616991
2020-08-20,VZ,25.797050816887324,25.993452905136518,25.61119237197372
2020-08-20,WMT,23.43151922687849,23.6528813503713,23.23687974051971
2020-08-21,AAPL,76.28519908106995,77.14915995324745,75.08711488372242
2020-08-21,AMGN,159.3824375353453,161.25515573453882,157.178019744759
2020-08-21,CRM,160.98838555131277,162.69008678348467,157.99646240735584
2020-08-21,CSCO,28.455121529883385,28.710584193091226,28.10041660403042
2020-08-21,IBM,77.45424621109845,78.21611938495586,76.62329866002104
2020-08-21,INTC,46.54153799506296,47.24879547694863,46.01547238195268
2020-08-21,MSFT,160.543991247161,162.0637664396127,158.06844331733808
2020-08-21,NKE,78.22778250570948,79.01830942326205,77.5022064646096
2020-08-21,VZ,25.815815304506295,26.011508162311216,25.6300019874733
2020-08-21,WMT,23.438460792730588,23.651808118133463,23.239263227681217
2020-08-24,AAPL,77.17986957777042,77.95253277378879,75.91658488860811
2020-08-24,AMGN,159.35060694282492,161.27555806148683,157.09277379567322
2020-08-24,CRM,161.92939426376375,163.65940382865577,159.10571433912565
2020-08-24,CSCO,28.534119432256905,28.799477634775567,28.169159712918397
2020-08-24,IBM,77.45232259643048,78.26929157595721,76.65981515719689
2020-08-24,INTC,46.1100148402682,46.839915750557644,45.58397827047281
2020-08-24,MSFT,161.31252785917644,162.8855521558373,158.9935243737863
2020-08-24,NKE,78.3599571283762,79.14486931805357,77.59425205310313
2020-08-24,VZ,25.84205000743884,26.027749910852258,25.641593918304633
2020-08-24,WMT,23.443548486725724,23.660617289250347,23.2411266146565
2020-08-25,AAPL,78.17301632822941,79.05637292066062,76.93937939976905
2020-08-25,AMGN,159.4692029091192,161.31645751091642,157.24604879613898
2020-08-25,CRM,163.39365741280866,165.09260507631424,160.31498069231085
2020-08-25,CSCO,28.608086376405062,28.860341789569024,28.2484351262192
2020-08-25,IBM,77.52350529831656,78.27215775596929,76.67951196167137
2020-08-25,INTC,45.76599603236839,46.45188190894426,45.242408886729535
2020-08-25,MSFT,162.8014544801791,164.3159660759577,160.25575065539016
2020-08-25,NKE,78.52999029199104,79.3136606510021,77.79344084809347
2020-08-25,VZ,25.855813614647236,26.050125150268194,25.66793079999977
2020-08-25,WMT,23.446079808771014,23.656472392170734,23.244490671391844
2020-08-26,AAPL,79.15420123013932,80.00236728216532,77.8920311898177
2020-08-26,AMGN,159.55079161694945,161.4776636092121,157.3363140973942
2020-08-26,CRM,164.6200463907376,166.39875299680608,161.69447525270814
2020-08-26,CSCO,28.69522175684073,28.962035730140112,28.33621480343563
2020-08-26,IBM,77.57585123609981,78.37937806306661,76.77447908491712
2020-08-26,INTC,45.39284922857729,46.106219178580815,44.883885853887065
2020-08-26,MSFT,163.9155958814093,165.51749415287549,161.50587699813906
2020-08-26,NKE,78.70542945172458,79.50763249394392,77.965165030894
2020-08-26,VZ,25.88333619329153,26.076390865441308,25.69193934190791
2020-08-26,WMT,23.45666226369194,23.675086710590527,23.258245180912056
2020-08-27,AAPL,80.14393108804144,81.0334339046092,78.86295039024546
2020-08-27,AMGN,159.61682432216097,161.4333269197797,157.3575406289939
2020-08-27,CRM,166.04215142155016,167.73097344782917,162.88064972754586
2020-08-27,CSCO,28.760041119442697,29.008441609071927,28.392526570064362
2020-08-27,IBM,77.6223514951733,78.35915492098214,76.7643452231268
2020-08-27,INTC,45.03660635629179,45.70229466664025,44.51131008814975
2020-08-27,MSFT,165.38069142015556,166.887716681155,162.76625074667982
2020-08-27,NKE,78.84618048465815,79.61700597748111,78.08882095067872
2020-08-27,VZ,25.890561429632633,26.081185622766483,25.697763817435746
2020-08-27,WMT,23.452236435381796,23.658946258487003,23.24689581354112
2020-08-28,AAPL,81.11129514893715,81.96284769987517,79.79794958987131
2020-08-28,AMGN,159.62804356849196,161.50535962785995,157.36769132813842
2020-08-28,CRM,167.21921015952213,168.96551981594158,164.17764344767974
2020-08-28,CSCO,28.83285302665834,29.092060825725188,28.46430078558804
2020-08-28,IBM,77.64182963889868,78.42289311087532,76.81805868933174
2020-08-28,INTC,44.647420971759956,45.33229782282359,44.132973375772856
2020-08-28,MSFT,166.47044365580047,168.04401700737554,163.96646825872176
2020-08-28,NKE,78.98334418719438,79.76597476713155,78.21772217585523
2020-08-28,VZ,25.908188044576377,26.09648348982349,25.710908905263988
2020-08-28,WMT,23.453062447076093,23.66533163808114,23.249171689102603
2020-08-31,AAPL,82.02220897591849,82.84493113444982,80.65826367651216
2020-08-31,AMGN,159.5180067380681,161.32925821995153,157.18804111390284
2020-08-31,CRM,168.24233753522876,169.91616601864965,165.11180530704095
2020-08-31,CSCO,28.8847764761057,29.133220028270188,28.503092803162396
2020-08-31,IBM,77.60423634910728,78.35996847972832,76.75536665195676
2020-08-31,INTC,44.22038490290966,44.87930582168058,43.69060186448356
2020-08-31,MSFT,167.4308401513674,168.94463950794184,164.8571758894455
2020-08-31,NKE,79.05780855805587,79.8081705265379,78.25372677197846
2020-08-31,VZ,25.912648465805965,26.09257142932656,25.7053074270402
2020-08-31,WMT,23.439665517448617,23.643711046348095,23.227720043052855
2020-09-01,AAPL,83.08606155142049,84.03018266654654,81.77917597469464
2020-09-01,AMGN,159.65144066758123,161.5068990025357,157.43353040823644
2020-09-01,CRM,169.78668454669585,171.56096068735377,166.59373706006664
2020-09-01,CSCO,28.96192775407978,29.218428315226696,28.59918218240069
2020-09-01,IBM,77.68249894704337,78.43478853313611,76.83905451469694
2020-09-01,INTC,43.895764986132555,44.55546804376782,43.395662289443706
2020-09-01,MSFT,168.9978990826115,170.57713948113982,166.35961595959006
2020-09-01,NKE,79.23624224579459,80.0304090252647,78.497297799935
2020-09-01,VZ,25.92772635763105,26.12353503117001,25.740488430987316
2020-09-01,WMT,23.443658149337836,23.65486816727859,23.24299052827692
2020-09-02,AAPL,83.92929907566617,84.85215853364011,82.6092954379054
2020-09-02,AMGN,160.1053673831678,161.72643963419867,157.96844764453508
2020-09-02,CRM,172.17957886883474,174.02009157136163,168.10874494661138
2020-09-02,CSCO,28.87077774290378,29.126001506851647,28.578223845184105
2020-09-02,IBM,77.50508718693416,78.33059984933239,76.87298845357307
2020-09-02,INTC,43.916046991944526,44.439679061790706,43.442140853613246
2020-09-02,MSFT,169.6965122158029,171.43917644135942,167.4180959682893
2020-09-02,NKE,79.38019077499264,80.12261506874017,78.50650021643645
2020-09-02,VZ,25.927827265595603,26.05914097337607,25.741560976767794
2020-09-02,WMT,23.614423554861027,23.814571040242296,23.27435195762124
2020-09-03,AAPL,84.9930420379895,85.94116908554801,83.64442937407502
2020-09-03,AMGN,160.5903261359566,162.2504767476743,158.56974085414316
2020-09-03,CRM,174.94719146897322,176.84512319822653,170.77766099093446
2020-09-03,CSCO,28.803289650542443,29.0598101357697,28.52194809803421
2020-09-03,IBM,77.405531242735,78.23772860060193,76.79919218138429
2020-09-03,INTC,43.97360746087956,44.50469706006067,43.5218938125147
2020-09-03,MSFT,170.58219307433262,172.33449030422724,168.38157208256945
2020-09-03,NKE,79.70041415168107,80.44677335412295,78.79981232236455
2020-09-03,VZ,25.94158969987197,26.07867931300064,25.767545448974808
2020-09-03,WMT,23.873591119489358,24.0927216081774,23.48902883196373
2020-09-04,AAPL,86.02698325005835,86.9667760089313,84.64406913645325
2020-09-04,AMGN,161.01188287409246,162.6387936405182,158.94484550602132
2020-09-04,CRM,177.66618178864957,179.5431843534324,173.38579600111106
2020-09-04,CSCO,28.723468678356216,28.972730980398897,28.436123200054986
2020-09-04,IBM,77.27371108759398,78.08921716355646,76.65269904800329
2020-09-04,INTC,44.0088568502759,44.52851300692282,43.54530405701804
2020-09-04,MSFT,171.39799501194113,173.11819397377315,169.14727605659317
2020-09-04,NKE,79.98419604853487,80.71574945481552,79.06258592859325
2020-09-04,VZ,25.9476026780926,26.080275399442694,25.768051329092394
2020-09-04,WMT,24.12468419854396,24.340797375985236,23.735616570211494
2020-09-08,AAPL,87.07010652347252,88.0439173041206,85.69752147695256
2020-09-08,AMGN,161.50823998373446,163.18036893923755,159.45584721463945
2020-09-08,CRM,180.4568213664119,182.4200276544065,176.17724433164415
2020-09-08,CSCO,28.653331232752002,28.909687261052273,28.37274334070787
2020-09-08,IBM,77.16225811960997,77.99450223406008,76.55601920414556
2020-09-08,INTC,44.06236782331608,44.5957526002794,43.60717660376262
2020-09-08,MSFT,172.26591942401186,174.04580628523155,170.03167735636094
2020-09-08,NKE,80.27075309840906,81.02765151662538,79.37579327392461
2020-09-08,VZ,25.96011827977675,26.097149767557458,25.784340305772698
2020-09-08,WMT,24.36618318406611,24.586661561082337,23.986283566903737
2020-09-09,AAPL,88.20915001187075,89.19552277877082,86.80716143401634
2020-09-09,AMGN,162.00118589292146,163.68176256957247,159.9841584320373
2020-09-09,CRM,183.41802406708814,185.4119364765929,179.03922901707574
2020-09-09,CSCO,28.590155566097703,28.84496691154893,28.312677360042862
2020-09-09,IBM,77.07593566955256,77.90585842102696,76.47644224719555
2020-09-09,INTC,44.12619067006168,44.660071835732424,43.676846657055464
2020-09-09,MSFT,173.1970759676514,174.9754304401426,170.97834850939927
2020-09-09,NKE,80.62409592865893,81.37914683214237,79.70869024196918
2020-09-09,VZ,25.97623979379031,26.114490703159532,25.804084114656025
2020-09-09,WMT,24.644902375587254,24.873999395363516,24.24028835402761
2020-09-10,AAPL,89.13184154469575,90.15262345850745,87.7749585885237
2020-09-10,AMGN,162.59072588870805,164.30948039813723,160.4735043694465
2020-09-10,CRM,186.10566323966927,188.1975630512734,181.81920138572
2020-09-10,CSCO,28.519254983194536,28.784533412409704,28.24177810203588
2020-09-10,IBM,76.94452656740725,77.7950382953623,76.34354162526618
2020-09-10,INTC,44.18246405011251,44.73232275361633,43.72380608369732
2020-09-10,MSFT,174.02065723024702,175.89454756066118,171.7438986517567
2020-09-10,NKE,80.79976418861985,81.5939855750175,79.95801565193895
2020-09-10,VZ,25.98912445567185,26.12872864480954,25.81058903264982
2020-09-10,WMT,24.818035503940187,25.03464523507536,24.47778031004072
2020-09-11,AAPL,90.40611087272957,91.34067212843739,88.86441580795898
2020-09-11,AMGN,162.83448846366974,164.39619239380866,160.78745551451573
2020-09-11,CRM,189.21352161038558,191.07117858034619,184.4260162913476
2020-09-11,CSCO,28.432826996088778,28.659756803620642,28.14030715286505
2020-09-11,IBM,76.82020927401963,77.58791613290302,76.18500793889112
2020-09-11,INTC,44.19748042561303,44.68825871346269,43.726041743429015
2020-09-11,MSFT,174.87257929143593,176.48356949883083,172.57348614291783
2020-09-11,NKE,81.22744351299202,81.90746581241126,80.1878367873461
2020-09-11,VZ,25.988383504445057,26.114079086510635,25.808003048142456
2020-09-11,WMT,25.182786819955307,25.416413965362118,24.704079141397024
2020-09-14,AAPL,91.31756713990087,92.41294722027936,89.99229434385077
2020-09-14,AMGN,163.58879436678555,165.4015020278186,161.48650256679153
2020-09-14,CRM,192.00195002366272,194.2899375541214,187.74845176453587
2020-09-14,CSCO,28.379703999963077,28.660437839183214,28.11504293309531
2020-09-14,IBM,76.72253200520932,77.60836658751298,76.14948735121233
2020-09-14,INTC,44.28889398525522,44.86837248358941,43.84510883579552
2020-09-14,MSFT,175.78243619504985,177.79167174118058,173.53046233304664
2020-09-14,NKE,81.38511066916058,82.23558057883727,80.60865860994478
2020-09-14,VZ,26.01333042255801,26.16154494540624,25.841163143412217
2020-09-14,WMT,25.32416522296813,25.547834764353897,25.01809364832913
2020-09-15,AAPL,92.4491241726029,93.43825691017913,90.9344788242877
2020-09-15,AMGN,163.94907864320072,165.57134019734255,161.83638901324704
2020-09-15,CRM,194.99076790176156,196.99481987656478,190.21746367958414
2020-09-15,CSCO,28.294264599913852,28.53264387122519,28.00670343168293
2020-09-15,IBM,76.5797027229596,77.37212999179259,75.95399576510906
2020-09-15,INTC,44.3103921373507,44.82161290633218,43.837645609442326
2020-09-15,MSFT,176.59584866175135,178.31769679886628,174.2594526639355
2020-09-15,NKE,81.68835337585391,82.41396380121886,80.71558280925123
2020-09-15,VZ,26.014678901048264,26.144292491549567,25.832297430619068
2020-09-15,WMT,25.609574693450583,25.838335430717798,25.175808367600144
2020-09-16,AAPL,93.33182925657287,94.33459800164658,91.84413029305526
2020-09-16,AMGN,164.34253524823603,165.9644067558163,162.10006508164517
2020-09-16,CRM,197.61713346021006,199.66762305274503,192.89156263007402
2020-09-16,CSCO,28.19107627161396,28.433280952541914,27.897932401162414
2020-09-16,IBM,76.36737753943262,77.16448111140873,75.72709696888978
2020-09-16,INTC,44.30501402360662,44.82011091398064,43.813754555104275
2020-09-16,MSFT,177.23704257156797,179.0119888085434,174.81036594044753
2020-09-16,NKE,81.7914336128173,82.53751420011804,80.8732936965502
2020-09-16,VZ,26.005981392665586,26.132731062040016,25.812868261976288
2020-09-16,WMT,25.78613790479751,25.997946185177128,25.41700042029718
2020-09-17,AAPL,94.35126330293126,95.40145274403022,92.8736377404079
2020-09-17,AMGN,164.84307409053426,166.53639918175955,162.68856568429575
2020-09-17,CRM,200.53381388836527,202.70712662988393,195.8067125802056
2020-09-17,CSCO,28.1121189913554,28.36363645397156,27.832322779215737
2020-09-17,IBM,76.222168488401,77.04227039739115,75.61248396967652
2020-09-17,INTC,44.3424941896188,44.87748395631327,43.873918989364626
2020-09-17,MSFT,178.0445603098556,179.8903216089553,175.69200163088198
2020-09-17,NKE,81.99739302371263,82.77248971499522,81.09859408235437
2020-09-17,VZ,26.01237104094546,26.147265172474764,25.830521539299667
2020-09-17,WMT,25.999865138404246,26.226530214155243,25.61962606742769
2020-09-18,AAPL,95.47579293763816,96.51593104447828,93.94073758823936
2020-09-18,AMGN,165.2698884889858,166.9340814157746,163.1342656579739
2020-09-18,CRM,203.60853227561566,205.75397662881318,198.70404344539693
2020-09-18,CSCO,28.031622771485882,28.27441399521295,27.749843168642048
2020-09-18,IBM,76.08412288611835,76.88536245666465,75.46945140527882
2020-09-18,INTC,44.3735918455239,44.896394202681414,43.90339545179153
2020-09-18,MSFT,178.87383399018236,180.66696467846322,176.51385171788317
2020-09-18,NKE,82.27085816155218,83.02196324200214,81.32365569305946
2020-09-18,VZ,26.01666098394951,26.148881859224314,25.83517605135063
2020-09-18,WMT,26.263861847108398,26.497231981906797,25.84366706236057
2020-09-21,AAPL,96.56270424642321,97.66469425103583,95.07728852546428
2020-09-21,AMGN,165.85410859310227,167.60430460724436,163.7309869479087
2020-09-21,CRM,206.72258685966312,209.0336019347722,201.91982614626852
2020-09-21,CSCO,27.96653793055003,28.224559144756892,27.695796411943263
2020-09-21,IBM,75.97352149711645,76.80947072071665,75.38356983918865
2020-09-21,INTC,44.436417932053935,44.98692441238703,43.9798142423673
2020-09-21,MSFT,179.77361543102907,181.69028546566838,177.44383818935407
2020-09-21,NKE,82.51484052915539,83.31775830325236,81.63604336621329
2020-09-21,VZ,26.031899201443196,26.17212267001624,25.85595038312296
2020-09-21,WMT,26.488449684729503,26.72531739099041,26.107027527762636
2020-09-22,AAPL,97.73248168083707,98.79675956226184,96.15795416739887
2020-09-22,AMGN,166.2777452664402,167.95218796170906,164.1381979546994
2020-09-22,CRM,209.9239678600541,212.13142807779576,204.85583653753824
2020-09-22,CSCO,27.887179034496313,28.128058840834598,27.607287435681023
2020-09-22,IBM,75.83952580278032,76.63761393996373,75.22792336128207
2020-09-22,INTC,44.468476809000535,44.99150089055193,43.99856997550752
2020-09-22,MSFT,180.62365442376986,182.4286772927667,178.24647228694116
2020-09-22,NKE,82.80524720837532,83.55973292401212,81.847815505688
2020-09-22,VZ,26.036877040741718,26.16938030946312,25.8560104975018
2020-09-22,WMT,26.767306417425022,27.00632214257986,26.33430381946552
2020-09-23,AAPL,98.65731416186108,99.77456591267988,97.15464839281984
2020-09-23,AMGN,166.85435070966292,168.59343869863093,164.6232642638677
2020-09-23,CRM,212.82010456612423,215.18437211118214,207.92043601206848
2020-09-23,CSCO,27.806646081268738,28.063025258965485,27.530421422595726
2020-09-23,IBM,75.67455692560735,76.50377162668264,75.06996466770005
2020-09-23,INTC,44.50551577065766,45.05380131444526,44.03163427536305
2020-09-23,MSFT,181.3881862200948,183.3305612486101,178.96804421805186
2020-09-23,NKE,82.91054929192728,83.71979925536283,82.0507670668013
2020-09-23,VZ,26.04245083911947,26.178896998981426,25.857427647906174
2020-09-23,WMT,26.92123237054208,27.14791310976337,26.572900617947926
2020-09-24,AAPL,99.84971676602332,100.91977035582087,98.22048104856174
2020-09-24,AMGN,167.22911435882642,168.88532316328727,165.06157175299452
2020-09-24,CRM,216.08711171283767,218.31351161496366,210.81561594299808
2020-09-24,CSCO,27.72138758079164,27.955819586008456,27.43921103556207
2020-09-24,IBM,75.52708849557038,76.31022218644296,74.90885455747224
2020-09-24,INTC,44.52499278417819,45.03973418740675,44.04833964280482
2020-09-24,MSFT,182.21041314709893,183.99506203488886,179.79206226493227
2020-09-24,NKE,83.19784699805524,83.94028347926145,82.21538385442133
2020-09-24,VZ,26.0430159837529,26.172658948977865,25.859443084482674
2020-09-24,WMT,27.209792930740285,27.450862952846794,26.7618389425076
2020-09-25,AAPL,100.93335557580838,102.07064690616834,99.37011676179311
2020-09-25,AMGN,167.78097537745583,169.5262694524297,165.5969221673139
2020-09-25,CRM,219.28595909279647,221.70071204105997,214.1645368429097
2020-09-25,CSCO,27.64844224641211,27.89997023821223,27.3761849240309
2020-09-25,IBM,75.39310564970656,76.21359362618884,74.79680512433657
2020-09-25,INTC,44.572277003746215,45.11737595231779,44.105605971699134
2020-09-25,MSFT,183.06368860926895,184.99209741346436,180.65853083554373
2020-09-25,NKE,83.40406215433883,84.20527174320193,82.50745748930477
2020-09-25,VZ,26.05263075881132,26.18993085070393,25.872304336390506
2020-09-25,WMT,27.42397902910032,27.66408558653542,27.03291743600689
2020-09-28,AAPL,102.11726004379062,103.19034224418678,100.43160426736151
2020-09-28,AMGN,168.1035278706435,169.7330513924341,165.88736084846403
2020-09-28,CRM,222.55336707067804,224.79586547818602,217.0781224081435
2020-09-28,CSCO,27.554137350794086,27.782129198291333,27.26785127788319
2020-09-28,IBM,75.2212669550122,75.98778549711689,74.59186896982386
2020-09-28,INTC,44.573682890358405,45.07938695998091,44.086194085044205
2020-09-28,MSFT,183.82313159375383,185.58885665623703,181.34588580511027
2020-09-28,NKE,83.6612246868779,84.39118683514793,82.65609206657624
2020-09-28,VZ,26.046251778177727,26.17190460754666,25.857809280884947
2020-09-28,WMT,27.712787568039566,27.953584261723268,27.254864003540167
2020-09-29,AAPL,103.18543550528989,104.31516113355477,101.55263314812944
2020-09-29,AMGN,168.56458560844996,170.2649705197848,166.32506305453717
2020-09-29,CRM,225.734992312066,228.1331942859997,220.37021662112448
2020-09-29,CSCO,27.467671375845985,27.708733652041182,27.18908491288185
2020-09-29,IBM,75.05330324438539,75.84915505331917,74.44071434847838
2020-09-29,INTC,44.59388569748711,45.12286789368887,44.11320464291369
2020-09-29,MSFT,184.59444465979183,186.47553422194184,182.1203455211934
2020-09-29,NKE,83.83546610506176,84.61359712074294,82.90183973919225
2020-09-29,VZ,26.046370821340652,26.177883593107797,25.85978799983565
2020-09-29,WMT,27.927884725207196,28.16629401085296,27.51722395430461
2020-09-30,AAPL,104.17512354689633,105.27421656901507,102.48984733302575
2020-09-30,AMGN,168.91560966857182,170.55137502528407,166.59490551645476
2020-09-30,CRM,228.74833623726153,231.07215495247038,223.21672507899999
2020-09-30,CSCO,27.361570105261737,27.591518533774313,27.072808911863344
2020-09-30,IBM,74.83279970715836,75.60086535591194,74.19549764004749
2020-09-30,INTC,44.57627076730643,45.08536387851742,44.075421208255236
2020-09-30,MSFT,185.22710383069833,187.04355618010123,182.66931009203617
2020-09-30,NKE,83.93934135559488,84.68706226762723,82.9729573183058
2020-09-30,VZ,26.03289615916059,26.156592104665457,25.836772603657476
2020-09-30,WMT,28.127579895165834,28.357118324017993,27.712942377645877
2020-10-01,AAPL,105.44622267343539,106.57962594690285,103.7282352377891
2020-10-01,AMGN,169.30423492201075,170.9866279175338,167.11772047935324
2020-10-01,CRM,232.28390590131548,234.68638169114493,226.62443044097188
2020-10-01,CSCO,27.27957226988721,27.51110250348512,27.002881177690004
2020-10-01,IBM,74.69230596668834,75.468787314763,74.08324309995079
2020-10-01,INTC,44.59930084416996,45.11656801337449,44.12373885977641
2020-10-01,MSFT,186.08053796021812,187.90879925534801,183.61801499891376
2020-10-01,NKE,84.2389270789674,84.99298590027149,83.24615026806923
2020-10-01,VZ,26.03467712894219,26.164942653981388,25.852077574572927
2020-10-01,WMT,28.431609788014505,28.684681365053304,27.962237520245637
2020-10-02,AAPL,105.88262934054806,107.39609577899692,104.06260615300113
2020-10-02,AMGN,169.68735067574647,171.46706616336925,167.47268647244059
2020-10-02,CRM,233.19889395207267,236.21083752651808,229.10118355427602
2020-10-02,CSCO,27.219295903179084,27.470755528480744,26.97302023853086
2020-10-02,IBM,74.68921255500771,75.49918899957089,74.02788040447555
2020-10-02,INTC,44.632907420641416,45.11757402209356,44.12447554439796
2020-10-02,MSFT,186.41674482743238,188.73080412964774,183.9725301833508
2020-10-02,NKE,84.63260555095133,85.5554503439843,83.70778230814436
2020-10-02,VZ,26.047527871110233,26.20442134916299,25.877274932426857
2020-10-02,WMT,28.551262349642315,28.851043886014306,28.209634894710558
2020-10-05,AAPL,106.40285563935582,107.86361804684944,104.69869025167462
2020-10-05,AMGN,170.16290954652155,172.00517535469564,168.11931852617948
2020-10-05,CRM,234.31360240853652,237.1666544496551,230.4301750509972
2020-10-05,CSCO,27.154907871637555,27.421743162954026,26.922774437924584
2020-10-05,IBM,74.66433470052012,75.5471921073154,74.03683843396416
2020-10-05,INTC,44.721873478846085,45.206583392260264,44.25318067374865
2020-10-05,MSFT,186.98000088232035,189.21931118476002,184.7209067808328
2020-10-05,NKE,85.09026317557857,86.00823536828298,84.17780532323162
2020-10-05,VZ,26.061701912155325,26.21114570029042,25.89264217180146
2020-10-05,WMT,28.73812276085278,29.0389303477653,28.372690900197078
2020-10-06,AAPL,106.92709754158533,108.4281215076227,105.18970526980992
2020-10-06,AMGN,170.64893123597207,172.50019267585458,168.56747090258574
2020-10-06,CRM,235.44028646572744,238.39815585398063,231.50357580512772
2020-10-06,CSCO,27.09826215739425,27.36308348272153,26.86588740899913
2020-10-06,IBM,74.66228840314055,75.53123384431991,74.03291029160115
2020-10-06,INTC,44.806375967769974,45.29896733097619,44.33050608509601
2020-10-06,MSFT,187.5191601172997,189.81573437105646,185.21774417117072
2020-10-06,NKE,85.55156707022475,86.48857798174481,84.64064848497415
2020-10-06,VZ,26.079687326827745,26.234019628066456,25.91265385651326
2020-10-06,WMT,28.911023200691233,29.217194348519335,28.55335681858707
2020-10-07,AAPL,107.42030386860354,108.92520709490276,105.6454471325969
2020-10-07,AMGN,171.09292029096244,172.9233347308643,168.96188508276774
2020-10-07,CRM,236.48876039586784,239.45437772737324,232.46947289939368
2020-10-07,CSCO,27.037228072166233,27.296390512655428,26.80063362057253
2020-10-07,IBM,74.65022366551163,75.50137236953775,74.0092177155016
2020-10-07,INTC,44.872872459149214,45.36087735634138,44.38532085070098
2020-10-07,MSFT,187.99089681897942,190.28434222351942,185.63628298772565
2020-10-07,NKE,85.98982516034906,86.92416215753614,85.06213242475792
2020-10-07,VZ,26.094064581190985,26.247549163650888,25.924711670726897
2020-10-07,WMT,29.07064541502537,29.37596891978242,28.71144303791744
2020-10-08,AAPL,107.95633260855192,109.47484087554076,106.20546730136002
2020-10-08,AMGN,171.5910024548277,173.45790187105078,169.50349438221284
2020-10-08,CRM,237.64194817165344,240.6351532434843,233.67719313915063
2020-10-08,CSCO,26.982234244693462,27.246777970289838,26.751662916054784
2020-10-08,IBM,74.65173736239835,75.52246964395343,74.02443631421428
2020-10-08,INTC,44.96059230775187,45.45640899181935,44.48462120768855
2020-10-08,MSFT,188.54331454611273,190.85806772269197,186.23460812068748
2020-10-08,NKE,86.46116258577628,87.41078425239458,85.54353483102203
2020-10-08,VZ,26.113040883264237,26.268080546108333,25.9464179751544
2020-10-08,WMT,29.24675196918725,29.55722869202002,28.88551388288482
2020-10-09,AAPL,108.44672945653971,109.97053064395297,106.64360660367932
2020-10-09,AMGN,172.02892494029166,173.86402895337704,169.87038565647657
2020-10-09,CRM,238.68240657377868,241.68863945820706,234.60496518091733
2020-10-09,CSCO,26.921682440032576,27.1783323916279,26.684913455617817
2020-10-09,IBM,74.64111799515315,75.48571483924283,73.9972294342632
2020-10-09,INTC,45.02242047194303,45.51199886015712,44.52962524020732
2020-10-09,MSFT,188.99755606102022,191.3092502741608,186.61320422134105
2020-10-09,NKE,86.89833456822772,87.84308907123363,85.95910192820507
2020-10-09,VZ,26.12724846440187,26.2814828274492,25.957515107505817
2020-10-09,WMT,29.402051597080046,29.710870475615426,29.040423614418824
2020-10-12,AAPL,109.02418677839633,110.54345932141031,107.30194901774328
2020-10-12,AMGN,172.57248817927103,174.47624865732178,170.53866317941913
2020-10-12,CRM,239.93468403526788,242.9142511038917,236.02198263576813
2020-10-12,CSCO,26.86782356625232,27.13748177694681,26.643723866880244
2020-10-12,IBM,74.64150808339636,75.53864851175875,74.02802014161104
2020-10-12,INTC,45.1327130924637,45.63253921424444,44.67028266994878
2020-10-12,MSFT,189.64217479413787,191.95331702738352,187.39112479206054
2020-10-12,NKE,87.4022584367557,88.3629490653786,86.48454924734195
2020-10-12,VZ,26.14817701769819,26.30192339145467,25.982629904617912
2020-10-12,WMT,29.60426948017305,29.91943103224755,29.232807208623946
2020-10-13,AAPL,109.52345939529516,111.09632528579398,107.68113995677096
2020-10-13,AMGN,173.0251610871008,174.87651910141338,170.82715643417453
2020-10-13,CRM,240.99729743122285,244.1260578575845,236.8514549928933
2020-10-13,CSCO,26.815138050977243,27.06978303670887,26.578937151132443
2020-10-13,IBM,74.65385470835024,75.48690467791079,74.00882884002519
2020-10-13,INTC,45.191550955560835,45.69014684918807,44.691765185200566
2020-10-13,MSFT,190.07897305901884,192.45561418560018,187.65046966994822
2020-10-13,NKE,87.84732933312743,88.81713089398363,86.90522711345008
2020-10-13,VZ,26.16634173819566,26.325601661447706,25.99861544256722
2020-10-13,WMT,29.748372553865767,30.064554678475023,29.392739187256993
2020-10-14,AAPL,110.05834269945021,111.59281524650335,108.276305724515
2020-10-14,AMGN,173.51081222280428,175.38867387459723,171.4013119980772
2020-10-14,CRM,242.14439516415726,245.15809237625484,238.10123573188082
2020-10-14,CSCO,26.75636208978856,27.0177469681185,26.52665814803579
2020-10-14,IBM,74.6436481555285,75.51570025445666,74.01381367199583
2020-10-14,INTC,45.27658171129195,45.77152160948423,44.79671119066006
2020-10-14,MSFT,190.62875716433086,192.94665020451225,188.29761090596716
2020-10-14,NKE,88.31998298394637,89.28176072896505,87.37584153986356
2020-10-14,VZ,26.182779465626425,26.33618677214851,26.0141066400079
2020-10-14,WMT,29.932010093235697,30.24754273944769,29.558799277783354
2020-10-15,AAPL,110.60942565342276,112.19347859533335,108.79524673424703
2020-10-15,AMGN,174.02438354842508,175.92136610955927,171.88158780477605
2020-10-15,CRM,243.33122232243673,246.47378034325487,239.24304383952196
2020-10-15,CSCO,26.70805386475898,26.968834560980056,26.4792738416931
2020-10-15,IBM,74.66381169262716,75.5235824788162,74.03493794653693
2020-10-15,INTC,45.36139603825894,45.86740062966975,44.87621375031543
2020-10-15,MSFT,191.1680590113379,193.55780743380964,188.79804273386802
2020-10-15,NKE,88.80558728235695,89.79307745525311,87.86882222981481
2020-10-15,VZ,26.204948747536772,26.36446457030912,26.039545035287432
2020-10-15,WMT,30.100790432427583,30.423359490197917,29.73756738508784
2020-10-16,AAPL,111.17948769906299,112.77446492547254,109.36894418167805
2020-10-16,AMGN,174.56045594215206,176.47562644337202,172.4304822908721
2020-10-16,CRM,244.56470485797735,247.72930958655962,240.48562932868853
2020-10-16,CSCO,26.662237628920696,26.92482689309593,26.43601046040476
2020-10-16,IBM,74.68965326200079,75.55734157116568,74.06597632848252
2020-10-16,INTC,45.45477134963577,45.964653700431036,44.97346316155535
2020-10-16,MSFT,191.7406007670585,194.1437579262835,189.38439865281563
2020-10-16,NKE,89.3062383124894,90.30350894035318,88.37032889918893
2020-10-16,VZ,26.229010466886926,26.38931069453214,26.064586995645165
2020-10-16,WMT,30.276733510885865,30.602589563122738,29.911528140389272
2020-10-19,AAPL,111.76441208292557,113.36607682348665,109.95802987159742
2020-10-19,AMGN,175.1126174147277,177.04256856620086,172.9952511346459
2020-10-19,CRM,245.83543371860384,249.01076723799204,241.76341728362428
2020-10-19,CSCO,26.617516747453656,26.881536672482113,26.39343778215131
2020-10-19,IBM,74.71735999669966,75.59331670059935,74.09790878259982
2020-10-19,INTC,45.55550020291622,46.067901437471946,45.07766821309386
2020-10-19,MSFT,192.34311187434326,194.75266642446167,190.00110846731437
2020-10-19,NKE,89.81881689924808,90.82321235978438,88.88127093386967
2020-10-19,VZ,26.25410391730154,26.414541120183618,26.090099613791512
2020-10-19,WMT,30.461012402337165,30.7895146945286,30.09259336970414
2020-10-20,AAPL,112.31898071024422,113.9104289233676,110.48631038484851
2020-10-20,AMGN,175.62081210395488,177.53006717977203,173.46957159189586
2020-10-20,CRM,247.02779388545162,250.17153539367803,242.8884625583428
2020-10-20,CSCO,26.56541592596473,26.824912609100583,26.33772030267047
2020-10-20,IBM,74.72553272856278,75.59113741343128,74.09585014796042
2020-10-20,INTC,45.64123541436965,46.14637087691487,45.15493450726698
2020-10-20,MSFT,192.8930101193522,195.27794476639224,190.51497653952183
2020-10-20,NKE,90.30877453795604,91.30476242936643,89.35121508424429
2020-10-20,VZ,26.274099583306143,26.43164503611296,26.106921974679185
2020-10-20,WMT,30.63923205329626,30.965474778637777,30.264553161151635
2020-10-21,AAPL,112.8582250446652,114.43285552568386,111.01870485946162
2020-10-21,AMGN,176.10272364179397,178.00191556445947,173.94498826555795
2020-10-21,CRM,248.1791006973199,251.27167661828358,244.0112129009582
2020-10-21,CSCO,26.506432958835713,26.76387910127484,26.277461989114858
2020-10-21,IBM,74.71392772559116,75.5798525920185,74.07992067699523
2020-10-21,INTC,45.7212903498499,46.22005398763645,45.23289213998904
2020-10-21,MSFT,193.42756797501542,195.7802961857387,191.04329708803633
2020-10-21,NKE,90.78755072597092,91.77523111564155,89.81423410085195
2020-10-21,VZ,26.289847477240485,26.44387300836962,26.120071782203684
2020-10-21,WMT,30.821535525526645,31.145946520820022,30.43786773837985
2020-10-22,AAPL,113.35819906179991,114.97528478620205,111.44490746781057
2020-10-22,AMGN,176.54122632880862,178.41683887997314,174.28734741329987
2020-10-22,CRM,249.23607551615865,252.44347966537603,244.92796177806088
2020-10-22,CSCO,26.450420864948725,26.699723429210167,26.215520920072198
2020-10-22,IBM,74.71550446222273,75.54531410155154,74.06514390520799
2020-10-22,INTC,45.773816056054336,46.2744034424592,45.26430513670814
2020-10-22,MSFT,193.84841678796565,196.2537557152533,191.36044608358532
2020-10-22,NKE,91.2369632410899,92.23636975448456,90.25060859860636
2020-10-22,VZ,26.305387397687397,26.46377487391399,26.135123873913187
2020-10-22,WMT,30.96950412900611,31.296386403806352,30.59670056658928
2020-10-23,AAPL,113.93412083753108,115.52840517345084,112.1035351163511
2020-10-23,AMGN,177.0659793196629,178.99932728194466,174.93541272058405
2020-10-23,CRM,250.47573329271603,253.6069179692217,246.3281738049864
2020-10-23,CSCO,26.395896783258657,26.65658609755503,26.171917196856782
2020-10-23,IBM,74.71376159285745,75.5946026391989,74.08998085121101
2020-10-23,INTC,45.8701934798102,46.37568525021818,45.38984972009029
2020-10-23,MSFT,194.44705668711265,196.8230106626638,192.09166901639594
2020-10-23,NKE,91.74489478030695,92.75082011559554,90.77312282551684
2020-10-23,VZ,26.324538297890868,26.479818010358237,26.156640166139773
2020-10-23,WMT,31.166633844975216,31.497243451416796,30.778799145199113
2020-10-26,AAPL,114.50782530832463,116.13765945639891,112.64201081692416
2020-10-26,AMGN,177.59172781095285,179.52914363488136,175.42099609179826
2020-10-26,CRM,251.71074545544212,254.93366721473373,247.50150894792418
2020-10-26,CSCO,26.34647161575694,26.604698259711473,26.121518402024712
2020-10-26,IBM,74.72813318072649,75.59523867974232,74.10060862087889
2020-10-26,INTC,45.95967353914014,46.47075438646765,45.47140463394372
2020-10-26,MSFT,195.01368100095257,197.43677392881057,192.61381756530335
2020-10-26,NKE,92.2517890257005,93.27380215688656,91.27783042900701
2020-10-26,VZ,26.346042075042014,26.505090763474804,26.179308394870517
2020-10-26,WMT,31.349724868737013,31.68479642922142,30.96829192581835
2020-10-27,AAPL,115.01263033852575,116.59566226297903,113.11399679208608
2020-10-27,AMGN,178.01863514395777,179.90367875438537,175.79936613335593
2020-10-27,CRM,252.77244429892383,255.8667812652821,248.4634328871865
2020-10-27,CSCO,26.27898597631955,26.528948062484556,26.046791991473558
2020-10-27,IBM,74.6929940442462,75.5448708675399,74.04602155822553
2020-10-27,INTC,46.020343761306854,46.51216923826362,45.51845983798283
2020-10-27,MSFT,195.48193867860587,197.82171957172457,193.03303650974325
2020-10-27,NKE,92.70643669901784,93.69729901656312,91.69286516501913
2020-10-27,VZ,26.35547082092629,26.506359629647736,26.181387276805747
2020-10-27,WMT,31.52641159729119,31.852963872933508,31.129291410507665
2020-10-28,AAPL,115.5395842889859,117.1676698262468,113.62030168810595
2020-10-28,AMGN,178.4793510314778,180.3868732032438,176.24271756036032
2020-10-28,CRM,253.89037283756738,257.1005927646857,249.55819409226305
2020-10-28,CSCO,26.221303721238073,26.471740757709284,25.991171547553424
2020-10-28,IBM,74.68601327493778,75.5321281375874,74.04294413179619
2020-10-28,INTC,46.08539465325249,46.587918576502304,45.58177041563658
2020-10-28,MSFT,195.95898939996522,198.36308441507063,193.48970783692388
2020-10-28,NKE,93.17865007165355,94.1943207008684,92.17383029237628
2020-10-28,VZ,26.370635444475077,26.52696644605894,26.19981728596436
2020-10-28,WMT,31.694603599055018,32.02823418040618,31.306080095174405
2020-10-29,AAPL,116.0838528969521,117.73321992103834,114.15920129314918
2020-10-29,AMGN,178.96245061455696,180.88708064323455,176.72689886293463
2020-10-29,CRM,255.050389839253,258.3114728424047,250.71314998234644
2020-10-29,CSCO,26.16788810482252,26.419283317071013,25.939763747537825
2020-10-29,IBM,74.69057249480542,75.53900650453916,74.05135916850341
2020-10-29,INTC,46.15616121262157,46.66397081877578,45.65407446999896
2020-10-29,MSFT,196.45607791863375,198.88816031714072,193.9873597052299
2020-10-29,NKE,93.66470453910287,94.69412814501014,92.66226079042282
2020-10-29,VZ,26.388508218351195,26.546943605504758,26.219199654293487
2020-10-29,WMT,31.8643980808481,32.202201311459,31.477391655571346
2020-10-30,AAPL,116.66739956287785,118.30688487926919,114.7816099250887
2020-10-30,AMGN,179.48821002016962,181.44399079725238,177.31328121633896
2020-10-30,CRM,256.3043755600458,259.52813175122634,252.04002373601801
2020-10-30,CSCO,26.1146994182821,26.371445736137314,25.892147978711204
2020-10-30,IBM,74.69181851760347,75.56640685116079,74.06574647352518
2020-10-30,INTC,46.249030269998784,46.759222527924436,45.76135737759205
2020-10-30,MSFT,197.04434108919787,199.4615111362744,194.640927190616
2020-10-30,NKE,94.18140203510522,95.21579372072185,93.1829219913788
2020-10-30,VZ,26.407870926823463,26.56449033893825,26.23948721003868
2020-10-30,WMT,32.060947487738545,32.40136845991813,31.664389927568944
2020-11-02,AAPL,115.90597959952758,117.86061362240618,114.1632707987301
2020-11-02,AMGN,178.70928007242563,180.7858720940672,176.68941165927265
2020-11-02,CRM,255.37031720900052,259.52368134907573,251.8617155431174
2020-11-02,CSCO,25.93276470921607,26.19531774821554,25.71218178193324
2020-11-02,IBM,74.39155900066234,75.27244902937854,73.53246115663573
2020-11-02,INTC,45.88207521503523,46.47128321736741,45.45818087171828
2020-11-02,MSFT,196.30091923570382,198.83302021325312,194.0874824883933
2020-11-02,NKE,93.939709591164,95.07937928870662,92.95017456004668
2020-11-02,VZ,26.395322200690078,26.57436354053238,26.202825917169207
2020-11-02,WMT,32.00942889681691,32.304381120094604,31.7493608498782
2020-11-03,AAPL,114.51936865678559,116.62539327131645,112.87378948148756
2020-11-03,AMGN,177.98267139369185,179.87177210458714,175.94772719193355
2020-11-03,CRM,254.02973295596934,258.41948542307637,250.532489207346
2020-11-03,CSCO,25.796846908135514,26.034478731957527,25.572505325396484
2020-11-03,IBM,74.36160341870752,75.16242221998824,73.31326312307688
2020-11-03,INTC,45.594053148398544,46.18139307198032,45.14937782556886
2020-11-03,MSFT,195.45022043703884,197.91381082917982,193.21141909569513
2020-11-03,NKE,93.50861310902971,94.84807764559693,92.53651310169938
2020-11-03,VZ,26.40120191593202,26.56697660866452,26.200756810179605
2020-11-03,WMT,31.940159928346944,32.24007200119364,31.677976187128877
2020-11-04,AAPL,113.37746443964103,115.42430916844748,111.73967620388845
2020-11-04,AMGN,177.28310061413347,179.2427297410096,175.28700714123525
2020-11-04,CRM,252.89523019254665,257.2264964847622,249.45663040485928
2020-11-04,CSCO,25.653934949705363,25.90080517851975,25.435621942221523
2020-11-04,IBM,74.2646598640305,75.09785064400177,73.2869058716473
2020-11-04,INTC,45.29716596728981,45.88693362695455,44.86896751349477
2020-11-04,MSFT,194.68310274047826,197.1813734295522,192.48849553395627
2020-11-04,NKE,93.16071022184582,94.44417834920012,92.20126970439935
2020-11-04,VZ,26.405686303008203,26.578117448847184,26.210237977114996
2020-11-04,WMT,31.882672634788694,32.18393875313677,31.625389640612916
2020-11-05,AAPL,112.30295819151654,114.29332707074292,110.6582191400631
2020-11-05,AMGN,176.5480226436354,178.50623281340953,174.54454780316564
2020-11-05,CRM,251.76390376878612,256.0064856040441,248.30858612292113
2020-11-05,CSCO,25.50053444560702,25.746554712777314,25.28156807393303
2020-11-05,IBM,74.1154034961007,74.95091620128338,73.15682292170362
2020-11-05,INTC,44.98114827184617,45.56103919556275,44.55411715760491
2020-11-05,MSFT,193.897181574112,196.37215260399452,191.6963929358772
2020-11-05,NKE,92.82234962436107,94.0617097675064,91.85415388195173
2020-11-05,VZ,26.40402581752844,26.57627793707875,26.20763193596284
2020-11-05,WMT,31.822888506125675,32.119852381477145,31.563578862184507
2020-11-06,AAPL,111.17542578621044,113.1858759543346,109.57303478542559
2020-11-06,AMGN,175.8636177027591,177.81108709177283,173.88905609952187
2020-11-06,CRM,250.65231264290404,254.95493301109883,247.25336280747206
2020-11-06,CSCO,25.360565973727738,25.605165485175892,25.14545754942425
2020-11-06,IBM,74.02119123435149,74.85269602390751,73.04391804034358
2020-11-06,INTC,44.69111273935231,45.274530316597314,44.26999056869407
2020-11-06,MSFT,193.14580377871516,195.6303808154393,190.97388590371074
2020-11-06,NKE,92.48029171392025,93.7563727242038,91.53103391667669
2020-11-06,VZ,26.409516220122992,26.58242601679148,26.214607586934147
2020-11-06,WMT,31.766958858812092,32.06797337853229,31.511462200471136
2020-11-09,AAPL,110.16933346372981,112.10654685190852,108.54932600850371
2020-11-09,AMGN,175.12987121779787,177.08600144353477,173.14400531899037
2020-11-09,CRM,249.56218965075894,253.74518764984703,246.13726700097737
2020-11-09,CSCO,25.205096506636657,25.45004391145452,24.98902327367117
2020-11-09,IBM,73.84776203647245,74.68644401693199,72.90748082235916
2020-11-09,INTC,44.372810898035176,44.94464860689571,43.95328448742405
2020-11-09,MSFT,192.37433383017543,194.83403922317288,190.19337262892782
2020-11-09,NKE,92.15891316514453,93.37074261837999,91.19640085251736
2020-11-09,VZ,26.40624375247033,26.57954045383322,26.210428160340157
2020-11-09,WMT,31.708719137625664,32.00412184700329,31.450504260043207
2020-11-10,AAPL,108.88939826519692,110.9170982061043,107.3479908495839
2020-11-10,AMGN,174.4795069270027,176.3643578111238,172.52132929805188
2020-11-10,CRM,248.35980902433627,252.71755142183832,245.00393399774106
2020-11-10,CSCO,25.082771448757942,25.318627534189655,24.86964113298304
2020-11-10,IBM,73.84617657446033,74.65400894658352,72.81657834375262
2020-11-10,INTC,44.114560529855595,44.69335485933709,43.69387668694791
2020-11-10,MSFT,191.61083849492752,194.06693227397002,189.4539216209862
2020-11-10,NKE,91.76862539978,93.10421358555085,90.83511491310651
2020-11-10,VZ,26.419127266449234,26.588803464415964,26.222549183778924
2020-11-10,WMT,31.64952783405387,31.95245840106238,31.39537283534167
2020-11-11,AAPL,108.12498284176398,109.99599912754068,106.52890614918796
2020-11-11,AMGN,173.77677227869685,175.79387073106417,171.83670488132717
2020-11-11,CRM,247.4725188883671,251.58990807935186,244.118641078837
2020-11-11,CSCO,24.92272024313147,25.17512721944945,24.71369081284047
2020-11-11,IBM,73.61798320982864,74.48698953193596,72.75044493511142
2020-11-11,INTC,43.79204041588037,44.362525651773254,43.39107250094561
2020-11-11,MSFT,190.9231363725132,193.4077308674905,188.7931661245263
2020-11-11,NKE,91.52916143970351,92.69129691618699,90.58259231323788
2020-11-11,VZ,26.41491732588919,26.594837294955155,26.224050323723493
2020-11-11,WMT,31.602988984082724,31.899414016187787,31.350066153104507
2020-11-12,AAPL,106.9993295509328,108.94176839462631,105.45403466149884
2020-11-12,AMGN,173.08060548259687,174.9723887025001,171.11983706955843
2020-11-12,CRM,246.31000900359902,250.53438278916192,242.94324994607922
2020-11-12,CSCO,24.78619807447493,25.021788617559046,24.57355530187685
2020-11-12,IBM,73.54516415322199,74.36142905872433,72.56213104394259
2020-11-12,INTC,43.508439183796504,44.072224253584444,43.09285092335179
2020-11-12,MSFT,190.1467171470972,192.57108671219697,187.99033514061696
2020-11-12,NKE,91.16661522782131,92.43987174503702,90.22304479457217
2020-11-12,VZ,26.419198475604066,26.589735286956493,26.22193651051483
2020-11-12,WMT,31.542157169705284,31.839109955405302,31.28583189401583
2020-11-13,AAPL,106.10363833145463,107.99393774555324,104.56813992043176
2020-11-13,AMGN,172.42954959967284,174.4016748510105,170.51848852343085
2020-11-13,CRM,245.38079858717543,249.56340816608088,242.0875519993352
2020-11-13,CSCO,24.644247004197545,24.890315946120072,24.438977688669382
2020-11-13,IBM,73.39890669745154,74.25060949822706,72.48699053621885
2020-11-13,INTC,43.21974359485695,43.78884779911038,42.82319540508235
2020-11-13,MSFT,189.47349676509975,191.94657996809184,187.37108869247896
2020-11-13,NKE,90.89617153457961,92.11099561914435,89.97063568852762
2020-11-13,VZ,26.42358916564517,26.602027024013896,26.232739051163254
2020-11-13,WMT,31.49622161552199,31.796215043838558,31.24654408926866
2020-11-16,AAPL,105.19058515381761,107.07931446650333,103.67772611094318
2020-11-16,AMGN,171.79899203210368,173.7630932486127,169.9030651518179
2020-11-16,CRM,244.4627088763498,248.65923060354973,241.1979142311546
2020-11-16,CSCO,24.50780931704673,24.752545690223357,24.30473023783724
2020-11-16,IBM,73.27404785489831,74.12341471014035,72.35557198224653
2020-11-16,INTC,42.94190159933323,43.51014244200374,42.549158666490314
2020-11-16,MSFT,188.8155111746207,191.28752181917358,186.72855112105088
2020-11-16,NKE,90.62503160006187,91.85182647414553,89.70810765873169
2020-11-16,VZ,26.43078780225046,26.609587609531125,26.2405086205878
2020-11-16,WMT,31.451859183241808,31.753224299526988,31.203839524403776
2020-11-17,AAPL,104.24918267113516,106.13787331146875,102.75795420455783
2020-11-17,AMGN,171.18077344071276,173.12912367724388,169.2938412477483
2020-11-17,CRM,243.5336787506346,247.7416714884407,240.2884130871393
2020-11-17,CSCO,24.37677418704822,24.61913334545341,24.175041799980615
2020-11-17,IBM,73.1773285607859,74.0216308948115,72.24852574562023
2020-11-17,INTC,42.67417957345605,43.24025238104775,42.28330433231607
2020-11-17,MSFT,188.1607183156627,190.62440123262047,186.08311435614215
2020-11-17,NKE,90.34522908822638,91.58870231171882,89.4342207043596
2020-11-17,VZ,26.440344769565158,26.61874538710926,26.24985538539321
2020-11-17,WMT,31.40729907201392,31.709359936092937,31.160027589731513
2020-11-18,AAPL,103.29281009892676,105.14677819178702,101.79941388276343
2020-11-18,AMGN,170.52090093376,172.43655372677063,168.61462360965317
2020-11-18,CRM,242.5250069367249,246.66965305818272,239.2469060668505
2020-11-18,CSCO,24.239694815349374,24.477066207467495,24.035428731743504
2020-11-18,IBM,73.0603996182744,73.89341381746638,72.12565462758747
2020-11-18,INTC,42.393929083923595,42.948751872804365,41.99861123920452
2020-11-18,MSFT,187.45556399222826,189.8799632769927,185.3576381871849
2020-11-18,NKE,90.04121735142296,91.26574386301081,89.11861204578109
2020-11-18,VZ,26.444787603250855,26.6202269598296,26.251228051157362
2020-11-18,WMT,31.355730624805815,31.65309073647782,31.10472983734563
2020-11-19,AAPL,102.23511416262951,104.07582411928783,100.7521728721181
2020-11-19,AMGN,169.83084755836026,171.69284617046645,167.9057423199625
2020-11-19,CRM,241.3951656479326,245.51248323496594,238.09083681606944
2020-11-19,CSCO,24.102954932704762,24.332767147436396,23.8960199145093
2020-11-19,IBM,72.96068039262815,73.77290846785478,71.99090245777157
2020-11-19,INTC,42.11247037684773,42.65723756692651,41.71069348017091
2020-11-19,MSFT,186.692945997554,189.07356389383014,184.5744664565991
2020-11-19,NKE,89.6907224859244,90.92332550352751,88.76034646652435
2020-11-19,VZ,26.447182691034484,26.618210979102557,26.249848408707575
2020-11-19,WMT,31.295643342525256,31.589461733401606,31.041099990443872
2020-11-20,AAPL,101.49643072201087,103.24775028155655,99.99107645567706
2020-11-20,AMGN,169.12334825574064,171.0701265179558,167.2201055677508
2020-11-20,CRM,240.48238291484796,244.46385482242982,237.1979232817895
2020-11-20,CSCO,23.94646451862429,24.186684142923976,23.743563155045468
2020-11-20,IBM,72.73232827097154,73.58438789038664,71.86853201268157
2020-11-20,INTC,41.79858898843666,42.33905231424805,41.41170530495728
2020-11-20,MSFT,185.99270683537833,188.39562874487163,183.90190719480324
2020-11-20,NKE,89.44026751171282,90.57375347774614,88.50737044097887
2020-11-20,VZ,26.440570871967356,26.618847831677517,26.247705961465943
2020-11-20,WMT,31.24543410362752,31.53630611870082,30.993022509857102
2020-11-23,AAPL,100.42194635494212,102.25786001830035,98.9827479248039
2020-11-23,AMGN,168.47241165421818,170.3175770018314,166.57740234259472
2020-11-23,CRM,239.37237024417553,243.51181111437037,236.12435399305474
2020-11-23,CSCO,23.82030582858334,24.047397027656107,23.617606027103914
2020-11-23,IBM,72.67556263636706,73.48270285591693,71.69759799156725
2020-11-23,INTC,41.53769835959597,42.079960641500534,41.14351551706395
2020-11-23,MSFT,185.2578046738714,187.6334070695127,183.16976085520636
2020-11-23,NKE,89.08901223191097,90.34481932836908,88.17571441817074
2020-11-23,VZ,26.448301005763774,26.61979076995456,26.25205949873178
2020-11-23,WMT,31.188208529161205,31.484315922851817,30.936932465884446
2020-11-24,AAPL,99.5275824760342,101.31584276658347,98.09180403754124
2020-11-24,AMGN,167.8351944209272,169.7331022105173,165.96758070607692
2020-11-24,CRM,238.41528346952722,242.49820266259923,235.20619763104852
2020-11-24,CSCO,23.687411973940062,23.9210711044973,23.488961836003625
2020-11-24,IBM,72.5602219412489,73.39266124101937,71.64078652819576
2020-11-24,INTC,41.267405326847104,41.809585695682486,40.8852548570133
2020-11-24,MSFT,184.58135656545713,186.9790864214662,182.52453006075478
2020-11-24,NKE,88.8020221470526,90.01041885315949,87.8962737319977
2020-11-24,VZ,26.453812513249346,26.63054649258622,26.26133106726139
2020-11-24,WMT,31.139619269669467,31.436017035790705,30.8916812646783
2020-11-25,AAPL,98.4924332630843,100.24408736685766,97.0436331415199
2020-11-25,AMGN,167.10000613773656,168.9048926847408,165.1729439831614
2020-11-25,CRM,237.2131096770809,241.1988500085177,233.90943839675924
2020-11-25,CSCO,23.545085477934666,23.765641913915434,23.33858347391238
2020-11-25,IBM,72.43596855194295,73.23207636769946,71.46840173408675
2020-11-25,INTC,40.975465842242414,41.496360039712066,40.57640883320427
2020-11-25,MSFT,183.76839350339705,186.07531326422313,181.64934408387927
2020-11-25,NKE,88.42953663486487,89.62622946135805,87.49354267716578
2020-11-25,VZ,26.44953779082474,26.617196858158408,26.248497151429074
2020-11-25,WMT,31.071413904168903,31.357799199229547,30.813500702123978
2020-11-27,AAPL,97.62623754171521,99.3446740454262,96.19239673824202
2020-11-27,AMGN,166.4092863683892,168.27639777123727,164.52708404974277
2020-11-27,CRM,236.2035387244056,240.1674815002277,232.96943589603353
2020-11-27,CSCO,23.401386360783683,23.62992191709061,23.20143997875731
2020-11-27,IBM,72.26889107121747,73.0933054557626,71.35740865558483
2020-11-27,INTC,40.685087344882874,41.21055327486317,40.302008201082096
2020-11-27,MSFT,183.04485616879643,185.3912836888277,180.97477582690578
2020-11-27,NKE,88.13099824125653,89.29182344863827,87.212763922846
2020-11-27,VZ,26.44685664133277,26.621217124507243,26.251416741987565
2020-11-27,WMT,31.015986004186672,31.305527147026222,30.764148895929008
2020-11-30,AAPL,96.81682455470968,98.52288237390415,95.40003836119693
2020-11-30,AMGN,165.74314758353813,167.62547701624104,163.88406634811957
2020-11-30,CRM,235.2617543443967,239.22336009052515,232.06544712245827
2020-11-30,CSCO,23.260241842582907,23.490472546627625,23.063644495625528
2020-11-30,IBM,72.10110765474732,72.93321007973125,71.20857823073452
2020-11-30,INTC,40.40088458127281,40.92653128034027,40.02526734470561
2020-11-30,MSFT,182.3572166490223,184.71387575346765,180.31148098112885
2020-11-30,NKE,87.85686800650927,89.01332809220177,86.94893109238171
2020-11-30,VZ,26.446073257265546,26.622743152208024,26.252737155722613
2020-11-30,WMT,30.96543038037186,31.256508585229277,30.716424644118483
2020-12-01,AAPL,95.84182540480843,97.58172602742567,94.46334433003105
2020-12-01,AMGN,165.103491440658,166.9281514716465,163.24974597923492
2020-12-01,CRM,234.21438116132484,238.24572064318914,231.03938660000827
2020-12-01,CSCO,23.13446139425124,23.357116646099126,22.9381865131613
2020-12-01,IBM,72.02252463395696,72.82995098539915,71.0707794567274
2020-12-01,INTC,40.14345037938807,40.667756760968096,39.76472760648222
2020-12-01,MSFT,181.64870099184478,183.9844491378101,179.60575261077673
2020-12-01,NKE,87.52928759804706,88.74667925097879,86.6316815793879
2020-12-01,VZ,26.45242863374839,26.625313568757846,26.257038940092425
2020-12-01,WMT,30.91065999673406,31.20387229469325,30.662078502035722
2020-12-02,AAPL,95.88955942170679,97.42901753017641,94.45510200430739
2020-12-02,AMGN,164.8459549297542,166.92945221425617,163.2594146011461
2020-12-02,CRM,232.74044610936528,237.5068153917906,229.299746528616
2020-12-02,CSCO,23.201938659626336,23.424072504820092,22.98267927201862
2020-12-02,IBM,72.1274143455315,72.95362991894726,71.45681882411894
2020-12-02,INTC,40.2898146382316,40.74389153640394,39.843805550619685
2020-12-02,MSFT,181.48431632558965,183.5625311291052,179.35405641624172
2020-12-02,NKE,87.76816210325083,88.6736859176584,86.87879743964493
2020-12-02,VZ,26.46476428260439,26.63295668756867,26.323080735027876
2020-12-02,WMT,30.91612041214808,31.21596370120792,30.66100045549222
2020-12-03,AAPL,96.29809254980978,97.74971387323326,94.79334868350568
2020-12-03,AMGN,164.91607991197216,166.8450513399102,163.3366097488598
2020-12-03,CRM,231.036032094195,235.8520770738644,227.76153180040004
2020-12-03,CSCO,23.299837951960907,23.53304989639466,23.075693859693008
2020-12-03,IBM,72.21373119910771,73.13555599562157,71.6233164809323
2020-12-03,INTC,40.547832779715904,41.02186804653943,40.07719476778698
2020-12-03,MSFT,181.59284677792093,183.56921381899264,179.45562096598988
2020-12-03,NKE,88.05823557156585,88.95417855581734,87.22994897220856
2020-12-03,VZ,26.4888891904809,26.65773899436599,26.351102777247636
2020-12-03,WMT,30.923940491932516,31.217109521977548,30.679003119436434
2020-12-04,AAPL,96.62080071324678,98.11983662472886,95.14353074221485
2020-12-04,AMGN,164.92184658124503,166.92018693096077,163.36207095887082
2020-12-04,CRM,229.48384031471016,234.27853182522523,226.22534549385563
2020-12-04,CSCO,23.394282015609335,23.62830380489417,23.173448757838536
2020-12-04,IBM,72.32168946885008,73.22402377927601,71.71362101149512
2020-12-04,INTC,40.784393664145725,41.26205489655711,40.32353199478146
2020-12-04,MSFT,181.66050676087744,183.6944076069911,179.54730551514078
2020-12-04,NKE,88.35487957266741,89.26920032951386,87.51641635617422
2020-12-04,VZ,26.513720651662428,26.685096083642897,26.37717062110917
2020-12-04,WMT,30.936996949656205,31.235896146193486,30.692301202581078
2020-12-07,AAPL,96.8718628662608,98.37747643444686,95.38971456264316
2020-12-07,AMGN,164.85077040660175,166.85305433214594,163.27280463503612
2020-12-07,CRM,227.92210659675607,232.64278087985974,224.6357449121164
2020-12-07,CSCO,23.480230129455638,23.711223275947507,23.256713498965155
2020-12-07,IBM,72.41966470283545,73.30258119769684,71.79225638374817
2020-12-07,INTC,40.996660452279656,41.46930842074384,40.53187363833855
2020-12-07,MSFT,181.65360617062345,183.6820117920726,179.52255879535969
2020-12-07,NKE,88.62811608432906,89.5378380158521,87.76777382653735
2020-12-07,VZ,26.533364694646814,26.70274331853071,26.39404110989961
2020-12-07,WMT,30.94493749247064,31.24201189772943,30.69589209727053
2020-12-08,AAPL,97.20114568047994,98.71137126943297,95.71744356284965
2020-12-08,AMGN,164.86485237455287,166.86592485031795,163.31090272589313
2020-12-08,CRM,226.4037256736782,231.14298699578998,223.19738898647194
2020-12-08,CSCO,23.57665637819394,23.813243964344075,23.35475470470256
2020-12-08,IBM,72.53135650168277,73.43802966921574,71.92326550579713
2020-12-08,INTC,41.238259537775455,41.72266709344133,40.77348219911484
2020-12-08,MSFT,181.7309458523734,183.77075586311722,179.62204723944703
2020-12-08,NKE,88.93192181172199,89.85488755382785,88.09099519741171
2020-12-08,VZ,26.559235288380073,26.731472360751397,26.423087326893683
2020-12-08,WMT,30.95943302796386,31.25929645504751,30.715420119193464
2020-12-09,AAPL,97.42032762934427,98.94188835060653,95.93479533470351
2020-12-09,AMGN,164.76495248791156,166.7782705433007,163.1868978322057
2020-12-09,CRM,224.88107869599085,229.5314752944887,221.62677344038948
2020-12-09,CSCO,23.660628452153084,23.892496460035115,23.435697274771535
2020-12-09,IBM,72.6310239385206,73.50795410869577,71.99455931053787
2020-12-09,INTC,41.442800297030885,41.919091032951876,40.9746604323039
2020-12-09,MSFT,181.70045657812145,183.73730388675565,179.56915012560165
2020-12-09,NKE,89.20240952784366,90.11891661100472,88.33085663804015
2020-12-09,VZ,26.577894566114058,26.747497146308177,26.437970428673925
2020-12-09,WMT,30.967111371380113,31.264916859732192,30.716986961950592
2020-12-10,AAPL,97.87858269402821,99.37388874116638,96.36846845868574
2020-12-10,AMGN,164.89673518558266,166.85680868990886,163.35263707331256
2020-12-10,CRM,223.33286862908565,228.04632609659998,220.22630020201748
2020-12-10,CSCO,23.769624832110914,24.01250403173106,23.54570902833554
2020-12-10,IBM,72.74270588890138,73.68568642791546,72.16199276741335
2020-12-10,INTC,41.72791882657015,42.225894010236765,41.252611588107165
2020-12-10,MSFT,181.88053350123005,183.8981833715234,179.77629172817868
2020-12-10,NKE,89.5320111724965,90.46119833295194,88.71056433335377
2020-12-10,VZ,26.609113205951427,26.782732973571175,26.474903799373358
2020-12-10,WMT,30.984442197233307,31.28366351624281,30.744719975758183
2020-12-11,AAPL,98.02517468607225,99.59908633779264,96.56317740193637
2020-12-11,AMGN,164.7426489092253,166.82450184904812,163.18507166680615
2020-12-11,CRM,221.96438887883525,226.5673010236273,218.74952931869632
2020-12-11,CSCO,23.85109748924094,24.084961982190418,23.628628280441248
2020-12-11,IBM,72.86422034457532,73.72627753468595,72.21142753117107
2020-12-11,INTC,41.914791511688684,42.3977708262605,41.454104516806375
2020-12-11,MSFT,181.81601083082555,183.91062193521364,179.708259103396
2020-12-11,NKE,89.81141012526777,90.74984469241204,88.92811838147905
2020-12-11,VZ,26.62874838518748,26.801077489496567,26.490048112681066
2020-12-11,WMT,30.99751914287525,31.301181474835698,30.747762200398046
2020-12-14,AAPL,98.38259992910214,99.89649374921756,96.8681694644069
2020-12-14,AMGN,164.76356609552818,166.7401454863491,163.19601290726214
2020-12-14,CRM,220.4295323320646,225.0258671144234,217.295677356474
2020-12-14,CSCO,23.948116472169144,24.187191655023195,23.720423772650385
2020-12-14,IBM,72.96483485191652,73.88142696153487,72.3558985490043
2020-12-14,INTC,42.165724905935335,42.658300671051116,41.685005008073
2020-12-14,MSFT,181.88982394697453,183.90793761375699,179.76351271816964
2020-12-14,NKE,90.1085801946079,91.03485232397918,89.25360328313961
2020-12-14,VZ,26.652820865997423,26.824036949459174,26.51471042467693
2020-12-14,WMT,31.008118552034627,31.305679412784738,30.762153777898433
2020-12-15,AAPL,98.64616545674134,100.2147878939335,97.1678653619673
2020-12-15,AMGN,164.72702492685755,166.78370719992748,163.1909984571496
2020-12-15,CRM,219.0704543082842,223.66571965189937,215.96378190290048
2020-12-15,CSCO,24.04332878309771,24.28457537558901,23.820595618658665
2020-12-15,IBM,73.09523921590315,73.99206218123733,72.46886936871329
2020-12-15,INTC,42.39500458915272,42.89380028560158,41.927966185232336
2020-12-15,MSFT,181.93479332978262,184.02396348711116,179.84398237908454
2020-12-15,NKE,90.42272858209361,91.37426553939825,89.56198050109712
2020-12-15,VZ,26.6794163438496,26.85439568828213,26.543839897493125
2020-12-15,WMT,31.02706968420114,31.332201749546456,30.782904158060457
2020-12-16,AAPL,98.94077883238579,100.51411420942448,97.45963950760579
2020-12-16,AMGN,164.7230194995736,166.77946880611682,163.19643071243746
2020-12-16,CRM,217.7335044328805,222.3193009859344,214.66767298626013
2020-12-16,CSCO,24.14297142885245,24.387048241520056,23.920375822357094
2020-12-16,IBM,73.23147351640496,74.13878329153853,72.61189574385699
2020-12-16,INTC,42.63687808793578,43.14216771618557,42.16835619673215
2020-12-16,MSFT,182.01255155776752,184.10706001375394,179.93014015428568
2020-12-16,NKE,90.74968065314103,91.70873400668803,89.8945637933789
2020-12-16,VZ,26.708496315234584,26.884751263252905,26.574061201891553
2020-12-16,WMT,31.048592494853754,31.355035998024967,30.806246814696355
2020-12-17,AAPL,99.2744662906784,100.84831274650948,97.78566854743032
2020-12-17,AMGN,164.75267026882344,166.80174112280142,163.22999968828339
2020-12-17,CRM,216.40025872304403,220.96984131098972,213.3703504888179
2020-12-17,CSCO,24.246656960855802,24.493126241047232,24.02338381428375
2020-12-17,IBM,73.36955420549445,74.28884335573252,72.75757502815745
2020-12-17,INTC,42.89266949553955,43.40363468506538,42.42064767210118
2020-12-17,MSFT,182.12091955996354,184.21325216191235,180.0411958705626
2020-12-17,NKE,91.08549452752291,92.04904554641729,90.23463313698535
2020-12-17,VZ,26.73936916984292,26.916347302470733,26.60552241006063
2020-12-17,WMT,31.071285397727447,31.378119273113455,30.830148917753892
2020-12-18,AAPL,99.5782069108604,101.14119364931888,98.06976032985541
2020-12-18,AMGN,164.73957262268317,166.764196942367,163.19141161811484
2020-12-18,CRM,215.00185053914797,219.50186152905553,211.95069931975138
2020-12-18,CSCO,24.34408932807003,24.587931201673427,24.11625549515253
2020-12-18,IBM,73.489076007857,74.39930005481844,72.86596761309632
2020-12-18,INTC,43.13541587839835,43.64165131815781,42.653635549916196
2020-12-18,MSFT,182.1785364146262,184.24241283012316,180.07101548431842
2020-12-18,NKE,91.39708002732151,92.35016402481538,90.52847279692803
2020-12-18,VZ,26.765161834934236,26.939321776751658,26.628136458254968
2020-12-18,WMT,31.087052602615195,31.389875244450774,30.84171506867464
2020-12-21,AAPL,99.9044477547643,101.445034698064,98.36852940000041
2020-12-21,AMGN,164.73098116237372,166.71241367258105,163.1609921262608
2020-12-21,CRM,213.51851116293784,217.9621723166961,210.46959591869157
2020-12-21,CSCO,24.440106001217313,24.6830558312917,24.207565674854003
2020-12-21,IBM,73.58957169206175,74.50454861297573,72.96753671680963
2020-12-21,INTC,43.382286173431034,43.887025824847576,42.88825840433327
2020-12-21,MSFT,182.2269065360636,184.2514264105255,180.09400521373988
2020-12-21,NKE,91.69379825470128,92.63588283086924,90.81775881667765
2020-12-21,VZ,26.788012292822508,26.95973701177963,26.64867484380797
2020-12-21,WMT,31.096926194273543,31.39525309299012,30.84921400606769
2020-12-22,AAPL,100.04757484774778,101.64372993944122,98.54595871828998
2020-12-22,AMGN,164.56083069794295,166.62456408080968,162.99068930160678
2020-12-22,CRM,212.16708724933093,216.54601638041902,209.07445481294815
2020-12-22,CSCO,24.520821230922607,24.75940898534897,24.289998828783
2020-12-22,IBM,73.70175645658746,74.57061601589956,73.03800925931519
2020-12-22,INTC,43.571554142347395,44.06972230036122,43.088293922960005
2020-12-22,MSFT,182.1401117633772,184.22060943611532,180.01350120143059
2020-12-22,NKE,91.96650097139091,92.91943969064272,91.0549892844054
2020-12-22,VZ,26.805175582199627,26.976999581588682,26.66390903872264
2020-12-22,WMT,31.106175035858442,31.408492988531627,30.853441766523073
2020-12-23,AAPL,100.43817028549321,101.98675609346843,98.89669659781309
2020-12-23,AMGN,164.61726158253748,166.5965710563487,163.0660366567773
2020-12-23,CRM,210.7254591841628,215.1454349236223,207.756792749484
2020-12-23,CSCO,24.625526260042918,24.873929496350232,24.39315030774337
2020-12-23,IBM,73.81262714744547,74.74795040243413,73.20454451141549
2020-12-23,INTC,43.84394708689975,44.36114166459544,43.34678412484307
2020-12-23,MSFT,182.25233987961326,184.28482222551804,180.1360719633747
2020-12-23,NKE,92.2879009881974,93.24374461201215,91.4236180602847
2020-12-23,VZ,26.83271678968681,27.00672375893229,26.695612234379805
2020-12-23,WMT,31.120883846797135,31.42137950420902,30.876822209988187
2020-12-24,AAPL,100.7476122438599,102.33665388017693,99.22801966749886
2020-12-24,AMGN,164.61058852645627,166.64553821537828,163.0714259778965
2020-12-24,CRM,209.39044226255552,213.78334976722203,206.42774106269042
2020-12-24,CSCO,24.725778792581803,24.9743416092716,24.495576131758767
2020-12-24,IBM,73.93893258183881,74.85577566856945,73.3132388995723
2020-12-24,INTC,44.0938792588293,44.61323324312001,43.60427353909928
2020-12-24,MSFT,182.31903893265124,184.39631747278563,180.21805918433867
2020-12-24,NKE,92.61039277678485,93.58080328734061,91.73344597955418
2020-12-24,VZ,26.85983408133647,27.03548313805918,26.723179234312767
2020-12-24,WMT,31.13878225511504,31.44351360350868,30.894069352829586
2020-12-28,AAPL,101.03621534395593,102.57642016120789,99.46500376417359
2020-12-28,AMGN,164.54356761297075,166.4956349982743,162.94231473683007
2020-12-28,CRM,207.86234275944,212.13708137083012,204.84241207794014
2020-12-28,CSCO,24.814229701167516,25.055968369015222,24.573534043303354
2020-12-28,IBM,74.01665404382446,74.92313006966425,73.37753583841291
2020-12-28,INTC,44.326451221738125,44.831990394694046,43.81293022371631
2020-12-28,MSFT,182.29958277180688,184.2901773143437,180.1318030304357
2020-12-28,NKE,92.87677890087409,93.81334667771598,91.96898765963898
2020-12-28,VZ,26.87608781808292,27.044591792806383,26.732274430296343
2020-12-28,WMT,31.139678307516444,31.433333360311796,30.886186707322864
2020-12-29,AAPL,101.26778899510738,102.85455586573586,99.72769929726158
2020-12-29,AMGN,164.44799510610116,166.46534240841,162.87711194952365
2020-12-29,CRM,206.4803580034058,210.7554901864577,203.49694332410033
2020-12-29,CSCO,24.903324360076393,25.147832702862605,24.667266257965924
2020-12-29,IBM,74.1217998935484,75.01781417228197,73.47325846655482
2020-12-29,INTC,44.54776556109172,45.06073853491745,44.046289979855146
2020-12-29,MSFT,182.27407020656352,184.32447573551644,180.1405417315795
2020-12-29,NKE,93.1627767263233,94.12256421253358,92.25419826798124
2020-12-29,VZ,26.895623695702426,27.067730872621265,26.754471987721928
2020-12-29,WMT,31.148518829232167,31.448878743614884,30.897458767246533
2020-12-30,AAPL,101.50011604007332,103.10487125089891,99.96867988027897
2020-12-30,AMGN,164.36165056647778,166.3999389250807,162.80573119515918
2020-12-30,CRM,205.15680911560915,209.4226528216438,202.20816837026072
2020-12-30,CSCO,24.99503282171772,25.242037034068975,24.760394681992818
2020-12-30,IBM,74.2385487225209,75.13715466615125,73.59069586230433
2020-12-30,INTC,44.77272103542503,45.29176810789371,44.27409085915949
2020-12-30,MSFT,182.26402364551413,184.33604496568822,180.14592614024374
2020-12-30,NKE,93.46188048017846,94.43339326043922,92.55584654461657
2020-12-30,VZ,26.917449227528433,27.091335615531854,26.77772838959007
2020-12-30,WMT,31.161197368658986,31.464324068285453,30.911866605717833
2020-12-31,AAPL,101.86383325508487,103.44432945486687,100.30746614500401
2020-12-31,AMGN,164.39115679987165,166.38312124562214,162.84278194739196
2020-12-31,CRM,203.78570157992155,208.0555175218163,200.90577463778885
2020-12-31,CSCO,25.099227262167677,25.35163523570021,24.86297261863648
2020-12-31,IBM,74.3530113864144,75.28701285829507,73.73355991248229
2020-12-31,INTC,45.04237981306577,45.572449677894376,44.534220435882595
2020-12-31,MSFT,182.3546046097648,184.3991892514956,180.23915707445988
2020-12-31,NKE,93.78511957152564,94.75845714677884,92.90155020228433
2020-12-31,VZ,26.944314029317933,27.119163898092054,26.80644078069383
2020-12-31,WMT,31.176103703182406,31.47797555042263,30.930907923656093
2021-01-04,AAPL,101.1266618973032,102.71456567964827,100.41175000509077
2021-01-04,AMGN,166.448376687518,166.72553188725956,163.57032601984292
2021-01-04,CRM,204.01401348716365,204.31258306633248,201.91051557525202
2021-01-04,CSCO,25.26237875459628,25.319114069206627,24.935166548849867
2021-01-04,IBM,75.3042531487173,75.40999788210209,74.1893109804909
2021-01-04,INTC,46.0549822118704,46.40981380115043,45.049790209356004
2021-01-04,MSFT,183.04237591809778,183.56543721993427,180.82941791496728
2021-01-04,NKE,93.75334784083063,93.9874718987728,93.04837815513336
2021-01-04,VZ,27.23505626879212,27.262931853765714,26.90148129662158
2021-01-04,WMT,31.180324771946154,31.212174130831148,30.905549325753203
2021-01-05,AAPL,100.53260445598332,102.18530730883563,99.89258044066406
2021-01-05,AMGN,168.72992410695377,169.12408874500022,165.9291273342072
2021-01-05,CRM,204.5620775355167,205.03770448622436,202.62900573192454
2021-01-05,CSCO,25.45833792785917,25.532953548699805,25.14581995842822
2021-01-05,IBM,76.35751933846515,76.51214456600539,75.27345586676607
2021-01-05,INTC,47.16197045832118,47.56358593949451,46.16753794349423
2021-01-05,MSFT,183.9645578047635,184.6244753477143,181.86357324424336
2021-01-05,NKE,93.84157149250939,94.14038549864044,93.20612279090689
2021-01-05,VZ,27.552701004404334,27.594775774678617,27.229516050818024
2021-01-05,WMT,31.21582285996712,31.264929816104015,30.959498126617888
2021-01-06,AAPL,99.02888639409854,100.1691049559463,97.93330015954608
2021-01-06,AMGN,169.6998089484681,169.6998089484681,166.0988106952068
2021-01-06,CRM,202.977241526385,202.977241526385,199.89255477181598
2021-01-06,CSCO,25.44243767134661,25.44243767134661,25.015068925321255
2021-01-06,IBM,76.81775988554014,76.81775988554014,75.4147459807796
2021-01-06,INTC,47.806776068387265,47.95490804270926,46.56232287955203
2021-01-06,MSFT,183.33761586128648,183.33761586128648,180.4240925674875
2021-01-06,NKE,93.1289310303377,93.1289310303377,92.03309560667334
2021-01-06,VZ,27.7135210758452,27.7135210758452,27.292449874866847
2021-01-06,WMT,31.042373741118784,31.042373741118784,30.662795631618287
2021-01-07,AAPL,98.35546560870024,99.92309422216915,97.68230708532299
2021-01-07,AMGN,171.8883330326488,172.21150910065876,168.95432572614763
2021-01-07,CRM,203.30651778357722,203.66017936464863,201.2664000780374
2021-01-07,CSCO,25.618067526243756,25.68122529327348,25.2918054824961
2021-01-07,IBM,77.82990854654668,77.9546831526192,76.69275392236429
2021-01-07,INTC,48.90534480401087,49.29484852539606,47.8495479777552
2021-01-07,MSFT,184.1034995330773,184.672634626494,181.91720171475416
2021-01-07,NKE,93.13557744439217,93.38866179845442,92.45757508199578
2021-01-07,VZ,28.020313031990106,28.053514433874494,27.681774672373294
2021-01-07,WMT,31.056556672699685,31.09377124359031,30.788854729770623
2021-01-08,AAPL,97.62106629679714,99.14175813864357,96.91933933590825
2021-01-08,AMGN,174.00473150812806,174.27474110558333,170.97569423447274
2021-01-08,CRM,203.48059884148037,203.74875240762182,201.35301768566558
2021-01-08,CSCO,25.779158224171656,25.834068888679298,25.442304414384036
2021-01-08,IBM,78.80995583204256,78.91235523007781,77.63500368737652
2021-01-08,INTC,49.9919489370314,50.370260284922495,48.894578450602914
2021-01-08,MSFT,184.75850724990798,185.26368808220516,182.50391359138303
2021-01-08,NKE,93.08390426207369,93.3055470487889,92.3722058109079
2021-01-08,VZ,28.318535660362862,28.345110956841918,27.96921023251716
2021-01-08,WMT,31.055502021309668,31.084329124996287,30.778672826558093
2021-01-11,AAPL,96.92456592004781,98.45184004257648,96.2444662523635
2021-01-11,AMGN,176.1978056044492,176.5000536642886,173.1603120080187
2021-01-11,CRM,203.7324610031074,204.0437621435306,201.6450084439094
2021-01-11,CSCO,25.94915813555872,26.008767169144956,25.614366418373386
2021-01-11,IBM,79.82526544479705,79.94107080717063,78.64702656909692
2021-01-11,INTC,51.12164579063154,51.51861942198121,50.008707096813005
2021-01-11,MSFT,185.47287818803653,186.01301885893093,183.23983739480616
2021-01-11,NKE,93.06129859143637,93.29848253559301,92.36674681919662
2021-01-11,VZ,28.625957771487098,28.65633709002492,28.276458704680064
2021-01-11,WMT,31.062041887686846,31.095054739988576,30.789707857527063
2021-01-12,AAPL,96.21503890556491,97.72145922882788,95.53069375582562
2021-01-12,AMGN,178.3898648976495,178.6795514487858,175.29775906556003
2021-01-12,CRM,203.94116658365115,204.22882764563565,201.82764268728525
2021-01-12,CSCO,26.115834607154536,26.17338689595941,25.776482269898725
2021-01-12,IBM,80.84067359353955,80.95110902306664,79.64073776714942
2021-01-12,INTC,52.266036593459454,52.66611636842402,51.12290779515638
2021-01-12,MSFT,186.15799872279555,186.6816151151821,183.89972286634583
2021-01-12,NKE,93.02246541513941,93.25083608895426,92.31871791724062
2021-01-12,VZ,28.93331188165829,28.962030820628684,28.578015504535184
2021-01-12,WMT,31.064335834912303,31.095014178692782,30.78943573220994
2021-01-13,AAPL,95.45229281875689,96.91538895507101,94.74344765488598
2021-01-13,AMGN,180.51433473252237,180.7534563673332,177.3297265424336
2021-01-13,CRM,204.0078006042844,204.21718585595647,201.815288432497
2021-01-13,CSCO,26.26895315081294,26.318818412202987,25.91968307322286
2021-01-13,IBM,81.82600829822825,81.9151391456245,80.58923597762379
2021-01-13,INTC,53.39982838534813,53.78927505114505,52.21427120231593
2021-01-13,MSFT,186.74058236326468,187.20508696431585,184.4195143338835
2021-01-13,NKE,92.93058481180472,93.13026192398112,92.19654404205268
2021-01-13,VZ,29.23271057848248,29.255162524859774,28.866981190351467
2021-01-13,WMT,31.052738073268358,31.075764294636116,30.769617681175152
2021-01-14,AAPL,94.79930912591881,96.30816444138523,94.14849475407058
2021-01-14,AMGN,182.8358828473225,183.175967638092,179.71122362733206
2021-01-14,CRM,204.32922276042208,204.67938860794914,202.27357828998487
2021-01-14,CSCO,26.449301861244148,26.51396601488959,26.111917943542597
2021-01-14,IBM,82.90122890115018,83.03259295575398,81.68846698518118
2021-01-14,INTC,54.62443817316765,55.0581646874731,53.44396469901038
2021-01-14,MSFT,187.5136152852807,188.08919436452788,185.28306812219313
2021-01-14,NKE,92.93366020710008,93.18428337958628,92.25504778914211
2021-01-14,VZ,29.555557125993,29.59013245899825,29.19801179023629
2021-01-14,WMT,31.065994242845125,31.10270691750516,30.797652336871607
2021-01-15,AAPL,94.1452295525977,95.64068819377428,93.49605646246522
2021-01-15,AMGN,185.17790070037915,185.51699773057027,182.0077061056502
2021-01-15,CRM,204.63735771334248,204.98046786042124,202.57103534677506
2021-01-15,CSCO,26.629457820587902,26.693777753195775,26.288999951475326
2021-01-15,IBM,83.98631768967549,84.11715762438551,82.75548350055729
2021-01-15,INTC,55.8734755423675,56.3151695480397,54.664228699620836
2021-01-15,MSFT,188.27962133089608,188.85164231670984,186.03453682456595
2021-01-15,NKE,92.93161732354656,93.17948852748182,92.25002842891558
2021-01-15,VZ,29.8808590120285,29.915167142709194,29.518711711794094
2021-01-15,WMT,31.077914875331288,31.113904089084997,30.808665823004514
2021-01-19,AAPL,93.48322457927154,94.96148201731368,92.83224093594228
2021-01-19,AMGN,187.52849363540105,187.859685739394,184.30547180898583
2021-01-19,CRM,204.9148821046249,205.24133420711905,202.82864365978907
2021-01-19,CSCO,26.807594276348645,26.870563073967126,26.46309894405235
2021-01-19,IBM,85.07589061591311,85.20330541466068,83.82406423130331
2021-01-19,INTC,57.14264789471401,57.589879630395934,55.90182734733744
2021-01-19,MSFT,189.02563328861328,189.5865447945005,186.75938268941468
2021-01-19,NKE,92.91803624026355,93.15967978978496,92.22980682958499
2021-01-19,VZ,30.20721253656512,30.240419959986127,29.839591321469975
2021-01-19,WMT,31.086815531231224,31.121150872657367,30.815676950781548
2021-01-20,AAPL,92.78951761091668,94.237269221628,92.12473459964778
2021-01-20,AMGN,189.84505299918425,190.14396539001584,186.54472355508753
2021-01-20,CRM,205.10118691531184,205.37747762033771,202.9626467736466
2021-01-20,CSCO,26.977305386102948,27.035395748310737,26.625414854450337
2021-01-20,IBM,86.1506182969359,86.26437079363345,84.8680059134818
2021-01-20,INTC,58.4152846005797,58.85894736294873,57.134479651343746
2021-01-20,MSFT,189.70626071322255,190.22966959910502,187.39559499451076
2021-01-20,NKE,92.87051186511412,93.09381316315893,92.16280140756672
2021-01-20,VZ,30.529604359219302,30.558776028737412,30.15354088544126
2021-01-20,WMT,31.086816197034842,31.11625416488398,30.81034162947643
2021-01-21,AAPL,92.16679247783436,93.64023042120837,91.54022977554233
2021-01-21,AMGN,192.30819644787448,192.67820857725079,189.03433910078766
2021-01-21,CRM,205.45490230916113,205.82388490182245,203.40479587360386
2021-01-21,CSCO,27.16574758273389,27.233938668927387,26.82097773669667
2021-01-21,IBM,87.29245839879137,87.43594860178484,86.02052520306661
2021-01-21,INTC,59.763571566246284,60.24272680795373,58.47625569003197
2021-01-21,MSFT,190.5144597963545,191.1125086845789,188.2603697448651
2021-01-21,NKE,92.88491377765772,93.14149269398803,92.21328085531617
2021-01-21,VZ,30.869313337410286,30.90690737852742,30.497400350796088
2021-01-21,WMT,31.10305903969895,31.14145206861451,30.83617925500307
2021-01-22,AAPL,91.46937221288997,92.88927954179658,90.8071373716946
2021-01-22,AMGN,194.6591576928031,194.95161407408588,191.26067113230133
2021-01-22,CRM,205.60716439836654,205.8651029149626,203.44433416357987
2021-01-22,CSCO,27.334059772782734,27.390906205499427,26.975528004424998
2021-01-22,IBM,88.38400231058948,88.49480832771285,87.06235820920718
2021-01-22,INTC,61.08460046554475,61.54321330942106,59.74040900626183
2021-01-22,MSFT,191.17454010972006,191.68701312481423,188.83224481219946
2021-01-22,NKE,92.82463942291349,93.04097814049588,92.10982007001216
2021-01-22,VZ,31.19587799618676,31.223998476339585,30.80987007364137
2021-01-22,WMT,31.09970835794355,31.127314699748773,30.821110670834003
2021-01-25,AAPL,90.7839758974596,92.19686549029174,90.13015849958695
2021-01-25,AMGN,197.0514251257804,197.3546299665021,193.61855107500082
2021-01-25,CRM,205.77698043149533,206.04472436017056,203.62195117568157
2021-01-25,CSCO,27.50527459117309,27.563496495795953,27.145504948890533
2021-01-25,IBM,89.49490559454732,89.61011120010384,88.15959768494824
2021-01-25,INTC,62.43996987621814,62.91149928404823,61.06845610691685
2021-01-25,MSFT,191.85001604556797,192.3718743490813,189.50639683329325
2021-01-25,NKE,92.77083422015798,92.99049605489819,92.06018467107415
2021-01-25,VZ,31.52737087096049,31.55664973519068,31.138145844913765
2021-01-25,WMT,31.09804697000403,31.126580554440753,30.820476201315696
2021-01-26,AAPL,90.15070375726296,91.57900580414255,89.52554063850998
2021-01-26,AMGN,199.56243084068285,199.9204003389153,196.1382767129184
2021-01-26,CRM,206.0693240040422,206.40493868725025,203.9786475450944
2021-01-26,CSCO,27.69069459611147,27.756520339911923,27.335623743953963
2021-01-26,IBM,90.6603436398334,90.79844331292001,89.3286226506171
2021-01-26,INTC,63.862303338706404,64.36426348143164,62.4775193228355
2021-01-26,MSFT,192.62018784239262,193.19756193774924,190.31615716097366
2021-01-26,NKE,92.7621715774421,93.00603853443096,92.07795760625287
2021-01-26,VZ,31.872841644766183,31.908541982139116,31.4856310016119
2021-01-26,WMT,31.108239533095727,31.14330646955339,30.83768514877193
2021-01-27,AAPL,89.5152708844284,90.9299727569506,88.89114436652018
2021-01-27,AMGN,202.0926892679425,202.44794535389872,198.6176414898998
2021-01-27,CRM,206.34479091906653,206.67133870848264,204.24181713876132
2021-01-27,CSCO,27.87550211176051,27.940745191172677,27.517051156928947
2021-01-27,IBM,91.83516450867818,91.97200174100182,90.4831964544213
2021-01-27,INTC,65.31171926193672,65.82223612032493,63.89291853561271
2021-01-27,MSFT,193.3803857690345,193.95248623053294,191.06033093284844
2021-01-27,NKE,92.7471575440982,92.9875747318201,92.05934054933405
2021-01-27,VZ,32.22060881334088,32.25582982204027,31.828279039377275
2021-01-27,WMT,31.11676556092735,31.15092367529083,30.84513546627937
2021-01-28,AAPL,88.8756505682465,90.2755810993028,88.25153899808592
2021-01-28,AMGN,204.6378822099616,204.98783383280897,201.10899281825294
2021-01-28,CRM,206.5976806974344,206.91196374208536,204.47947119092325
2021-01-28,CSCO,28.059051221063328,28.123356110052832,27.69688930963241
2021-01-28,IBM,93.01742190582516,93.15191295566665,91.64401770884848
2021-01-28,INTC,66.78681135226611,67.30500465127392,65.33244680789686
2021-01-28,MSFT,194.1261800234811,194.6904105701316,191.78793916657517
2021-01-28,NKE,92.72370059224586,92.95952438155723,92.0311252450212
2021-01-28,VZ,32.570171214179716,32.60460794794978,32.17238439459928
2021-01-28,WMT,31.123072995314523,31.156015494301123,30.85005740325728
2021-01-29,AAPL,88.14888326022238,89.48810049990475,87.48289750145811
2021-01-29,AMGN,207.0301510532105,207.27889531794955,203.3514705444733
2021-01-29,CRM,206.60588252288656,206.78525838443161,204.35281172722313
2021-01-29,CSCO,28.217095845006515,28.267110243859985,27.838417603497874
2021-01-29,IBM,94.13081689854285,94.22262323320807,92.69754346935248
2021-01-29,INTC,68.2165522628528,68.70390116985412,66.6927713978291
2021-01-29,MSFT,194.6886111717963,195.146810221716,192.24483835735012
2021-01-29,NKE,92.61034963405818,92.79765801005803,91.86612520996187
2021-01-29,VZ,32.90198815144415,32.924216662697965,32.48722184688591
2021-01-29,WMT,31.105725579374184,31.125640487074747,30.81868988749609
2021-02-01,AAPL,87.51331943849164,88.88872147584071,86.89584807469899
2021-02-01,AMGN,209.6257829040683,209.97758245821123,206.00399316962313
2021-02-01,CRM,206.84372711610212,207.1499056767627,204.71453974697792
2021-02-01,CSCO,28.401211212806608,28.46537446503072,28.03371880231231
2021-02-01,IBM,95.33729010891793,95.47232023746658,93.92687640255771
2021-02-01,INTC,69.75220856422867,70.29071895198354,68.23081660718988
2021-02-01,MSFT,195.42773292489005,195.98896357002883,193.06759592301265
2021-02-01,NKE,92.58130099792258,92.81373676228412,91.88649633604493
2021-02-01,VZ,33.25757770639438,33.29194482510529,32.85057567337027
2021-02-01,WMT,31.11054947065507,31.142663403974623,30.83675445341654
2021-02-02,AAPL,86.90360650841635,88.28086372202715,86.3013427645526
2021-02-02,AMGN,212.2985853884702,212.6802929635263,208.65681991655657
2021-02-02,CRM,207.13960706091248,207.47808115130798,205.03918847986603
2021-02-02,CSCO,28.592894273929733,28.660987176193757,28.22637566245215
2021-02-02,IBM,96.57952033508093,96.72701127634498,95.16122010125659
2021-02-02,INTC,71.34178689481374,71.90289780645135,69.79514916873711
2021-02-02,MSFT,196.21381331894474,196.80285464619138,193.86761785210282
2021-02-02,NKE,92.57339767192909,92.81716607277689,91.89100879282442
2021-02-02,VZ,33.62218907283031,33.65995461685578,33.2138352023728
2021-02-02,WMT,31.120941466779648,31.156130256760875,30.85039353404839
2021-02-03,AAPL,87.49535841170257,88.37289988290352,87.270219533016
2021-02-03,AMGN,212.43726234713694,213.7759936537877,209.22812999621408
2021-02-03,CRM,212.4576709908883,214.10829801091026,209.96200613567555
2021-02-03,CSCO,28.8760483014769,28.9521317705382,28.630744615458585
2021-02-03,IBM,95.73678605880365,97.00780158004687,95.62877573995316
2021-02-03,INTC,73.02837105271958,73.40115709281164,71.63674117130694
2021-02-03,MSFT,196.18395190792828,198.5269189415394,195.5576668302921
2021-02-03,NKE,95.26185500131396,95.46852311039798,93.34781668388901
2021-02-03,VZ,33.7684328275036,34.189456876654084,33.56999556166481
2021-02-03,WMT,31.46693017460173,31.781406726197975,31.176105518615486
2021-02-04,AAPL,88.21203264313817,89.16144259510205,88.04735514019531
2021-02-04,AMGN,212.82651429573002,214.31116006610193,209.7590294311628
2021-02-04,CRM,218.2531355036702,220.13802812463882,215.87698621426642
2021-02-04,CSCO,29.198417715947503,29.295361482001876,28.970228116899357
2021-02-04,IBM,95.01321345508416,96.33430553280617,94.96465021655814
2021-02-04,INTC,74.86852222759421,75.31127260592517,73.49741563730909
2021-02-04,MSFT,196.40159110345394,198.89175325366884,195.90723608772103
2021-02-04,NKE,98.15389196961029,98.43424812150202,96.25422624261626
2021-02-04,VZ,33.94459155337133,34.385100243038536,33.7628261257794
2021-02-04,WMT,31.84867703016851,32.18469659783007,31.573459379811073
2021-02-05,AAPL,88.12199686579679,88.63882373144143,87.54170587974713
2021-02-05,AMGN,211.54242562893117,212.06542101475915,207.5138288188638
2021-02-05,CRM,221.8735728947758,222.5051468358888,218.1846725963696
2021-02-05,CSCO,29.27883272052085,29.27883272052085,28.917021361749537
2021-02-05,IBM,93.55493397669301,94.46308855824334,93.12134940669844
2021-02-05,INTC,75.97820821852106,76.01699667655089,74.20996105619159
2021-02-05,MSFT,194.9671646215461,196.4803246972587,193.59685911454264
2021-02-05,NKE,100.27136946515424,100.27136946515424,97.83617862417566
2021-02-05,VZ,33.92516054093138,34.24993428227088,33.62522421287216
2021-02-05,WMT,32.01949305288861,32.238196628749655,31.614251420374128
2021-02-08,AAPL,88.76106098735136,89.67215277560318,88.55275588750976
2021-02-08,AMGN,211.76053010824276,213.14074788132177,208.60866598588674
2021-02-08,CRM,227.68398257785194,229.51616349333688,225.07218324696936
2021-02-08,CSCO,29.580612368935558,29.665049160445623,29.335768435055872
2021-02-08,IBM,92.77360578617923,94.0239576044841,92.68728730386994
2021-02-08,INTC,77.81229702981587,78.22967475995723,76.34802069304507
2021-02-08,MSFT,195.01631597867222,197.39134730861136,194.4359591066333
2021-02-08,NKE,103.22572623646411,103.47239298883837,101.1761024549611
2021-02-08,VZ,34.082148691753176,34.51264765115173,33.88756587789932
2021-02-08,WMT,32.38587991584466,32.71531826678982,32.09279778012125
2021-02-09,AAPL,89.3447593676605,90.22977875872336,89.10419830882044
2021-02-09,AMGN,211.85668177973483,213.1676289179824,208.63150706062225
2021-02-09,CRM,233.46786702504582,235.24751601305982,230.69151570343888
2021-02-09,CSCO,29.867253190538207,29.942489680513237,29.610097212232603
2021-02-09,IBM,91.94579226926301,93.15671886134676,91.83247239110713
2021-02-09,INTC,79.63138907258826,80.02699169879104,78.10394183441772
2021-02-09,MSFT,194.94511863795128,197.24903689825433,194.3005418035018
2021-02-09,NKE,106.20059380943157,106.41867125348492,104.05352135906529
2021-02-09,VZ,34.22540206965535,34.64917884993686,34.021262946978865
2021-02-09,WMT,32.74038871771883,33.064512745003896,32.434470245940005
2021-02-10,AAPL,89.96238393938341,90.86960962567085,89.73565704673294
2021-02-10,AMGN,212.0137809881247,213.36055496000463,208.82205863252804
2021-02-10,CRM,239.4899511104282,241.36614832235833,236.69217735179373
2021-02-10,CSCO,30.165850764640616,30.246881537581142,29.9111264184747
2021-02-10,IBM,91.15153869834256,92.36596946063206,91.0529166655532
2021-02-10,INTC,81.52322999146625,81.94431852261971,79.97425762494161
2021-02-10,MSFT,194.93388292164428,197.27267033841198,194.32144890099616
2021-02-10,NKE,109.29529386581261,109.53803178790533,107.10533690073576
2021-02-10,VZ,34.376493143341214,34.806410547147806,34.175826338612225
2021-02-10,WMT,33.10687149060848,33.43911845044369,32.802380229874025
2021-02-11,AAPL,90.56733818195073,91.47160985551201,90.33036460616351
2021-02-11,AMGN,212.1369209042117,213.4649785289514,208.9232938486923
2021-02-11,CRM,245.6150144566271,247.51016069654366,242.71690572448986
2021-02-11,CSCO,30.462249393496965,30.54122976078344,30.202198075706963
2021-02-11,IBM,90.34963755187292,91.54564610536602,90.24428064311762
2021-02-11,INTC,83.44271831179071,83.86451658313237,81.84882680212803
2021-02-11,MSFT,194.88913547085824,197.20782281696813,194.25889760963818
2021-02-11,NKE,112.46055008302295,112.69978698281913,110.19584856862096
2021-02-11,VZ,34.52418793477683,34.953554954398186,34.32020335761296
2021-02-11,WMT,33.472880167809365,33.80625953686393,33.16228040784719
2021-02-12,AAPL,91.12059804021945,92.0006035481171,90.8534802840436
2021-02-12,AMGN,212.14864812912182,213.41300488973738,208.86926196334485
2021-02-12,CRM,251.721164591999,253.56611783496587,248.65453766139584
2021-02-12,CSCO,30.74443957880894,30.81475646021206,30.47265847716291
2021-02-12,IBM,89.5077651911451,90.66755872239656,89.37875670819118
2021-02-12,INTC,85.34951512487018,85.750165168157,83.6909408615483
2021-02-12,MSFT,194.73483353617073,196.98776045522757,194.04646027387685
2021-02-12,NKE,115.6514373696604,115.86204614617681,113.28440217722651
2021-02-12,VZ,34.65917258393548,35.082346724802036,34.446328159202245
2021-02-12,WMT,33.8278020330734,34.156318188386926,33.50484605546623
2021-02-16,AAPL,91.77764673282299,92.71768780543914,91.56032215889273
2021-02-16,AMGN,212.3598938352731,213.73973297275768,209.1946999007279
2021-02-16,CRM,258.3011654738372,260.373016628152,255.33150977802282
2021-02-16,CSCO,31.060166993776882,31.148189962303363,30.80244423764774
2021-02-16,IBM,88.7571146692202,89.9516660722894,88.67289297133944
2021-02-16,INTC,87.4058473903657,87.87256548959365,85.75909531232362
2021-02-16,MSFT,194.77659158744018,197.14441033957252,194.1930107399408
2021-02-16,NKE,119.05439472677192,119.33643971416994,116.68785110343434
2021-02-16,VZ,34.81865878730608,35.25793044580207,34.61932769971685
2021-02-16,WMT,34.21385576130034,34.561318465139536,33.90361565677833
2021-02-17,AAPL,92.43397213117093,93.37781930274626,92.21228373637258
2021-02-17,AMGN,212.56057360152414,213.9355520430784,209.38605118955212
2021-02-17,CRM,265.03531392055396,267.15129375225547,261.97843342085747
2021-02-17,CSCO,31.37745050653679,31.46544719058914,31.11617707703848
2021-02-17,IBM,88.0082946506008,89.1903885794978,87.92244748720286
2021-02-17,INTC,89.50586816344497,89.98068493850408,87.81669259157967
2021-02-17,MSFT,194.80777266737482,197.16979916092407,194.21843758460798
2021-02-17,NKE,122.5507279790637,122.83743244302597,120.11078920357052
2021-02-17,VZ,34.977579095244494,35.4180886320257,34.776552753405866
2021-02-17,WMT,34.602821180248974,34.95340555625223,34.28815937133425
2021-02-18,AAPL,93.08260616470028,94.02645672902014,92.85298533653322
2021-02-18,AMGN,212.73713770121321,214.09934329028508,209.5456696764302
2021-02-18,CRM,271.9037956273284,274.0517471272995,268.7450195022363
2021-02-18,CSCO,31.694136654534418,31.78091444729878,31.42813614269593
2021-02-18,IBM,87.25582468568327,88.42249551564741,87.16548682087158
2021-02-18,INTC,91.64283232625719,92.12179456583533,89.90672501657869
2021-02-18,MSFT,194.81512658277217,197.16333128663925,194.21300964104
2021-02-18,NKE,126.13407622408681,126.42076132552485,123.61376068359142
2021-02-18,VZ,35.13428340426244,35.57503080670626,34.93057872929006
2021-02-18,WMT,34.99280387368638,35.34544934801965,34.6725565575778
2021-02-19,AAPL,93.69907881066564,94.6295624709738,93.4490394540269
2021-02-19,AMGN,212.84223920757728,214.1641512481074,209.607066540063
2021-02-19,CRM,278.8257607206371,280.95936467674267,275.51814463971186
2021-02-19,CSCO,32.002610583161804,32.08397017765765,31.727807805638395
2021-02-19,IBM,86.48069669420421,87.6214910460552,86.37592280447389
2021-02-19,INTC,93.79009254100785,94.2586113726509,91.99342353727134
2021-02-19,MSFT,194.7523201338849,197.05882575875185,194.11284441035968
2021-02-19,NKE,129.7747641347778,130.0442724410684,127.15433962090471
2021-02-19,VZ,35.282991793301136,35.720472897791424,35.07316892066546
2021-02-19,WMT,35.37705024504846,35.72794482326755,35.0472167640926
2021-02-22,AAPL,94.38705419035249,95.36042240912714,94.16990766741222
2021-02-22,AMGN,213.07810034454076,214.47630365341078,209.91628991332743
2021-02-22,CRM,286.15687607548955,288.4758242044608,282.890414061377
2021-02-22,CSCO,32.335103352443234,32.4288524483278,32.06889849430164
2021-02-22,IBM,85.76505356606208,86.9244725003259,85.68871892251842
2021-02-22,INTC,96.06370596703472,96.58406824370677,94.260641036904
2021-02-22,MSFT,194.8174803182835,197.19947401060668,194.24632255756464
2021-02-22,NKE,133.6095776083269,133.93485194576482,130.9631140242325
2021-02-22,VZ,35.44826424254941,35.89719986420231,35.247091641862134
2021-02-22,WMT,35.78420248829413,36.149512850811796,35.46177318954424
2021-02-23,AAPL,94.99816341435026,95.93406378671088,94.73744838654989
2021-02-23,AMGN,213.1563869811296,214.46481017626843,209.90056183182847
2021-02-23,CRM,293.3924055791143,295.61014481472847,289.8848984174999
2021-02-23,CSCO,32.64543707238252,32.726027077153525,32.36272955185674
2021-02-23,IBM,84.99241323342888,86.10783894351046,84.88380628480172
2021-02-23,INTC,98.29849111152899,98.78098659892002,96.40761499333533
2021-02-23,MSFT,194.72828521370548,197.01910322185762,194.07475997094835
2021-02-23,NKE,137.44713304376324,137.72243316863182,134.66088379007834
2021-02-23,VZ,35.59500010980143,36.03440204969069,35.381326700892416
2021-02-23,WMT,36.17324122234426,36.529869110831406,35.83364934321476
2021-02-24,AAPL,95.62033486519077,96.56615912576278,95.36156774235847
2021-02-24,AMGN,213.2483026978603,214.56507011139388,209.99907377810015
2021-02-24,CRM,300.8363740656962,303.12449665944615,297.2538730781596
2021-02-24,CSCO,32.960978074651784,33.04356967395394,32.67675082848668
2021-02-24,IBM,84.23210805919548,85.34041984563594,84.12728615019404
2021-02-24,INTC,100.59354425625392,101.09170783267625,98.66256177941226
2021-02-24,MSFT,194.65243561803533,196.9501178488197,194.00627879959586
2021-02-24,NKE,141.40471686531959,141.69320176854583,138.54389408490792
2021-02-24,VZ,35.74401421731429,36.18624146794548,35.53045581756544
2021-02-24,WMT,36.568496330289356,36.93012282482937,36.226383007582925
2021-02-25,AAPL,96.29677362164728,97.27612771196638,96.06202896198373
2021-02-25,AMGN,213.43580502743438,214.8084196360515,210.2399586102699
2021-02-25,CRM,308.6525387633433,311.10182998326815,305.07778234780176
2021-02-25,CSCO,33.295359542441034,33.38746259800553,33.016854126572866
2021-02-25,IBM,83.51597863346298,84.63480853793676,83.4316386076106
2021-02-25,INTC,103.00168447307772,103.5434500547699,101.05354725616439
2021-02-25,MSFT,194.66990133343904,197.0222659466371,194.07365498130736
2021-02-25,NKE,145.54702863093502,145.8819586385302,142.6432498987454
2021-02-25,VZ,35.9054300036662,36.35660520097593,35.69802669616183
2021-02-25,WMT,36.98216135120332,37.35570406670344,36.64462422076561
2021-02-26,AAPL,96.9708720567494,97.95327559509616,96.73081722092628
2021-02-26,AMGN,213.6099997773507,214.97603197498205,210.40362407941646
2021-02-26,CRM,316.64525257275466,319.1432728623208,312.9633625663966
2021-02-26,CSCO,33.63088612665515,33.72268337112153,33.348350060716804
2021-02-26,IBM,82.80071332823847,83.9071763541284,82.71436211847997
2021-02-26,INTC,105.45889057730132,106.00901435736134,103.4600907994421
2021-02-26,MSFT,194.67421167451155,197.01895512363848,194.07091469034913
2021-02-26,NKE,149.80042155801567,150.1396299163553,146.8058612593421
2021-02-26,VZ,36.06590762266756,36.5181155879074,35.85656989556222
2021-02-26,WMT,37.398498095549655,37.77513236694193,37.055958118984265
2021-03-01,AAPL,97.64016775624664,98.624258980602,97.39355061779891
2021-03-01,AMGN,213.76642717129766,215.12319960394188,210.5471525451244
2021-03-01,CRM,324.80885478514506,327.35124448832005,321.01217128453624
2021-03-01,CSCO,33.966777640548294,34.057835939317044,33.67977678054065
2021-03-01,IBM,82.08470208805194,83.17792968510437,81.99549098212155
2021-03-01,INTC,107.9630420375703,108.52001371831017,105.91107132191254
2021-03-01,MSFT,194.66107541822294,196.99546685422303,194.04846818816299
2021-03-01,NKE,154.1640774490289,154.50563738765462,151.0741903867867
2021-03-01,VZ,36.22487910773485,36.67776833023087,36.01327472831736
2021-03-01,WMT,37.816824180346664,38.1961724802782,37.46883640353718
2021-03-02,AAPL,98.21189453468952,99.1471658047749,97.91125533831537
2021-03-02,AMGN,213.73200368316196,214.97934928497722,210.4009447220459
2021-03-02,CRM,332.7882860582974,335.17444820112246,328.6815579871433
2021-03-02,CSCO,34.27357735131315,34.347654075675514,33.9663206885624
2021-03-02,IBM,81.30225934828643,82.34635517132038,81.17586705433133
2021-03-02,INTC,110.39934128496046,110.9011851000497,108.23893301224095
2021-03-02,MSFT,194.4619218770169,196.68541171230484,193.75040721400774
2021-03-02,NKE,158.50098871035746,158.76964805948708,155.23547105043554
2021-03-02,VZ,36.36074959208076,36.80129964312637,36.13397354951858
2021-03-02,WMT,38.21077079068191,38.57794683720265,37.84175564862097
2021-03-03,AAPL,98.88330699048062,99.87647891467655,98.63022819726389
2021-03-03,AMGN,213.87653822980153,215.2271616948667,210.64856294054144
2021-03-03,CRM,341.34271714372056,344.00044541563386,337.3388386603306
2021-03-03,CSCO,34.61383683667596,34.70550134873548,34.32024920104146
2021-03-03,IBM,80.59469362518206,81.66566899624186,80.50473939225596
2021-03-03,INTC,113.01263359667286,113.59130601536307,110.86070287810844
2021-03-03,MSFT,194.43714360088245,196.76204095362792,193.81899604883358
2021-03-03,NKE,163.1081815607145,163.46423058427735,159.83330177627988
2021-03-03,VZ,36.51952183997074,36.97521027534182,36.30529032165817
2021-03-03,WMT,38.636343569224486,39.02289104216672,38.279710476301105
2021-03-04,AAPL,99.58368172180612,100.59692071809896,99.34136409199967
2021-03-04,AMGN,214.06616868181058,215.44374075466558,210.86181309350667
2021-03-04,CRM,350.2147133785378,352.99571751898685,346.16047640954247
2021-03-04,CSCO,34.96525925035838,35.062131404358965,34.67293424622879
2021-03-04,IBM,79.91007667712407,80.9809134859058,79.82968700887666
2021-03-04,INTC,115.71917817053244,116.32842029292459,113.53104493799607
2021-03-04,MSFT,194.45612167971404,196.80679808393216,193.8613508728509
2021-03-04,NKE,167.88761919730015,168.27467935588382,164.5389026003997
2021-03-04,VZ,36.68463753104873,37.145720729079926,36.472852821231484
2021-03-04,WMT,39.07364531017604,39.468449572532016,38.71716589005074
2021-03-05,AAPL,98.05510583085194,100.91255684523908,96.84607370118455
2021-03-05,AMGN,212.21130833264985,217.9608308569015,210.6746365056397
2021-03-05,CRM,349.2625680042747,355.76306843718754,342.86691644949343
2021-03-05,CSCO,34.538407534693356,35.25200096797032,34.22865681219251
2021-03-05,IBM,78.47231684447853,80.52128955083685,77.60673005406888
2021-03-05,INTC,112.74486050092156,116.4687648525534,111.96206686295056
2021-03-05,MSFT,193.83056474251154,198.8043119409301,191.76346037970094
2021-03-05,NKE,165.18395376863353,169.08928909095908,162.8991049663468
2021-03-05,VZ,36.311165065502635,36.860858895884206,36.13875544571649
2021-03-05,WMT,39.068691023545256,39.70420256460711,38.69379387315496
2021-03-08,AAPL,96.6824981659243,99.57218196436001,95.55801080318207
2021-03-08,AMGN,210.62042181432304,216.47174020185705,209.24243937072623
2021-03-08,CRM,348.8578392011542,355.65655486983684,342.76745575702995
2021-03-08,CSCO,34.15936373410141,34.888956891724874,33.876226822146656
2021-03-08,IBM,77.15120479308656,79.21475879880718,76.34732842775975
2021-03-08,INTC,110.01404629194897,113.7392355929721,109.33291157943867
2021-03-08,MSFT,193.45078734009275,198.5591437465283,191.5173904277944
2021-03-08,NKE,162.73190648190203,166.69343072605355,160.60190933744573
2021-03-08,VZ,35.97252503273706,36.535460793191284,35.82050846521386
2021-03-08,WMT,39.102915275246986,39.76088474509973,38.7511752232398
2021-03-09,AAPL,94.45811049444447,96.80990718841002,92.91817675381421
2021-03-09,AMGN,207.4002316414229,212.2087244634902,205.07522635954192
2021-03-09,CRM,344.8274916192338,349.52976574000076,336.84164497012546
2021-03-09,CSCO,33.50349258602642,34.062922523154064,33.073681382097405
2021-03-09,IBM,75.2568958723077,76.94992094503951,74.1655217640223
2021-03-09,INTC,106.26286482741514,109.27094176075374,105.07144761218885
2021-03-09,MSFT,191.44923002940513,195.550456400435,188.67863390795355
2021-03-09,NKE,158.9492669022449,162.07379970244958,156.0798261118777
2021-03-09,VZ,35.431813589892556,35.86535484870908,35.15841118094096
2021-03-09,WMT,38.87544428865375,39.38406567780699,38.36973470391775
2021-03-10,AAPL,93.04911509357909,95.78296186210186,91.92266263856713
2021-03-10,AMGN,205.68077288922618,211.29870664833376,204.23745541910966
2021-03-10,CRM,344.0623502531774,350.5626964612022,337.8560775326559
2021-03-10,CSCO,33.107728703328505,33.79916465032052,32.818018717523486
2021-03-10,IBM,73.93074931099457,75.87620957473123,73.129736706629
2021-03-10,INTC,103.58203538851288,107.0308990779502,102.88781832461197
2021-03-10,MSFT,190.91049860495576,195.85496729277656,188.91554258022146
2021-03-10,NKE,156.45372122365418,160.18782775899007,154.326890637612
2021-03-10,VZ,35.08080074650274,35.61760925440297,34.92010354386122
2021-03-10,WMT,38.88300910335846,39.522480722625815,38.517377928889296
2021-03-11,AAPL,91.59962447310987,94.25738880205866,90.45936361464096
2021-03-11,AMGN,203.85801195413057,209.35750621387,202.35776999568398
2021-03-11,CRM,343.0363520782019,349.37018333147273,336.70525226413736
2021-03-11,CSCO,32.696661264781895,33.368347189218085,32.39967240194242
2021-03-11,IBM,72.58611767360044,74.47359551380279,71.7779675931466
2021-03-11,INTC,100.89373610488921,104.21203098923178,100.18042003297876
2021-03-11,MSFT,190.25581188176037,195.11383899269677,188.205288641044
2021-03-11,NKE,153.90093808080712,157.52127621444882,151.7528353657519
2021-03-11,VZ,34.71859674138362,35.241184840612384,34.55068376256035
2021-03-11,WMT,38.87149424348944,39.500119973297465,38.494544471001056
2021-03-12,AAPL,90.20287868553862,92.83655343717811,89.09539156035659
2021-03-12,AMGN,202.10945107738033,207.59569553866248,200.65651500346215
2021-03-12,CRM,342.1438185983956,348.5342884008593,335.90042030091604
2021-03-12,CSCO,32.300527058497,32.96957174267115,32.01249046573017
2021-03-12,IBM,71.28641917896911,73.15115998263867,70.50336110495961
2021-03-12,INTC,98.31166222229129,101.56497020060395,97.63462027977032
2021-03-12,MSFT,189.66169372359198,194.5390674338278,187.64857314296017
2021-03-12,NKE,151.43705199422783,155.0253381071302,149.350784023246
2021-03-12,VZ,34.36736432346573,34.88894652428353,34.20552821915622
2021-03-12,WMT,38.869486951920166,39.50338990881874,38.498250384441164
2021-03-15,AAPL,88.81082032068657,91.39480356169993,87.711955346952
2021-03-15,AMGN,200.34371012954136,205.76322636843463,198.88438125828657
2021-03-15,CRM,341.1808793356319,347.5125997376759,334.9153390342609
2021-03-15,CSCO,31.903762600557787,32.56155404649301,31.616307724153007
2021-03-15,IBM,69.99875008276564,71.8237361830227,69.22400523506595
2021-03-15,INTC,95.77581213873725,98.93434667094041,95.10641833984465
2021-03-15,MSFT,189.03692261496988,193.87899662586116,187.0131592558718
2021-03-15,NKE,148.98661492887032,152.50258797298312,146.91900980171295
2021-03-15,VZ,34.015682185950226,34.52955838617756,33.85307974479307
2021-03-15,WMT,38.86216610595919,39.49298154328242,38.487816846588764
2021-03-16,AAPL,87.38676797502248,89.90020789898593,86.27827144170692
2021-03-16,AMGN,198.48909074971795,203.79753554070618,196.98142295629782
2021-03-16,CRM,339.98352518074176,346.1601852540882,333.6105441286772
2021-03-16,CSCO,31.49433334048923,32.13388583050648,31.2010238410723
2021-03-16,IBM,68.69824677784013,70.46984085006348,67.9191771491826
2021-03-16,INTC,93.24213112114202,96.28254098679511,92.55919179904613
2021-03-16,MSFT,188.30825959682204,193.0690165586098,186.2360232947301
2021-03-16,NKE,146.4921829335477,149.90346739342576,144.41065707849597
2021-03-16,VZ,33.654641057133475,34.155399201080776,33.48592685347005
2021-03-16,WMT,38.83747206466109,39.45818511205221,38.45295943657179
2021-03-17,AAPL,86.07972769665173,88.60688328436409,85.03584462188033
2021-03-17,AMGN,196.83658390677357,202.20888821802555,195.45121307167577
2021-03-17,CRM,339.2132902071594,345.6131300273291,333.0858202300936
2021-03-17,CSCO,31.12114157678434,31.770438505737477,30.848181950303896
2021-03-17,IBM,67.48529328830149,69.2598593299781,66.75288103549995
2021-03-17,INTC,90.88565011530845,93.90951518025878,90.27448296405106
2021-03-17,MSFT,187.771288355649,192.63025898290644,185.80537184387177
2021-03-17,NKE,144.18670600259358,147.62500748467468,142.22342736733492
2021-03-17,VZ,33.320375776480326,33.82973654137446,33.167221401853176
2021-03-17,WMT,38.84386410485432,39.48204068218127,38.477902914216436
2021-03-18,AAPL,84.78722535346341,87.27370991415431,83.75646439506238
2021-03-18,AMGN,195.18793100062499,200.5094657142776,193.80829476335794
2021-03-18,CRM,338.4220112174125,344.79415492957366,332.29640095292467
2021-03-18,CSCO,30.750719910314036,31.39136561530945,30.480110090226876
2021-03-18,IBM,66.29039838262894,68.0317289073045,65.5692113388755
2021-03-18,INTC,88.58293503251471,91.52701505462687,87.98438598999812
2021-03-18,MSFT,187.2256804134953,192.06452059268653,185.26007401232658
2021-03-18,NKE,141.90969026355165,145.28940825463005,139.97287645302586
2021-03-18,VZ,32.98820339043271,33.491761644928786,32.83583477145524
2021-03-18,WMT,38.848581195838015,39.4858991287627,38.4815712972192
2021-03-19,AAPL,83.50301967982406,85.94579252424504,82.48220631378823
2021-03-19,AMGN,193.5309744192308,198.7944151810605,192.14992855218966
2021-03-19,CRM,337.5813877012854,343.90900876668616,331.443027458478
2021-03-19,CSCO,30.381027849599455,31.011915595973047,30.111668808757287
2021-03-19,IBM,65.10922348197943,66.81550944603376,64.39702667679335
2021-03-19,INTC,86.32583562377751,89.18793773032789,85.7362409607462
2021-03-19,MSFT,186.6588244551151,191.4695048488524,184.6870350923832
2021-03-19,NKE,139.65129090639724,142.96772081573906,137.7352344301716
2021-03-19,VZ,32.656608304426825,33.1534873780718,32.50411715292066
2021-03-19,WMT,38.849519133778415,39.484741029734344,38.48023718878156
2021-03-22,AAPL,82.20605392173763,84.59334853750462,81.18467826400068
2021-03-22,AMGN,191.82354215731908,197.0028648813689,190.41640850696317
2021-03-22,CRM,336.5925444695645,342.817400373756,330.3901123790345
2021-03-22,CSCO,30.005084171780247,30.622187860823093,29.733235533964578
2021-03-22,IBM,63.92759245117572,65.59129971964265,63.21716768998262
2021-03-22,INTC,84.08973758567858,86.85773698744691,83.49736678941588
2021-03-22,MSFT,186.0266705952736,190.78142093738398,184.02595615703862
2021-03-22,NKE,137.3786158254936,140.6135543304225,135.46458952097885
2021-03-22,VZ,32.32037817490247,32.80742840598588,32.16463721229098
2021-03-22,WMT,38.839334703103816,39.46817808448607,38.463488208936425
2021-03-23,AAPL,80.98708083060396,83.3704957704015,80.01035717912775
2021-03-23,AMGN,190.2478759534555,195.45284517429974,188.92155163454714
2021-03-23,CRM,335.88000828618874,342.2450219472842,329.8400902398839
2021-03-23,CSCO,29.653065887029285,30.273706778222465,29.394904594031697
2021-03-23,IBM,62.80592529970662,64.46125372967961,62.12795650669604
2021-03-23,INTC,81.97645199281264,84.710396169266,81.43106846017118
2021-03-23,MSFT,185.51849762499324,190.3323738165152,183.5880198564611
2021-03-23,NKE,135.23304956998786,138.46688509028107,133.40126693737764
2021-03-23,VZ,32.00199522190644,32.492760982984244,31.85649494474268
2021-03-23,WMT,38.849440369177685,39.489783575631286,38.48565135689618
2021-03-24,AAPL,79.71744307689708,82.02606847986388,78.7209970178752
2021-03-24,AMGN,188.54554376257613,193.62241753221227,187.14830039129856
2021-03-24,CRM,334.8399009856814,341.0008200384449,328.639051002515
2021-03-24,CSCO,29.28220248352562,29.88224384609681,29.01476503903177
2021-03-24,IBM,61.65829133082426,63.258726402526754,60.96903723092441
2021-03-24,INTC,79.83997031551357,82.46094688740774,79.2710890943964
2021-03-24,MSFT,184.86515210046042,189.5753935854009,182.86361846850903
2021-03-24,NKE,133.01398448767475,136.13612158978387,131.1501487773307
2021-03-24,VZ,31.66956797632603,32.14507308003463,31.51518578385219
2021-03-24,WMT,38.835070827590904,39.46150771978475,38.45675951682568
2021-03-25,AAPL,78.47354267825149,80.74931725601424,77.49561561374571
2021-03-25,AMGN,186.87036986152464,191.90909093352414,185.49261014807402
2021-03-25,CRM,333.83128789191875,339.9894872521118,327.6645459514239
2021-03-25,CSCO,28.917932450235597,29.51160092377524,28.654885428722068
2021-03-25,IBM,60.53548553924369,62.10886099740399,59.86078539857544
2021-03-25,INTC,77.76556540858034,80.32194451130394,77.21463015867899
2021-03-25,MSFT,184.22669365782923,188.92810824312954,182.23875755243594
2021-03-25,NKE,130.84040685388408,133.91649408416504,129.01229155803472
2021-03-25,VZ,31.342060112119196,31.813513935563336,31.19016011180783
2021-03-25,WMT,38.82281451193277,39.450230917946904,38.44588483046852
2021-03-26,AAPL,77.28933483850334,79.5527160623015,76.3467123152221
2021-03-26,AMGN,185.293018376995,190.33767358986165,183.97609829072127
2021-03-26,CRM,333.0235273493629,339.27774923043063,326.97976988404184
2021-03-26,CSCO,28.571744836129916,29.165883552195996,28.319227805420024
2021-03-26,IBM,59.45974095471996,61.01953348197258,58.810839192787896
2021-03-26,INTC,75.78884560427564,78.30419646053465,75.27356665989102
2021-03-26,MSFT,183.67846640693477,188.41798734796114,181.7432365571976
2021-03-26,NKE,128.76496003213114,131.82658702457152,127.00221309074196
2021-03-26,VZ,31.028115716409907,31.50087041085868,30.883897298332183
2021-03-26,WMT,38.82535726033999,39.4610810297808,38.45726663507418
2021-03-29,AAPL,76.11740257150414,78.34342022635536,75.18622289839556
2021-03-29,AMGN,183.71738765239138,188.71238852442883,182.40479664262375
2021-03-29,CRM,332.1899006111993,338.412876856814,326.146095010949
2021-03-29,CSCO,28.227815828635737,28.81374864380183,27.97731157177927
2021-03-29,IBM,58.39943218512399,59.92942074694851,57.76019253432101
2021-03-29,INTC,73.85636483165905,76.30428992886058,73.35125356327295
2021-03-29,MSFT,183.11949945803215,187.83728152240883,181.18358667293697
2021-03-29,NKE,126.71375173683003,129.72184745672718,124.97404293492689
2021-03-29,VZ,30.715895276196758,31.183053307901545,30.572269534944308
2021-03-29,WMT,38.82581704862861,39.460384761091014,38.456473496894105
2021-03-30,AAPL,74.9559327884633,77.14399983221637,74.0352328902269
2021-03-30,AMGN,182.13990347267298,187.08308653108847,180.82952445034314
2021-03-30,CRM,331.3215405274037,337.50760263522005,325.2734009506998
2021-03-30,CSCO,27.885550130591508,28.462994307012256,27.636735060204906
2021-03-30,IBM,57.353224958826885,58.85320948539733,56.72294280667854
2021-03-30,INTC,71.96537267091325,74.34636662638557,71.46934412078777
2021-03-30,MSFT,182.54586629868015,187.23918086407036,180.60731727427432
2021-03-30,NKE,124.68386854614535,127.63755582054455,122.96543950032952
2021-03-30,VZ,30.404951609523454,30.866275806287085,30.261649943652415
2021-03-30,WMT,38.82350581327303,39.45648772424103,38.4525257547358
2021-03-31,AAPL,73.73546669464206,75.84615163842736,72.79066959122737
2021-03-31,AMGN,180.41477474238525,185.21704473385384,179.02125619391887
2021-03-31,CRM,330.0640313015538,336.00739306320844,323.82527637475874
2021-03-31,CSCO,27.521379712106068,28.076728885663393,27.261637105593334
2021-03-31,IBM,56.2754876889533,57.7201515742915,55.63098637549878
2021-03-31,INTC,70.04201863692722,72.31523731491691,69.51934287547806
2021-03-31,MSFT,181.80011804052157,186.3714361612715,179.7771352978673
2021-03-31,NKE,122.56752813919346,125.40590936585215,120.80923257946083
2021-03-31,VZ,30.07746806117199,30.522180201562186,29.92380244331446
2021-03-31,WMT,38.79169280159156,39.40768537865861,38.40335638579675
2021-04-01,AAPL,72.6056085087173,74.72248613360937,71.71136287144398
2021-04-01,AMGN,178.85563233849496,183.70383440206902,177.56294667019213
2021-04-01,CRM,329.17676357395493,335.30906271591255,323.1544297952973
2021-04-01,CSCO,27.1860685029056,27.74812567577567,26.942615858580435
2021-04-01,IBM,55.26423382055437,56.707912140892844,54.655305040443615
2021-04-01,INTC,68.24375057483213,70.4989152520045,67.77093813002917
2021-04-01,MSFT,181.2197508293856,185.8725388548328,179.2895089654569
2021-04-01,NKE,120.59673949343455,123.44958192826209,118.9303784928252
2021-04-01,VZ,29.771765949619674,30.22275979211179,29.630708860453954
2021-04-01,WMT,38.7875364604857,39.4189000024379,38.415792143158605
2021-04-05,AAPL,71.5105633560567,73.60505003840116,70.63873143972322
2021-04-05,AMGN,177.34723690101137,182.17633054200013,176.08756525642687
2021-04-05,CRM,328.3834715208724,334.55235181334456,322.4256780395284
2021-04-05,CSCO,26.860823502644234,27.419501414658615,26.623541699931707
2021-04-05,IBM,54.282561748748755,55.70675832366416,53.69036780433476
2021-04-05,INTC,66.50969823863775,68.7174296127193,66.0578199397614
2021-04-05,MSFT,180.68189564028359,185.34493812989396,178.7789941456552
2021-04-05,NKE,118.68473219771165,121.50720327267665,117.0605312610466
2021-04-05,VZ,29.473709542515213,29.922874909585577,29.336812245042708
2021-04-05,WMT,38.79032044079117,39.4256066166815,38.42270759082733
2021-04-06,AAPL,71.51412788606295,72.25401880130927,70.59347654327564
2021-04-06,AMGN,177.52892622343856,178.8697501674572,175.24756480645922
2021-04-06,CRM,328.2541826218075,331.17328641063943,324.11388316555025
2021-04-06,CSCO,26.930448021238114,27.121151000581904,26.611486268717844
2021-04-06,IBM,54.392390655913005,54.7721128282158,53.7843333683949
2021-04-06,INTC,66.77426805034561,67.69790374157498,65.65954067248128
2021-04-06,MSFT,181.21820613693492,182.70612394116986,178.97693788892042
2021-04-06,NKE,118.49210878404692,119.6827848174837,116.88368158813023
2021-04-06,VZ,29.50292306955645,29.66761812089459,29.242435169386635
2021-04-06,WMT,38.871341099005356,39.141377104936154,38.5286495776841
2021-04-07,AAPL,71.67992838644497,72.36028973479931,70.68479001455496
2021-04-07,AMGN,177.88342565221063,179.1267424520946,175.60743672549918
2021-04-07,CRM,328.33086676846415,331.16814094833865,324.3776823248269
2021-04-07,CSCO,27.032114691180873,27.22915603312574,26.702397121187847
2021-04-07,IBM,54.596141083644014,54.96708457058782,53.94297316939706
2021-04-07,INTC,67.21259541948052,68.06548219724363,66.01325239960687
2021-04-07,MSFT,182.1875379653563,183.59388641357256,179.68422000340388
2021-04-07,NKE,118.53790893709468,119.65606374089863,116.90870102481132
2021-04-07,VZ,29.556575044593455,29.71747480753311,29.300243156363408
2021-04-07,WMT,39.05205312507683,39.31504924547515,38.6496161956832
2021-04-08,AAPL,71.83301866217603,72.5136324003679,70.83635979442519
2021-04-08,AMGN,178.21939626164834,179.46332770511415,175.93357808776136
2021-04-08,CRM,328.37929732389097,331.2080042218056,324.40677818633606
2021-04-08,CSCO,27.131478541867388,27.32826684254852,26.800088335068025
2021-04-08,IBM,54.793772179127636,55.164969527810086,54.13842784829691
2021-04-08,INTC,67.63981580118192,68.49862422798253,66.43368670996885
2021-04-08,MSFT,183.13098245445022,184.5390471819435,180.62055055016245
2021-04-08,NKE,118.56651697181714,119.68217670242115,116.9318783313536
2021-04-08,VZ,29.607812666534553,29.768151933171545,29.349970933725412
2021-04-08,WMT,39.226062404332716,39.48958153978106,38.82370785155593
2021-04-09,AAPL,71.90950034076312,72.62098565666793,70.9457313568938
2021-04-09,AMGN,178.4742557230977,179.76656123394218,176.1786156703165
2021-04-09,CRM,328.3206047144831,331.1845187074154,324.25421501439524
2021-04-09,CSCO,27.215307811823106,27.409687568383397,26.887282282097004
2021-04-09,IBM,54.94617579330366,55.322860329979896,54.30917802886138
2021-04-09,INTC,67.98717866153783,68.8866849344046,66.81137311768774
2021-04-09,MSFT,183.87049879681663,185.32957858262233,181.46695934029208
2021-04-09,NKE,118.47970340803329,119.63071664151067,116.85710886348464
2021-04-09,VZ,29.647558778710486,29.81028966668573,29.38721225588866
2021-04-09,WMT,39.353897399945694,39.6220133081603,38.977113846424444
2021-04-12,AAPL,71.96648927196595,72.67923136692512,71.00408445295943
2021-04-12,AMGN,178.70192870376187,179.99536095345104,176.39495265161864
2021-04-12,CRM,328.2155443629904,331.06697424083563,324.11915515409817
2021-04-12,CSCO,27.29484385564021,27.488207721942768,26.96539042385223
2021-04-12,IBM,55.087548618119435,55.46379806089428,54.4499719501158
2021-04-12,INTC,68.31526325324839,69.22120119174538,67.13629201065612
2021-04-12,MSFT,184.5635472155466,186.02512059030636,182.1622818006328
2021-04-12,NKE,118.36486531337259,119.51420340426746,116.73902341240107
2021-04-12,VZ,29.68370720834365,29.84585594060916,29.421638482707788
2021-04-12,WMT,39.471229590777796,39.739371302533954,39.09637163904844
2021-04-13,AAPL,72.04618043877151,72.75326744622086,71.07530866916608
2021-04-13,AMGN,178.95696699290139,180.24376169370439,176.65204602021743
2021-04-13,CRM,328.15326120231464,331.0031993417676,324.0903451620119
2021-04-13,CSCO,27.379761837083397,27.575076373382107,27.04868137449114
2021-04-13,IBM,55.243171982271875,55.620344896441615,54.59947305677373
2021-04-13,INTC,68.66943368571212,69.5721888296255,67.47623357568988
2021-04-13,MSFT,185.32019877109872,186.77952958571007,182.88176701054334
2021-04-13,NKE,118.28435370243143,119.42571983302373,116.65922962920693
2021-04-13,VZ,29.723633209451286,29.88584988363793,29.462206498344727
2021-04-13,WMT,39.60215539041586,39.870857650277394,39.21964141560828
2021-04-14,AAPL,72.2302815480606,72.88198754060117,71.19215259584304
2021-04-14,AMGN,179.30231916478454,180.49076879899266,176.97635411470645
2021-04-14,CRM,328.1489039912383,330.8812090613668,324.17451682287174
2021-04-14,CSCO,27.48285643728565,27.679535249685816,27.139510496227615
2021-04-14,IBM,55.45858321707204,55.82257395980453,54.77306594795277
2021-04-14,INTC,69.13894911524656,69.97701808024608,67.86757757885412
2021-04-14,MSFT,186.36974113940477,187.74082206309046,183.70228302123243
2021-04-14,NKE,118.35491786281385,119.42548443321941,116.69574488697599
2021-04-14,VZ,29.777051404378582,29.933362760823826,29.51558402049757
2021-04-14,WMT,39.80289529818755,40.062203572619524,39.36976826392058
2021-04-15,AAPL,72.177917192314,72.93516902814991,71.26305411765078
2021-04-15,AMGN,179.41122001833727,180.7778895336309,177.08641691345906
2021-04-15,CRM,327.8970620786242,330.79791856396105,323.6741798269538
2021-04-15,CSCO,27.54091117309496,27.731850070557616,27.21491017186563
2021-04-15,IBM,55.536930402957864,55.92283410881773,54.924140587491884
2021-04-15,INTC,69.3530195954324,70.32735876309079,68.21140906514114
2021-04-15,MSFT,186.77695645392293,188.31781573022923,184.52729662625345
2021-04-15,NKE,118.08064752840163,119.2766915993804,116.47132177120325
2021-04-15,VZ,29.79650855581003,29.961906536544838,29.5300713839814
2021-04-15,WMT,39.854628929767024,40.13085809095804,39.518347563069796
2021-04-16,AAPL,72.2775446488415,72.9647155854238,71.27861710946395
2021-04-16,AMGN,179.66600666891506,180.91116411329998,177.3283613494308
2021-04-16,CRM,327.7747786850781,330.5455155914045,323.70070056824034
2021-04-16,CSCO,27.626828210009613,27.821171563835666,27.286839004336386
2021-04-16,IBM,55.70243940685481,56.07329062023186,55.037749229494025
2021-04-16,INTC,69.73431699035886,70.62304830063313,68.49584787061247
2021-04-16,MSFT,187.60252709385915,189.03560824581632,185.05883714399707
2021-04-16,NKE,118.0252668991765,119.13427374590201,116.38296057954923
2021-04-16,VZ,29.837132372208316,29.99624364204279,29.57271437634894
2021-04-16,WMT,40.005008074131794,40.27004169021443,39.60237867987808
2021-04-19,AAPL,72.27105672255584,73.00264629137547,71.32541496710277
2021-04-19,AMGN,179.8153545039287,181.13969288290863,177.478830333727
2021-04-19,CRM,327.5540303420091,330.40078584564685,323.3776174418799
2021-04-19,CSCO,27.693547039629063,27.886009242068255,27.36080656941228
2021-04-19,IBM,55.808107717520805,56.189476047849986,55.174307408387776
2021-04-19,INTC,70.0007760490888,70.95152783937611,68.81610297372987
2021-04-19,MSFT,188.14206437505982,189.64892713327183,185.77595952801812
2021-04-19,NKE,117.81926461870015,118.97958544446162,116.1982041533708
2021-04-19,VZ,29.86263447378764,30.025513755400706,29.595798531162373
2021-04-19,WMT,40.08725595248697,40.36032871919975,39.72638395203134
2021-04-20,AAPL,72.32228872080186,73.02745780320801,71.3440074792075
2021-04-20,AMGN,180.02018937183755,181.29816264557468,177.67645837381113
2021-04-20,CRM,327.3782468603192,330.17254456751397,323.25753633495066
2021-04-20,CSCO,27.770715755350505,27.964628267150164,27.431973315134126
2021-04-20,IBM,55.94663804713265,56.322526886131214,55.29186386171674
2021-04-20,INTC,70.3320413989161,71.25187103208866,69.10648382794959
2021-04-20,MSFT,188.84157197734046,190.3106823010212,186.3558032354058
2021-04-20,NKE,117.69515803245753,118.82173826382619,116.06329550614939
2021-04-20,VZ,29.89618540831407,30.05681683306017,29.62994777287782
2021-04-20,WMT,40.20745806932764,40.47653154899964,39.82000485382269
2021-04-21,AAPL,72.32599752889719,73.02871581132143,71.34726985556507
2021-04-21,AMGN,180.1502503966336,181.4156066486824,177.77450202762242
2021-04-21,CRM,327.0548612531123,329.79384602765674,322.84555928334356
2021-04-21,CSCO,27.83506369102137,28.02408881662695,27.492646909124552
2021-04-21,IBM,56.05538360943883,56.42545877242858,55.398342693691916
2021-04-21,INTC,70.61233821650276,71.53456965282655,69.38215060254446
2021-04-21,MSFT,189.4213394376924,190.8779767364288,186.9400901567958
2021-04-21,NKE,117.50059167554821,118.61802887195911,115.85446891070615
2021-04-21,VZ,29.92000474933073,30.07790988738417,29.649259630860232
2021-04-21,WMT,40.30360227886118,40.56941515974426,39.91928608057171
2021-04-22,AAPL,72.33655591991304,73.05904389933357,71.37880437403702
2021-04-22,AMGN,180.31471989942656,181.62523482980168,177.9685303770362
2021-04-22,CRM,326.8425367212882,329.6626256001316,322.6888088882022
2021-04-22,CSCO,27.9051681324738,28.099144285311795,27.56794667279999
2021-04-22,IBM,56.1713900946732,56.5526477537558,55.52656890596832
2021-04-22,INTC,70.90115418803974,71.85153358121617,69.68876866196405
2021-04-22,MSFT,190.0139256236897,191.5191498295347,187.58573931364936
2021-04-22,NKE,117.31962593737526,118.46300902400804,115.69991768046103
2021-04-22,VZ,29.947777633096432,30.110072235389932,29.680230315954375
2021-04-22,WMT,40.39797542747695,40.67126522315719,40.025530600827366
2021-04-23,AAPL,72.4366307673973,73.13603844605146,71.44724686249623
2021-04-23,AMGN,180.58542518285688,181.86105428721282,178.2522681089375
2021-04-23,CRM,326.7754657886302,329.58199973234247,322.73849460480545
2021-04-23,CSCO,27.994612288596016,28.193804637325474,27.6533809010577
2021-04-23,IBM,56.340678629597136,56.72136018491312,55.67591438509267
2021-04-23,INTC,71.29110838090311,72.21325407546378,70.03774398390439
2021-04-23,MSFT,190.850265938157,192.33182213606776,188.2967296279477
2021-04-23,NKE,117.26700819141057,118.38382358724486,115.64768821784769
2021-04-23,VZ,29.990199589502215,30.15234760860437,29.72613029570125
2021-04-23,WMT,40.54687338987617,40.81918862273705,40.14599757122321
2021-04-26,AAPL,72.45845925601272,73.18194780507838,71.49904642288377
2021-04-26,AMGN,180.7663245567392,182.08224081577634,178.42062110637056
2021-04-26,CRM,326.59602985659507,329.42394651704944,322.46675268810395
2021-04-26,CSCO,28.068237857827643,28.264519995656617,27.729558932022318
2021-04-26,IBM,56.46471617678297,56.84921578426952,55.81659957827442
2021-04-26,INTC,71.59529676743794,72.5550159084403,70.3708854871145
2021-04-26,MSFT,191.4781227214091,192.99646765485872,189.0297971347935
2021-04-26,NKE,117.10375138252826,118.24534050211905,115.48947367644185
2021-04-26,VZ,30.020169266303817,30.183261061820737,29.752815424768038
2021-04-26,WMT,40.64783315000522,40.9235417566256,40.272791398372156
2021-04-27,AAPL,72.59529995825893,73.29941074187539,71.60604056694373
2021-04-27,AMGN,181.0964599711031,182.38964228821138,178.78229119972798
2021-04-27,CRM,326.6500305335087,329.50172487733795,322.68936743719865
2021-04-27,CSCO,28.16873675334379,28.37363279475662,27.82807138265753
2021-04-27,IBM,56.65883571848855,57.04750196762572,55.99231362563215
2021-04-27,INTC,72.03015706174382,72.96511092758816,70.76582804151204
2021-04-27,MSFT,192.41719078430222,193.92631308109816,189.84042586920592
2021-04-27,NKE,117.10631621908635,118.22868563861377,115.50310876640953
2021-04-27,VZ,30.070325709183052,30.23527785836897,29.808997818078925
2021-04-27,WMT,40.8163871877462,41.094040398968694,40.41146240131119
2021-04-28,AAPL,72.57606467271364,73.31037743990001,71.62656357170935
2021-04-28,AMGN,181.22636972915672,182.55751778753185,178.86292392151435
2021-04-28,CRM,326.3885154301228,329.2104868654665,322.20104011437155
2021-04-28,CSCO,28.233087475886247,28.427772213925643,27.893060210054212
2021-04-28,IBM,56.75799043288138,57.144000838689756,56.11325881005759
2021-04-28,INTC,72.291070578821,73.27280990207682,71.06798125438188
2021-04-28,MSFT,192.93740304286982,194.47841513508567,190.5154833574718
2021-04-28,NKE,116.88287602950777,118.03235559367354,115.27021851906709
2021-04-28,VZ,30.093345023372446,30.256724310819862,29.82326124592598
2021-04-28,WMT,40.89399791887458,41.17146816271778,40.52726899782096
2021-04-29,AAPL,72.68082760752367,73.40693331325656,71.71437921770764
2021-04-29,AMGN,181.5333269353213,182.86860398319595,179.22358943101946
2021-04-29,CRM,326.4405121293996,329.33961159033214,322.4623677988906
2021-04-29,CSCO,28.329181273515633,28.535706512727618,27.991085144873814
2021-04-29,IBM,56.93489695155107,57.331774815738676,56.28004559150434
2021-04-29,INTC,72.69338800770703,73.66444955832873,71.44443933631398
2021-04-29,MSFT,193.7898490750128,195.3479439969776,191.27599838409157
2021-04-29,NKE,116.84021000449944,117.9863806856302,115.25430806896976
2021-04-29,VZ,30.13986981785197,30.307787092244215,29.878290903198693
2021-04-29,WMT,41.04051500465443,41.32423359047682,40.65156495903958
2021-04-30,AAPL,72.71556150728667,73.42147242051948,71.73091739596983
2021-04-30,AMGN,181.7136678109014,182.99806068348568,179.33866264927588
2021-04-30,CRM,326.2230793308923,328.99048019573246,322.09030797460656
2021-04-30,CSCO,28.40426199618674,28.60102207845029,28.056731551729012
2021-04-30,IBM,57.0669092284734,57.44815547870882,56.39811480654194
2021-04-30,INTC,73.01829866666968,73.9718244040567,71.74502924348961
2021-04-30,MSFT,194.4688728190091,195.9710872524153,191.91086862516303
2021-04-30,NKE,116.69536909670823,117.80688940091615,115.0695720037706
2021-04-30,VZ,30.170317811537043,30.33106353221306,29.900059119652223
2021-04-30,WMT,41.15396512549351,41.42801518765262,40.758516198974164
2021-05-03,AAPL,72.77828339798606,73.50447808784863,71.81174993091246
2021-05-03,AMGN,181.95717791789787,183.28725493085915,179.61803442630392
2021-05-03,CRM,326.15581444507785,329.01371360987144,322.10458907652037
2021-05-03,CSCO,28.489690807861333,28.693006863897036,28.147612874540222
2021-05-03,IBM,57.21817187924216,57.61209969146731,56.560215581177225
2021-05-03,INTC,73.37644381079257,74.35738638489899,72.1177145367065
2021-05-03,MSFT,195.21658490666238,196.7740271472872,192.69917170215132
2021-05-03,NKE,116.59177041404409,117.73107154754778,114.99624110506262
2021-05-03,VZ,30.208540434336655,30.37462915935224,29.94282414132557
2021-05-03,WMT,41.27870548597177,41.56116918648464,40.89187656504128
2021-05-04,AAPL,72.91588858862742,73.59700586521188,71.89598054293701
2021-05-04,AMGN,182.2606377761133,183.51037817865713,179.9002733350108
2021-05-04,CRM,326.1145970668989,328.8732357485433,322.1206224698327
2021-05-04,CSCO,28.588194554531395,28.792013014541965,28.235504780558653
2021-05-04,IBM,57.41366524315253,57.79611589832424,56.7212663565167
2021-05-04,INTC,73.82250688129972,74.74965033023446,72.49731099172378
2021-05-04,MSFT,196.18702688044422,197.6681247209442,193.48088605842867
2021-05-04,NKE,116.59483582873843,117.67676313948807,114.97037877348157
2021-05-04,VZ,30.255954843694305,30.416786357887354,29.989458016010534
2021-05-04,WMT,41.456060878610984,41.730377630110674,41.02844740805997
2021-05-05,AAPL,72.62124757452885,73.50033575680423,71.88220095708678
2021-05-05,AMGN,182.0224124868713,183.29540311023115,179.6300260906347
2021-05-05,CRM,324.24883005781794,328.01101628058944,320.55775856049496
2021-05-05,CSCO,28.541182141216172,28.72367719426159,28.279900218936735
2021-05-05,IBM,57.54151652155624,58.01229864836889,56.97209119270977
2021-05-05,INTC,73.44097581046233,74.21049568151878,72.41840432007673
2021-05-05,MSFT,195.5236182186193,196.92263314145137,193.65276523914798
2021-05-05,NKE,116.30149793939954,117.31689496700918,115.0526737839504
2021-05-05,VZ,30.29427577770834,30.448595382565866,30.067331058346536
2021-05-05,WMT,41.43257364279468,41.67070204522966,41.12337475749936
2021-05-06,AAPL,72.09549501098233,73.08815112674652,71.36860450498276
2021-05-06,AMGN,181.95501497484688,183.11138862061756,179.4678231347233
2021-05-06,CRM,321.5972428503214,325.6614806834383,317.8756415674944
2021-05-06,CSCO,28.47198031128042,28.664377831082838,28.21373168736866
2021-05-06,IBM,57.694209911780014,58.15096601703555,57.1229750183408
2021-05-06,INTC,73.05284405306541,73.74936790499412,71.99531607625484
2021-05-06,MSFT,194.60230148535453,196.12430481219687,192.7627228812278
2021-05-06,NKE,115.90288522227978,116.90499590120723,114.68837149679061
2021-05-06,VZ,30.36448426369229,30.50620804439455,30.12593150439791
2021-05-06,WMT,41.36888845916423,41.62067520110337,41.072025066304654
2021-05-07,AAPL,71.57636994744198,72.5499107996808,70.85048643590932
2021-05-07,AMGN,181.85904158022993,183.0107369882581,179.36821987393063
2021-05-07,CRM,318.97108499940174,322.9654026805038,315.26227172226544
2021-05-07,CSCO,28.40131438891411,28.59129273641902,28.142111415241196
2021-05-07,IBM,57.84094825286677,58.29685426193754,57.26556785857647
2021-05-07,INTC,72.6561279144782,73.34753161705035,71.60198298493833
2021-05-07,MSFT,193.6791635755831,195.17407226216324,191.83731862343694
2021-05-07,NKE,115.4994556428837,116.49070587217884,114.27938489407443
2021-05-07,VZ,30.430723145033987,30.571853635675716,30.190692690984687
2021-05-07,WMT,41.304072767501154,41.55305482793412,41.0052345427821
2021-05-10,AAPL,71.17083248868312,72.08661523853321,70.4470584275423
2021-05-10,AMGN,181.69291381731202,182.90059158925942,179.25199655274508
2021-05-10,CRM,316.73992026954215,320.55796317257756,313.09125993833555
2021-05-10,CSCO,28.34202239850235,28.527163273912763,28.082676756372408
2021-05-10,IBM,57.97791244657353,58.442897483018655,57.40212290960184
2021-05-10,INTC,72.27096644488326,72.991875461264,71.24237208086832
2021-05-10,MSFT,192.8863894791934,194.321401895032,191.0445530774742
2021-05-10,NKE,115.14998859271438,116.14667339382771,113.9236588887372
2021-05-10,VZ,30.483336249729295,30.631560331815603,30.24880930368744
2021-05-10,WMT,41.25901393025595,41.501650562252145,40.95548460137149
2021-05-11,AAPL,70.77744835698113,71.67412192632906,70.0533811250624
2021-05-11,AMGN,181.496245054741,182.70214350438803,179.05612534132007
2021-05-11,CRM,314.5497915557768,318.29575392331896,310.91133166484155
2021-05-11,CSCO,28.28196022734612,28.464481264059334,28.021538107288087
2021-05-11,IBM,58.10813045951032,58.57265779281665,57.5284208953291
2021-05-11,INTC,71.87924969086872,72.59696688419987,70.85517134365472
2021-05-11,MSFT,192.09866803248255,193.50626051535275,190.2530054580035
2021-05-11,NKE,114.79877356562261,115.78658354810823,113.56680528659993
2021-05-11,VZ,30.531322691864055,30.67949904084798,30.29600212802402
2021-05-11,WMT,41.21400668368868,41.453582555986614,40.90805207535944
2021-05-12,AAPL,70.36021831748283,71.26606445200267,69.6422691051194
2021-05-12,AMGN,181.3231086519065,182.5164462110522,178.87622254515813
2021-05-12,CRM,312.2913531736764,316.05522132286274,308.6771915655976
2021-05-12,CSCO,28.220056027234794,28.403835384417846,27.96089046833339
2021-05-12,IBM,58.243146369423854,58.70763870506387,57.662785415406795
2021-05-12,INTC,71.49002596693843,72.196945939953,70.46782981565633
2021-05-12,MSFT,191.28803696653665,192.7069044125802,189.45550996177025
2021-05-12,NKE,114.43897881297265,115.4234913369007,113.21554558186709
2021-05-12,VZ,30.583599090626457,30.73062664327441,30.346725100160285
2021-05-12,WMT,41.165067604501175,41.406531779166194,40.86142275528703
2021-05-13,AAPL,69.75868023193303,70.7343224904875,69.04174334780357
2021-05-13,AMGN,181.23503106691774,182.31542850543863,178.69288930069033
2021-05-13,CRM,309.3828947377001,313.30097385800224,305.706139264978
2021-05-13,CSCO,28.13473896779727,28.32181829215764,27.874259488599478
2021-05-13,IBM,58.383149639458644,58.82977396104816,57.793947382501315
2021-05-13,INTC,71.07364234303606,71.71402890352493,70.01684469520305
2021-05-13,MSFT,190.24181605654306,191.72008258140133,188.41001690811305
2021-05-13,NKE,113.97251268262879,114.92933514583115,112.75871942084122
2021-05-13,VZ,30.65481181645845,30.789141411396646,30.405722032109917
2021-05-13,WMT,41.077845540712175,41.32471078895188,40.7787765809903
2021-05-14,AAPL,69.53184657564526,70.33610254623399,68.81526323829223
2021-05-14,AMGN,180.92155443470386,182.2020169617765,178.55330827054212
2021-05-14,CRM,307.77315865162956,311.2215200489014,304.24897631420447
2021-05-14,CSCO,28.089775403927998,28.26384530700542,27.82920682731008
2021-05-14,IBM,58.496248684442584,58.973981559829795,57.91231771413057
2021-05-14,INTC,70.6926024592957,71.44411742268446,69.71165159621496
2021-05-14,MSFT,189.63796223376846,190.9406885807318,187.79903053322977
2021-05-14,NKE,113.6946334577297,114.67846169130053,112.45331412989528
2021-05-14,VZ,30.68115326574114,30.83895382765855,30.452233436688008
2021-05-14,WMT,41.06015925724039,41.289078637643826,40.746987648983996
2021-05-17,AAPL,69.06386991772774,69.97409313173964,68.35174337498027
2021-05-17,AMGN,180.75421815203057,181.8970413811236,178.27315322191973
2021-05-17,CRM,305.3285074973542,309.0358509753046,301.73689279690785
2021-05-17,CSCO,28.01749128241116,28.198807595315113,27.757283571444948
2021-05-17,IBM,58.62510288479644,59.08274781953395,58.034464160029565
2021-05-17,INTC,70.29056877602292,70.96119597006994,69.26763606089621
2021-05-17,MSFT,188.74319538350494,190.15019867960459,186.9171616784981
2021-05-17,NKE,113.29039723131746,114.25044825250568,112.07229792232411
2021-05-17,VZ,30.73700495497957,30.87957252136092,30.49403381453677
2021-05-17,WMT,40.99565923285873,41.23520061473445,40.69151936515566
2021-05-18,AAPL,68.7527206688071,69.57998221565671,68.0415950532328
2021-05-18,AMGN,180.4756182871206,181.70127881003427,178.06876321804938
2021-05-18,CRM,303.43808953588086,306.9182637682875,299.919331753129
2021-05-18,CSCO,27.961886425028368,28.136770974224024,27.701449041594962
2021-05-18,IBM,58.740395847783944,59.21127321731812,58.150430007161546
2021-05-18,INTC,69.89889067928488,70.61363117555898,68.9105184555929
2021-05-18,MSFT,188.03495780791664,189.3537932833568,186.20666170123067
2021-05-18,NKE,112.96488394893387,113.93046166718035,111.73215912969059
2021-05-18,VZ,30.771316525894637,30.923346520390936,30.53614912895563
2021-05-18,WMT,40.96038130123615,41.19123102488296,40.649570750718034
2021-05-19,AAPL,68.35135689481035,69.2169071063683,67.64456728124489
2021-05-19,AMGN,180.25621780254846,181.42882898655816,177.80903281214302
2021-05-19,CRM,301.24055883334194,304.80500943799126,297.7129012042169
2021-05-19,CSCO,27.896155113981674,28.073672184170572,27.63633807793902
2021-05-19,IBM,58.86231432794136,59.32625651132597,58.26927955851285
2021-05-19,INTC,69.5023866315511,70.18425779875447,68.50189831441982
2021-05-19,MSFT,187.21916325715853,188.57625866524933,185.4012383832894
2021-05-19,NKE,112.59271721083859,113.54863123686955,111.37251730196274
2021-05-19,VZ,30.817385553171615,30.96391037167689,30.57684406954997
2021-05-19,WMT,40.90742067140285,41.14230782024095,40.60042898155963
2021-05-20,AAPL,67.96656855113427,68.7994161924295,67.25169033964968
2021-05-20,AMGN,179.96466655544708,181.12465098449164,177.508335913777
2021-05-20,CRM,299.073320664041,302.50711502601627,295.5228418789426
2021-05-20,CSCO,27.826163778093903,27.99736778831413,27.562302652901714
2021-05-20,IBM,58.96455907833187,59.42334573699208,58.3623244185734
2021-05-20,INTC,69.08534407834192,69.75997540281914,68.08467277930072
2021-05-20,MSFT,186.39258951324288,187.69451605643926,184.550826260797
2021-05-20,NKE,112.20503186920648,113.14172109731182,110.96585111895362
2021-05-20,VZ,30.85264723759449,30.997902414287218,30.610025029294782
2021-05-20,WMT,40.851338357553516,41.07861203047419,40.53740440728395
2021-05-21,AAPL,67.62881805037414,68.45509321129556,66.92848546590274
2021-05-21,AMGN,179.70190833747304,180.90328683922803,177.289081001402
2021-05-21,CRM,297.110917339996,300.5486014407983,293.6499451382332
2021-05-21,CSCO,27.766995478462505,27.94129516824337,27.50802530567761
2021-05-21,IBM,59.081311759901546,59.551671754425925,58.48665549555766
2021-05-21,INTC,68.69594393263358,69.38804200086724,67.71791276216355
2021-05-21,MSFT,185.65327645583417,186.96668614574935,183.8466185302026
2021-05-21,NKE,111.86465448054376,112.81714366958435,110.6449456129379
2021-05-21,VZ,30.890312806391464,31.04073689914041,30.652272903095053
2021-05-21,WMT,40.80968308637704,41.04066164965342,40.500667052142674
2021-05-24,AAPL,67.19816920119503,68.07965863841049,66.51064360919791
2021-05-24,AMGN,179.54598622888446,180.7043940646856,177.1028568264143
2021-05-24,CRM,294.8545796737576,298.44161215877136,291.4199696794234
2021-05-24,CSCO,27.70119343042339,27.88201031815732,27.446046289050955
2021-05-24,IBM,59.218214227453934,59.686089904751555,58.62600639839434
2021-05-24,INTC,68.31756798950883,68.98087208480149,67.33237793198273
2021-05-24,MSFT,184.82248545224323,186.20573811847913,183.0478797010619
2021-05-24,NKE,111.49141294654493,112.4454098393459,110.29970933149828
2021-05-24,VZ,30.94698086056021,31.09315968708188,30.70491888238592
2021-05-24,WMT,40.75333266366086,40.993170206546644,40.45307775515735
2021-05-25,AAPL,66.86175173062293,67.68401031651536,66.1710738554518
2021-05-25,AMGN,179.2947909258742,180.49384273276837,176.8882426865069
2021-05-25,CRM,292.9147189485725,296.3234902504575,289.50832498991764
2021-05-25,CSCO,27.64265537233882,27.81713626481745,27.385512294900142
2021-05-25,IBM,59.33861012315557,59.8116516324713,58.742479618049295
2021-05-25,INTC,67.93457206704177,68.61890408375136,66.96781631678542
2021-05-25,MSFT,184.08926527480364,185.3992356343092,182.30242964611983
2021-05-25,NKE,111.15441363092846,112.10223185743791,109.94532232088366
2021-05-25,VZ,30.98660861335872,31.13743736238215,30.747852977365685
2021-05-25,WMT,40.71186514634831,40.94351127415254,40.40477678378895
2021-05-26,AAPL,66.43012495169198,67.32107331188483,65.7596650115364
2021-05-26,AMGN,179.1918705015904,180.35881385813292,176.76569118821638
2021-05-26,CRM,290.69663021833435,294.3097221556664,287.3483777953541
2021-05-26,CSCO,27.58101713139396,27.76550050479825,27.33060889338406
2021-05-26,IBM,59.49161881212669,59.96671032487877,58.90318367061434
2021-05-26,INTC,67.57722395288488,68.2371629345761,66.60822747009473
2021-05-26,MSFT,183.28171486472618,184.68871237224602,181.54628312325445
2021-05-26,NKE,110.79864110050684,111.75862925562323,109.63124212761731
2021-05-26,VZ,31.051401754737117,31.19934351601115,30.810058687929914
2021-05-26,WMT,40.659000154428774,40.9038037889907,40.36504339050741
2021-05-27,AAPL,66.13618826814884,66.92524476001161,65.44900152023398
2021-05-27,AMGN,178.89706110728463,180.10965805397913,176.50820151613217
2021-05-27,CRM,288.9042861722039,292.19084207681465,285.54192659638375
2021-05-27,CSCO,27.525212609075528,27.695809564680108,27.267605442951382
2021-05-27,IBM,59.603225285131245,60.07947632539029,59.00240797033698
2021-05-27,INTC,67.19516902953289,67.88174173065413,66.24358139066221
2021-05-27,MSFT,182.59140121606794,183.85959142590818,180.80772019336044
2021-05-27,NKE,110.47631966327671,111.41675022788027,109.26489717949809
2021-05-27,VZ,31.08323491074892,31.236533432351752,30.845293854897314
2021-05-27,WMT,40.62334769501796,40.85035669534716,40.313132812215024
2021-05-28,AAPL,65.77224142157847,66.63047106601701,65.11130313625947
2021-05-28,AMGN,178.77045846345183,179.97593911414185,176.3857538752951
2021-05-28,CRM,286.9406297970347,290.4538650737559,283.67240122676134
2021-05-28,CSCO,27.47258010050548,27.6555514613909,27.224348436690253
2021-05-28,IBM,59.757171757891776,60.24200461199077,59.169668787434844
2021-05-28,INTC,66.85337932319658,67.52789569782011,65.90917372702363
2021-05-28,MSFT,181.87472949846085,183.25200950563334,180.15886025372902
2021-05-28,NKE,110.16205713401715,111.12601673928802,109.00164777340868
2021-05-28,VZ,31.142312543345128,31.29557103142739,30.904683961811784
2021-05-28,WMT,40.58464927556387,40.82761311198492,40.29054815912561
2021-06-01,AAPL,65.38739952769872,66.20231850925832,64.7058635492784
2021-06-01,AMGN,178.51741710317174,179.67064004367498,176.08499071480426
2021-06-01,CRM,284.85147313835466,288.1806485892028,281.4922416746339
2021-06-01,CSCO,27.40532099932863,27.577223990169102,27.14791979826149
2021-06-01,IBM,59.87227076201915,60.340884608897795,59.265075023491534
2021-06-01,INTC,66.46075546687791,67.10970652413621,65.50021939014499
2021-06-01,MSFT,181.07234892741633,182.36142293979216,179.29982905902554
2021-06-01,NKE,109.78868493836752,110.71107880011233,108.5866339764517
2021-06-01,VZ,31.183665833278564,31.33043964057272,30.938714132340813
2021-06-01,WMT,40.52963506587186,40.75923144465892,40.22227535020515
2021-06-02,AAPL,65.04140227027007,65.86568246019961,64.37849450787944
2021-06-02,AMGN,178.32916754017728,179.52552817605263,175.94192172266435
2021-06-02,CRM,282.93910984688256,286.31714955075574,279.6813568636175
2021-06-02,CSCO,27.349906838619916,27.527254097676494,27.099065573160736
2021-06-02,IBM,60.010245047016205,60.49265558807988,59.413654246921276
2021-06-02,INTC,66.10508240267056,66.77088388265118,65.16749065525003
2021-06-02,MSFT,180.35532976056538,181.67980640801085,178.6288311866797
2021-06-02,NKE,109.46548251652383,110.4108482778863,108.29343141380323
2021-06-02,VZ,31.233250139222843,31.385990343284142,30.99363928076819
2021-06-02,WMT,40.48930288991661,40.72563307757155,40.18982686141181
2021-06-03,AAPL,64.56190307391444,65.4304925095918,63.89782716502638
2021-06-03,AMGN,178.19069724599436,179.29627700973563,175.7273332226807
2021-06-03,CRM,280.5629857661361,284.02874659436173,277.2542069432845
2021-06-03,CSCO,27.27560467372925,27.454296427010437,27.022909007218484
2021-06-03,IBM,60.148347089208194,60.61513361566486,59.542623726121505
2021-06-03,INTC,65.72438480948601,66.33992241439061,64.76122631953592
2021-06-03,MSFT,179.45926422646494,180.81643654697714,177.7282520623159
2021-06-03,NKE,109.05810639721152,109.97803537029054,107.88855949889691
2021-06-03,VZ,31.29562423394336,31.437616573000682,31.04555177152934
2021-06-03,WMT,40.41843727072582,40.65752403386156,40.1210968659604
2021-06-04,AAPL,64.37805474632329,64.94407430452519,63.832197893687855
2021-06-04,AMGN,177.78586396622507,179.7144777323083,176.25027071578202
2021-06-04,CRM,280.49547443231273,283.3718511753953,277.7421248941642
2021-06-04,CSCO,27.30328804087069,27.47226649180459,27.03250259940347
2021-06-04,IBM,60.2239745774395,60.573545219608896,59.70971299087416
2021-06-04,INTC,65.58090599966086,66.26008989047804,64.86158037364459
2021-06-04,MSFT,179.11897985010526,180.39559023045842,177.70178265453444
2021-06-04,NKE,108.87336722796199,109.85983239635412,107.85430022343812
2021-06-04,VZ,31.280870758592997,31.45589532328248,31.075296439630176
2021-06-04,WMT,40.41412342853856,40.65427521035396,40.12809479367089
2021-06-07,AAPL,64.13155951097026,64.70566022436283,63.618901896921464
2021-06-07,AMGN,177.46051100746664,179.24865840616158,175.8953486012589
2021-06-07,CRM,279.95495412485246,282.80980034336,277.29968636825276
2021-06-07,CSCO,27.345714993518715,27.508800465244256,27.064184905062348
2021-06-07,IBM,60.28115337667516,60.60758317996426,59.7533477917501
2021-06-07,INTC,65.30598686226438,66.01196444080655,64.64197900267935
2021-06-07,MSFT,178.68575438325624,179.87319084855068,177.20962341917522
2021-06-07,NKE,108.70015630798966,109.62601265572303,107.64723034018624
2021-06-07,VZ,31.285180616655538,31.45537841468916,31.077612283733885
2021-06-07,WMT,40.41529543640001,40.63728857977502,40.13239406461499
2021-06-08,AAPL,63.88232221955204,64.45005382498536,63.36714399067286
2021-06-08,AMGN,177.116064863632,178.89979137635058,175.54789740685018
2021-06-08,CRM,279.4127054390922,282.24786669811795,276.74302826068106
2021-06-08,CSCO,27.385317935131987,27.547781402351113,27.102714529134737
2021-06-08,IBM,60.33481094080806,60.66035091723537,59.80485344970281
2021-06-08,INTC,65.03089184850114,65.72888857609237,64.36370261368337
2021-06-08,MSFT,178.24404778582365,179.42280473327293,176.76709307363154
2021-06-08,NKE,108.51794911198728,109.43935212016841,107.46231596004701
2021-06-08,VZ,31.28642961826587,31.455651675354016,31.077750477170454
2021-06-08,WMT,40.413626709319146,40.635097510949855,40.129050651899085
2021-06-09,AAPL,63.66555939515474,64.22778848731303,63.13811971237619
2021-06-09,AMGN,176.74084115669078,178.5851819807234,175.1920422226747
2021-06-09,CRM,279.0938223180254,281.93493687070816,276.3859880106112
2021-06-09,CSCO,27.418370081950865,27.58404678842663,27.140409689243334
2021-06-09,IBM,60.39771187925751,60.73483554667925,59.87361212546273
2021-06-09,INTC,64.82041385693073,65.502844580194,64.13165709204247
2021-06-09,MSFT,177.84871854850329,179.06817324144967,176.40498329246714
2021-06-09,NKE,108.33184589876431,109.28106369075935,107.29659282473058
2021-06-09,VZ,31.279464583366913,31.451316917197005,31.07211108637896
2021-06-09,WMT,40.409697770325465,40.63979897111648,40.123884160570036
2021-06-10,AAPL,63.44778533973465,64.00375519294559,62.9165259264636
2021-06-10,AMGN,176.34485738894531,178.18704369703212,174.79362002932447
2021-06-10,CRM,278.78266202709233,281.6052853486251,276.0542397109811
2021-06-10,CSCO,27.4479290206578,27.61297032356977,27.169171005893208
2021-06-10,IBM,60.45711703836157,60.793794828952976,59.930943423049754
2021-06-10,INTC,64.6131172901818,65.28720825960889,63.918912777694985
2021-06-10,MSFT,177.44591700027885,178.6595290988248,176.00195704161578
2021-06-10,NKE,108.13554070635541,109.08194184032541,107.09883265367682
2021-06-10,VZ,31.26894560278403,31.439918746870003,31.060612572914785
2021-06-10,WMT,40.402492434247634,40.63240146573567,40.114795902439965
2021-06-11,AAPL,63.224951852417725,63.78112109937362,62.70037415642344
2021-06-11,AMGN,175.96320742578047,177.7881920517994,174.41451870537597
2021-06-11,CRM,278.42590552930477,281.2491450245924,275.717959289132
2021-06-11,CSCO,27.4801510866056,27.645121060653487,27.20029063611103
2021-06-11,IBM,60.516201914806615,60.8513324650449,59.98887284434838
2021-06-11,INTC,64.3927361021298,65.06943817480806,63.708309870981914
2021-06-11,MSFT,177.03849388962416,178.24155101416255,175.59342238073418
2021-06-11,NKE,107.94451162054273,108.88362102345646,106.90697981128847
2021-06-11,VZ,31.261254260365394,31.431916938674156,31.053070649097812
2021-06-11,WMT,40.39700000755387,40.625253810405404,40.110333451425745
2021-06-14,AAPL,62.9385673188691,63.490246693781096,62.430403714545136
2021-06-14,AMGN,175.5993435147007,177.29438598847628,174.0056478624363
2021-06-14,CRM,277.6341697961471,280.3898558557592,274.95675592003965
2021-06-14,CSCO,27.516792767528337,27.67357523915208,27.22499176653459
2021-06-14,IBM,60.546833785857494,60.85688528076748,60.00194748204589
2021-06-14,INTC,64.05601316563131,64.74020009904831,63.4040577209871
2021-06-14,MSFT,176.51785868940016,177.62726921182832,175.0069468866838
2021-06-14,NKE,107.73449706682052,108.61259142317574,106.6560882873975
2021-06-14,VZ,31.262403278377707,31.4261653915965,31.049434667397726
2021-06-14,WMT,40.38744497410899,40.59753356375455,40.09836353990571
2021-06-15,AAPL,62.76494220965315,63.30749642213211,62.218213070909684
2021-06-15,AMGN,175.15060502585342,177.07276149000558,173.63003552664978
2021-06-15,CRM,277.64513146821326,280.4635022534807,274.86205585789514
2021-06-15,CSCO,27.535907573556116,27.705456257362677,27.2631550812599
2021-06-15,IBM,60.61808417759562,60.971405966712375,60.09899037585648
2021-06-15,INTC,63.94010606195456,64.58673676046891,63.218105363933425
2021-06-15,MSFT,176.1782559410289,177.44029739481866,174.78528143004965
2021-06-15,NKE,107.52960156979483,108.5102606923328,106.52185316121788
2021-06-15,VZ,31.238693925798252,31.412622062140237,31.031695407113418
2021-06-15,WMT,40.37589216930016,40.6179081043248,40.08589007631103
2021-06-16,AAPL,62.516080029795816,63.059975533432784,61.995888363490316
2021-06-16,AMGN,174.75285349041945,176.51365467298604,173.18496911595633
2021-06-16,CRM,277.11208567094906,279.87297954335713,274.393557411065
2021-06-16,CSCO,27.565136211525964,27.725665415181773,27.278578463164735
2021-06-16,IBM,60.6593199184087,60.98294229313107,60.12079166204611
2021-06-16,INTC,63.67816690635193,64.34360965841685,63.00405479233262
2021-06-16,MSFT,175.71144610999798,176.86473684881435,174.2414037957088
2021-06-16,NKE,107.31565360061612,108.22375563329777,106.2623257146215
2021-06-16,VZ,31.230576769385326,31.397178747272385,31.019250606680338
2021-06-16,WMT,40.363785149815314,40.5837299187108,40.073439560997286
2021-06-17,AAPL,62.31400304585647,62.85135936541551,61.77726320894985
2021-06-17,AMGN,174.3118975037531,176.16778732366672,172.77692886910611
2021-06-17,CRM,276.925371342953,279.70961517317147,274.1592279081573
2021-06-17,CSCO,27.586178952139765,27.752228775347504,27.30766765383077
2021-06-17,IBM,60.717798501637866,61.06023102477651,60.18999321717537
2021-06-17,INTC,63.509067406228716,64.156118048966,62.80442749510566
2021-06-17,MSFT,175.32203471968725,176.5362500899343,173.90425675381746
2021-06-17,NKE,107.1028532193202,108.05224431356636,106.0791296558433
2021-06-17,VZ,31.210542661785535,31.381065361543456,31.001458720081757
2021-06-17,WMT,40.35038352999207,40.584018802033604,40.05942119781068
2021-06-18,AAPL,62.08433220859839,62.6214061372345,61.558951196283886
2021-06-18,AMGN,173.89269924121876,175.68402832641084,172.34221736752846
2021-06-18,CRM,276.5300175266986,279.2906786862748,273.79095891708863
2021-06-18,CSCO,27.611187067326398,27.77387140247879,27.327247493431123
2021-06-18,IBM,60.76485091183866,61.09605674680773,60.229352937155994
2021-06-18,INTC,63.28516576635444,63.938213219860515,62.60025180884411
2021-06-18,MSFT,174.88493238555475,176.05677133537264,173.43997418860624
2021-06-18,NKE,106.88707130930565,107.80807347958319,105.84782419318118
2021-06-18,VZ,31.19670942807692,31.364487373245172,30.986148907623843
2021-06-18,WMT,40.336834609102354,40.56196207127004,40.045849827007714
2021-06-21,AAPL,61.84557017649367,62.36860072541888,61.307435729373296
2021-06-21,AMGN,173.41683518641165,175.1961393116812,171.84808784796238
2021-06-21,CRM,276.1121192661143,278.81649319933354,273.3098760158957
2021-06-21,CSCO,27.62607895102825,27.785473049045542,27.339259938914218
2021-06-21,IBM,60.79805772439746,61.12438987434724,60.25571828365511
2021-06-21,INTC,63.059811828392256,63.69375977753867,62.35846552098939
2021-06-21,MSFT,174.41229723034996,175.5651839790226,172.95363203099149
2021-06-21,NKE,106.63843362257643,107.5494968380069,105.58887066647252
2021-06-21,VZ,31.173819759863754,31.338602824266765,30.960031368163225
2021-06-21,WMT,40.31301257851602,40.53567238238049,40.01615201570541
2021-06-22,AAPL,61.6350152746748,62.16621741542636,61.106341693437095
2021-06-22,AMGN,172.98215392385413,174.80241897706873,171.4506843883329
2021-06-22,CRM,275.85142543235463,278.61453850120574,273.0994141038474
2021-06-22,CSCO,27.64784661663053,27.812809200499895,27.366711413823165
2021-06-22,IBM,60.85172069839301,61.19053745034559,60.31975184642804
2021-06-22,INTC,62.87272475735891,63.51500492419335,62.17977200954189
2021-06-22,MSFT,174.0063692154286,175.19647216078258,172.58733379636632
2021-06-22,NKE,106.42355194744364,107.35702145393242,105.39920225095659
2021-06-22,VZ,31.155304460871186,31.324372241463458,30.945788154840976
2021-06-22,WMT,40.29888005553042,40.52910318400551,40.007832217383175
2021-06-23,AAPL,61.40518985631265,61.94423308602993,60.89757971232334
2021-06-23,AMGN,172.60794593055277,174.37204309442478,171.07680355549763
2021-06-23,CRM,275.40779589363666,278.18324505663236,272.72869052320505
2021-06-23,CSCO,27.680443393874594,27.844523571792504,27.395864276452325
2021-06-23,IBM,60.903860042497,61.23536493267414,60.368911006929636
2021-06-23,INTC,62.63558202637217,63.294821034568905,61.9747394379524
2021-06-23,MSFT,173.5800145833011,174.7405600183114,172.14717236417613
2021-06-23,NKE,106.2285624002204,107.1404581690438,105.19803377761774
2021-06-23,VZ,31.149035145597043,31.317482197834305,30.940386218685
2021-06-23,WMT,40.291646881681686,40.51535402763102,40.004687736552356
2021-06-24,AAPL,61.19693249480185,61.7261300961437,60.67468394568725
2021-06-24,AMGN,172.18424761891626,173.9967713473313,170.66320356723125
2021-06-24,CRM,275.14980188868174,277.91409815372776,272.4164867511104
2021-06-24,CSCO,27.70403276985884,27.869827757303366,27.422702012776497
2021-06-24,IBM,60.959709259353,61.299794710155176,60.427757884703325
2021-06-24,INTC,62.44925921199413,63.09015753723525,61.764544881004646
2021-06-24,MSFT,173.18122793910203,174.3670663368863,171.7713559374683
2021-06-24,NKE,106.01991355582838,106.95039290012402,105.00084840810977
2021-06-24,VZ,31.132062142567463,31.301347326494575,30.923171548984193
2021-06-24,WMT,40.27921595182273,40.509609375965944,39.98930861296451
2021-06-25,AAPL,60.97758469516285,61.521962176671074,60.48470018968283
2021-06-25,AMGN,171.85527239959674,173.62075457214758,170.34954601109052
2021-06-25,CRM,274.73773197472167,277.54881529625106,272.11746119118146
2021-06-25,CSCO,27.744617173750196,27.911967626886618,27.46183662235952
2021-06-25,IBM,61.023656654399694,61.360482944398406,60.4932670249208
2021-06-25,INTC,62.21814284371648,62.88581570576383,61.57581001194428
2021-06-25,MSFT,172.7882624680796,173.9573649089357,171.37745953140853
2021-06-25,NKE,105.85222031396478,106.76806664896945,104.83589317755296
2021-06-25,VZ,31.13258444258169,31.303277670489404,30.92674085411039
2021-06-25,WMT,40.280186993678655,40.50614976705373,39.99813053853532
2021-06-28,AAPL,60.77814165192061,61.299113000687804,60.25066466102319
2021-06-28,AMGN,171.40638492379617,173.2298184163239,169.89095907821238
2021-06-28,CRM,274.5477752393691,277.2939138230876,271.7870182386755
2021-06-28,CSCO,27.763001265775976,27.929193666923425,27.481978087137758
2021-06-28,IBM,61.07869267898872,61.42181791682448,60.54597039234735
2021-06-28,INTC,62.053002123156425,62.680686682945684,61.35948671006689
2021-06-28,MSFT,172.3955806690805,173.58573498958086,170.99683160939347
2021-06-28,NKE,105.63326772167527,106.56783198001004,104.62037631459543
2021-06-28,VZ,31.11019610440185,31.279426833455066,30.900890197539187
2021-06-28,WMT,40.263991234974064,40.49653589854851,39.97199350797175
2021-06-29,AAPL,60.58373114798671,61.12645010593674,60.090686519090426
2021-06-29,AMGN,171.07859253209384,172.88185815337962,169.59917685000264
2021-06-29,CRM,274.2963712955574,277.12993562827774,271.67933133398316
2021-06-29,CSCO,27.803165500981024,27.974332486921956,27.524347405049777
2021-06-29,IBM,61.154756436027796,61.50216410542419,60.63030279399761
2021-06-29,INTC,61.86472668954142,62.52651731507234,61.21791312451038
2021-06-29,MSFT,172.04883369205334,173.24637742558366,170.67086016195165
2021-06-29,NKE,105.47660938059663,106.4110324851153,104.48037584386299
2021-06-29,VZ,31.108442391565386,31.281779451119714,30.90482514530001
2021-06-29,WMT,40.26754437450488,40.50028534629213,39.98712750615609
2021-06-30,AAPL,60.35415278319911,60.870818422270936,59.83770943816963
2021-06-30,AMGN,170.6413509288113,172.39450806785163,169.11036007035472
2021-06-30,CRM,273.88905312719857,276.6021244518265,271.1495408095936
2021-06-30,CSCO,27.824311704114816,27.98678907142588,27.53690974352583
2021-06-30,IBM,61.19623946374043,61.52741239838918,60.65405626021836
2021-06-30,INTC,61.64208147934844,62.271708171668884,60.96763326880634
2021-06-30,MSFT,171.60390862526464,172.74403360880547,170.1781341413166
2021-06-30,NKE,105.25085146958968,106.15247357357501,104.22053986319177
2021-06-30,VZ,31.09065479189036,31.25635312196232,30.87917415218556
2021-06-30,WMT,40.24989959612031,40.473327242945246,39.95709313460642
2021-07-01,AAPL,60.154482371017984,60.683793835095315,59.652865385453104
2021-07-01,AMGN,170.26789260418926,172.05989665633257,168.77879387499374
2021-07-01,CRM,273.63000078894976,276.41643712604895,270.96450616565556
2021-07-01,CSCO,27.856141676816797,28.02510176170012,27.5748609373215
2021-07-01,IBM,61.2618928318283,61.606439410421686,60.73162529926166
2021-07-01,INTC,61.45549729197057,62.09934749786407,60.79717570078497
2021-07-01,MSFT,171.23247537529286,172.41350141424704,169.8487596280887
2021-07-01,NKE,105.06870891842978,105.99444391076402,104.06694144350028
2021-07-01,VZ,31.081211883273472,31.25219677846504,30.875111834838332
2021-07-01,WMT,40.245252854472334,40.4764215814962,39.96016036878403
2021-07-02,AAPL,59.90491019865517,60.42817900894936,59.413301247607016
2021-07-02,AMGN,169.896739121799,171.58739704572724,168.37025758904892
2021-07-02,CRM,273.0298196599426,275.75503651215735,270.37594563016603
2021-07-02,CSCO,27.889672919617162,28.051528909365093,27.59833086686125
2021-07-02,IBM,61.30244794590111,61.62619140435052,60.756872294351076
2021-07-02,INTC,61.18017723141805,61.82651999842608,60.543141563247275
2021-07-02,MSFT,170.76853171420865,171.8740071514836,169.33210176303237
2021-07-02,NKE,104.86634494105574,105.74297875835528,103.8308353870162
2021-07-02,VZ,31.07687220786305,31.241806260016098,30.86637032149934
2021-07-02,WMT,40.23561570349566,40.4520953667222,39.94757418791845
2021-07-06,AAPL,60.079391835603694,60.43372837133664,59.475109174736936
2021-07-06,AMGN,169.8899794495026,171.00697294548638,168.38310022775613
2021-07-06,CRM,273.5706137084122,275.72744700164344,270.6892594659696
2021-07-06,CSCO,27.89989422149888,28.0275794140829,27.67249853884678
2021-07-06,IBM,61.312411632433886,62.32793312401729,60.87904572602143
2021-07-06,INTC,61.104008403040915,61.619440174671894,60.45178559500492
2021-07-06,MSFT,171.277716330341,171.99900367869773,169.83284017818016
2021-07-06,NKE,105.4584734142512,106.1355460453585,104.2484966031595
2021-07-06,VZ,31.059959502819325,31.194389748161203,30.910042109913416
2021-07-06,WMT,40.24836937353382,40.50833261721584,39.98214368563396
2021-07-07,AAPL,60.40182653493459,60.76316979824265,59.797626356168905
2021-07-07,AMGN,170.13977862801738,171.3242358850733,168.70535181881507
2021-07-07,CRM,274.68748078944265,276.9186184865693,271.99406955275884
2021-07-07,CSCO,27.956205370034724,28.091176938347793,27.731185930651577
2021-07-07,IBM,61.119713665767044,62.32295811997405,60.73240182486026
2021-07-07,INTC,61.17622037846622,61.70899881091834,60.57464784225634
2021-07-07,MSFT,172.22741215747948,173.00492689099667,170.71149522783503
2021-07-07,NKE,106.20816660485536,106.90079086741781,105.03465141614188
2021-07-07,VZ,31.0719705367253,31.213150524491336,30.938644447359
2021-07-07,WMT,40.30988505039664,40.58885743332868,40.065655999835975
2021-07-08,AAPL,60.83426824991784,61.181244805745074,60.207758739625476
2021-07-08,AMGN,170.55037525571294,171.7446637121272,169.1298386744651
2021-07-08,CRM,276.1830332149432,278.37638691389213,273.5624558996316
2021-07-08,CSCO,28.04218848429335,28.17532260137531,27.809948107426415
2021-07-08,IBM,60.69721704734343,62.06875240143483,60.33859002927942
2021-07-08,INTC,61.350743103095546,61.87630218635602,60.77563056828351
2021-07-08,MSFT,173.5227853848899,174.29685863770803,171.8765960747767
2021-07-08,NKE,107.05013918290615,107.72276092685054,105.87357347420073
2021-07-08,VZ,31.0998222029711,31.240088635849936,30.97509257534924
2021-07-08,WMT,40.40071281653676,40.68802867713099,40.16661539485449
2021-07-09,AAPL,61.04482940432845,61.436159640102815,60.461342116667396
2021-07-09,AMGN,170.6411947686688,171.8374005117402,169.1982328265864
2021-07-09,CRM,276.92767534116524,279.26811142819287,274.1430389794244
2021-07-09,CSCO,28.068960373882934,28.209783239765667,27.853481556793913
2021-07-09,IBM,60.780906459670625,61.77229834704541,60.370315938233446
2021-07-09,INTC,61.31682403736812,61.86846637682088,60.68736541663111
2021-07-09,MSFT,174.1136189579158,174.92833322745813,172.7365486510738
2021-07-09,NKE,107.7288344426869,108.47164084352288,106.54212145766827
2021-07-09,VZ,31.09714318126534,31.241949635867215,30.955697961749774
2021-07-09,WMT,40.43360603861792,40.707618791533626,40.179570435438954
2021-07-12,AAPL,61.293636506737265,61.63757223783003,60.658956855188514
2021-07-12,AMGN,170.73144730946305,171.84649930240695,169.2176444628112
2021-07-12,CRM,277.7083447967407,279.8353508533001,274.82350058046995
2021-07-12,CSCO,28.0973813800715,28.22231787860623,27.861421977934036
2021-07-12,IBM,60.60909460829444,61.73616197721168,60.19589928826208
2021-07-12,INTC,61.305307269958114,61.81034450840735,60.666688046500035
2021-07-12,MSFT,174.8601488370869,175.5759272642171,173.28257317135848
2021-07-12,NKE,108.38684399735412,109.05553032248244,107.13947382060621
2021-07-12,VZ,31.089031370134684,31.221112520335456,30.943704072855674
2021-07-12,WMT,40.46377581377526,40.72844754718198,40.20144904316172
2021-07-13,AAPL,61.51040414096449,61.86514201511873,60.883345933442506
2021-07-13,AMGN,170.77815780450584,171.89950024985993,169.26592305745604
2021-07-13,CRM,278.3854807281802,280.5531163516896,275.4784267015604
2021-07-13,CSCO,28.117628046823278,28.24482260780013,27.885314361492703
2021-07-13,IBM,60.52966254351844,61.59867193802679,60.110296872504705
2021-07-13,INTC,61.264044115519006,61.77570615089721,60.61905659002935
2021-07-13,MSFT,175.50345114052755,176.23458111516072,173.97336509502585
2021-07-13,NKE,109.02716199517614,109.71475597373542,107.77585823394719
2021-07-13,VZ,31.077127313360226,31.21068610196154,30.929849548977373
2021-07-13,WMT,40.486239116113154,40.74986440371477,40.22162451139228
2021-07-14,AAPL,61.89927136933538,62.2719305271913,61.28172285600919
2021-07-14,AMGN,171.13134848933242,172.34958934341827,169.71889141568664
2021-07-14,CRM,279.75193980760844,282.05217463009086,277.09099450011684
2021-07-14,CSCO,28.192732390373617,28.331833201071948,27.967143342173344
2021-07-14,IBM,60.254968352882834,61.50638811823887,59.89050984472666
2021-07-14,INTC,61.3947730728947,61.93657040767932,60.81148227953795
2021-07-14,MSFT,176.65009672046094,177.46964715174445,175.06975286893314
2021-07-14,NKE,109.86585732969631,110.5872070532834,108.67083531987214
2021-07-14,VZ,31.100703888586335,31.24482542284757,30.97385937243073
2021-07-14,WMT,40.567452517131244,40.85578078035749,40.33072561500915
2021-07-15,AAPL,62.11915894733803,62.50774815434314,61.51584654548223
2021-07-15,AMGN,171.21862832028427,172.40200956484426,169.7560611391483
2021-07-15,CRM,280.5057200650078,282.83250495453973,277.6635614390462
2021-07-15,CSCO,28.219306918293942,28.35761448016599,27.998667511729288
2021-07-15,IBM,60.29630324250793,61.30887570659996,59.88768632528669
2021-07-15,INTC,61.36325587647757,61.90600117604386,60.730826456750165
2021-07-15,MSFT,177.27750463705462,178.086132308855,175.83907877237212
2021-07-15,NKE,110.55496773098979,111.30164470567657,109.32587575176242
2021-07-15,VZ,31.096517323039052,31.238726457416174,30.954087112169812
2021-07-15,WMT,40.59931563988423,40.87227102217565,40.34228697085206
2021-07-16,AAPL,62.352450584102975,62.67670779065057,61.68179292630093
2021-07-16,AMGN,171.24119982355234,172.301396496536,169.6680089130951
2021-07-16,CRM,281.15859438225937,283.18514950142423,278.1374786425627
2021-07-16,CSCO,28.23651457028984,28.352291918042198,27.98875883192409
2021-07-16,IBM,60.07072634063879,61.222051200800784,59.6477117992353
2021-07-16,INTC,61.324373961346666,61.80240524655522,60.66724422486548
2021-07-16,MSFT,178.00215476336265,178.66523702250456,176.32005936103235
2021-07-16,NKE,111.17494605849846,111.81857873250883,109.85582246480972
2021-07-16,VZ,31.078073868392654,31.2021223279155,30.9264197979195
2021-07-16,WMT,40.615219068649374,40.871169891841575,40.341909682269836
2021-07-19,AAPL,62.58455532565157,62.9260395866455,61.92719764904478
2021-07-19,AMGN,171.28238812039277,172.37391108588045,169.7368902947195
2021-07-19,CRM,281.8446732871021,283.951476151988,278.86106287038285
2021-07-19,CSCO,28.256514522552838,28.377962313782362,28.015128912965228
2021-07-19,IBM,59.899284135666576,61.007338124396604,59.48190323981583
2021-07-19,INTC,61.28862776448931,61.78222643890764,60.63868723033177
2021-07-19,MSFT,178.7081038473243,179.41087523582,177.07454410174756
2021-07-19,NKE,111.81839810092264,112.49198569071103,110.51274236193544
2021-07-19,VZ,31.06347698117742,31.191946895424515,30.914391350298285
2021-07-19,WMT,40.635636339734994,40.89614447846454,40.36643597522459
2021-07-20,AAPL,62.87993268744823,63.29063109564283,62.28550832802735
2021-07-20,AMGN,171.51249417251523,172.75823645380413,170.10928701073732
2021-07-20,CRM,282.91944312222563,285.36799013273753,280.19387291693073
2021-07-20,CSCO,28.30839146448386,28.455762889371755,28.094535950621715
2021-07-20,IBM,59.89835602896632,60.961021765649186,59.51761623367965
2021-07-20,INTC,61.33243874060266,61.89764409325497,60.73140337562018
2021-07-20,MSFT,179.54735877767737,180.4267206082356,178.11086710932082
2021-07-20,NKE,112.61756318584658,113.4079156879373,111.40792924501609
2021-07-20,VZ,31.076836008300315,31.226334827677803,30.944801847150817
2021-07-20,WMT,40.69544070873128,40.982218449415925,40.45266632821094
2021-07-21,AAPL,63.19584310459402,63.59222658234546,62.58203488983305
2021-07-21,AMGN,171.75343708986236,172.97669604296058,170.3282701709919
2021-07-21,CRM,284.03549403357636,286.42256813712345,281.27656892434834
2021-07-21,CSCO,28.362844778632265,28.505433726613333,28.141950436633053
2021-07-21,IBM,59.80718704209746,60.92120716359922,59.42765341158648
2021-07-21,INTC,61.38984199118684,61.94088711341127,60.78737075701038
2021-07-21,MSFT,180.46185780278438,181.31326721628207,178.94932806529405
2021-07-21,NKE,113.42067372998422,114.19009081403664,112.18607006942757
2021-07-21,VZ,31.08961115706316,31.235265937079244,30.95693876033167
2021-07-21,WMT,40.756507564653596,41.04132622544221,40.5116181864659
2021-07-22,AAPL,63.46274623844466,63.8541110411375,62.840321486537334
2021-07-22,AMGN,171.9037043201396,173.0966476477088,170.44383644280245
2021-07-22,CRM,284.94856196425593,287.2977991922317,282.0992348430117
2021-07-22,CSCO,28.401124784644246,28.539907274470234,28.177047130404727
2021-07-22,IBM,59.76294330213324,60.82654533872042,59.367883424374455
2021-07-22,INTC,61.39721887387401,61.938154857702045,60.77552842337481
2021-07-22,MSFT,181.23458653847368,182.06004410473622,179.72011720066314
2021-07-22,NKE,114.16883969777072,114.93141092628451,112.9035798387534
2021-07-22,VZ,31.091725026198514,31.233870360020287,30.952776587819354
2021-07-22,WMT,40.799932747988144,41.07754722811399,40.54606772116692
2021-07-23,AAPL,63.72768027034296,64.05740870671684,63.04022762388878
2021-07-23,AMGN,171.96974550250044,173.04168307403853,170.39915953901343
2021-07-23,CRM,285.71094517858006,287.7706432467692,282.67271365530223
2021-07-23,CSCO,28.426321183185735,28.543424620939685,28.176507987489895
2021-07-23,IBM,59.48484427007752,60.649419980464366,59.072857452551496
2021-07-23,INTC,61.38362459858522,61.86289932097063,60.733877085898975
2021-07-23,MSFT,182.0542735664131,182.7366408969737,180.31078800018093
2021-07-23,NKE,114.83623290201957,115.49881652841414,113.47915432312215
2021-07-23,VZ,31.077974584671775,31.202658033639874,30.92887221612374
2021-07-23,WMT,40.82380734438341,41.08392280206875,40.552643784537175
2021-07-26,AAPL,63.957022166069194,64.26694172343488,63.24681446364366
2021-07-26,AMGN,171.94928730775814,172.9674563304343,170.32663656634813
2021-07-26,CRM,286.2864805859955,288.2418610862571,283.13682711613933
2021-07-26,CSCO,28.436570928064594,28.54527667660169,28.178091068200484
2021-07-26,IBM,59.189886743169474,60.348024337002755,58.763966589576754
2021-07-26,INTC,61.329216980084695,61.785031119710155,60.65913250590669
2021-07-26,MSFT,182.78596998234934,183.41204554059,180.98312799630514
2021-07-26,NKE,115.4415781490647,116.0722821236381,114.03924928372471
2021-07-26,VZ,31.052538943162414,31.170155344290222,30.896458001262655
2021-07-26,WMT,40.82998006939766,41.08022015384651,40.54813128145762
2021-07-27,AAPL,64.30213234453387,64.6655358332834,63.63789378368476
2021-07-27,AMGN,172.17894097150526,173.33816716437036,170.69184682953835
2021-07-27,CRM,287.4147538273406,289.6509628853317,284.53991253823
2021-07-27,CSCO,28.490478490895438,28.620880247042347,28.252686528249573
2021-07-27,IBM,58.92088743975038,60.11969551525601,58.54207832348673
2021-07-27,INTC,61.39751160545995,61.912029393676306,60.785275704712056
2021-07-27,MSFT,183.8228106478536,184.60416247459287,182.1282057042405
2021-07-27,NKE,116.23668680503883,116.95953342417432,114.92469735803249
2021-07-27,VZ,31.05982989702252,31.195295301061144,30.92344820184028
2021-07-27,WMT,40.886724945148416,41.16416839902837,40.63372198392418
2021-07-28,AAPL,64.58930431026675,64.98821707722094,63.956234380300444
2021-07-28,AMGN,172.35534969645113,173.55850318598368,170.89965872734874
2021-07-28,CRM,288.40077993059225,290.78590558082516,285.53747409074555
2021-07-28,CSCO,28.533595211654262,28.67368048716678,28.308663241633056
2021-07-28,IBM,58.857486087176355,59.923346424499776,58.47289704205054
2021-07-28,INTC,61.419641594511,61.96231351340293,60.80311606168928
2021-07-28,MSFT,184.65626076269297,185.50323089712094,183.10610047188115
2021-07-28,NKE,117.0202421663564,117.80315232124654,115.72864896916863
2021-07-28,VZ,31.06480149922705,31.207438096849124,30.927714615565915
2021-07-28,WMT,40.9354471545525,41.21583247021118,40.682973699312114
2021-07-29,AAPL,64.83608616568871,65.17437809064121,64.13976706723436
2021-07-29,AMGN,172.38696828964427,173.45801253254416,170.80710253274762
2021-07-29,CRM,289.09109398414626,291.1813855537045,285.99427912016694
2021-07-29,CSCO,28.552553996065882,28.670227329939344,28.302569173825127
2021-07-29,IBM,58.634530982998164,59.758196059929574,58.22306045187929
2021-07-29,INTC,61.38514395662797,61.865189128245824,60.729194838736696
2021-07-29,MSFT,185.42184320487902,186.11647651271923,183.67073627766382
2021-07-29,NKE,117.68297356509103,118.36622910392613,116.28938586217284
2021-07-29,VZ,31.04750244662162,31.171943942235366,30.896606354051556
2021-07-29,WMT,40.953107425437004,41.21206908959847,40.67850227315321
2021-07-30,AAPL,65.10637496359264,65.47180887434988,64.43226236886525
2021-07-30,AMGN,172.48797853232,173.6164610374513,170.96086101902165
2021-07-30,CRM,289.9266418501216,292.14902475906104,286.92307281064416
2021-07-30,CSCO,28.58324495031806,28.710661403420698,28.34340689929917
2021-07-30,IBM,58.46519647565568,59.56108503463217,58.067993412549676
2021-07-30,INTC,61.379240389259465,61.88556393467395,60.74149783381654
2021-07-30,MSFT,186.23515173080406,186.999247696096,184.55283698991295
2021-07-30,NKE,118.40834722808864,119.1391156272499,117.04712098759846
2021-07-30,VZ,31.040504955612356,31.172678010881718,30.895930848539617
2021-07-30,WMT,40.98526841246934,41.25408811239764,40.720437957473486
2021-08-02,AAPL,65.29385620196794,65.67592679615007,64.63418679289764
2021-08-02,AMGN,172.47327047992297,173.60059735845707,170.937209937935
2021-08-02,CRM,290.4848759328655,292.7602415301509,287.41324027649074
2021-08-02,CSCO,28.592413501607243,28.722136769250156,28.358123191407863
2021-08-02,IBM,58.471598828338045,59.447871615065544,58.05686077712605
2021-08-02,INTC,61.299808758476615,61.81375392814545,60.643458145498656
2021-08-02,MSFT,186.78735790397639,187.5660969450062,185.2029917669823
2021-08-02,NKE,119.07007292313787,119.82943143288641,117.6990984962961
2021-08-02,VZ,31.02241284600549,31.15574641689187,30.87196347990468
2021-08-02,WMT,40.99666525264755,41.26031367011097,40.72430812506576
2021-08-03,AAPL,65.52076756365165,65.86763631561023,64.8222901125638
2021-08-03,AMGN,172.4753614695331,173.54835763495655,170.8937800517826
2021-08-03,CRM,291.1070297399726,293.22886987299484,287.97500418452984
2021-08-03,CSCO,28.60586328262102,28.72470712027821,28.35728752499457
2021-08-03,IBM,58.29693771429395,59.37899211023802,57.88341173714142
2021-08-03,INTC,61.24605886990456,61.72809220010473,60.58678344811131
2021-08-03,MSFT,187.4893788796769,188.197151554273,185.74867360728342
2021-08-03,NKE,119.72762092548263,120.4307311483725,118.31045430376481
2021-08-03,VZ,31.00243779936809,31.127297203072857,30.850308456229047
2021-08-03,WMT,41.00903829032542,41.26724336958773,40.73235450051781
2021-08-04,AAPL,65.55734822718975,66.04912237040608,64.92241502878187
2021-08-04,AMGN,172.40509517621467,173.97191935597758,171.20780834840423
2021-08-04,CRM,290.88534684657816,293.48527171050654,288.18879467848654
2021-08-04,CSCO,28.646150994562042,28.809289868168687,28.42088850059122
2021-08-04,IBM,58.329456543082586,58.741305423775096,57.94990162994039
2021-08-04,INTC,61.17222549799961,61.68821444283856,60.53969355818592
2021-08-04,MSFT,187.60310633631605,188.69860199414276,186.11924207521398
2021-08-04,NKE,120.17162505534598,120.84336937838086,119.04334039465816
2021-08-04,VZ,30.95114712271642,31.13100098346967,30.82124702063003
2021-08-04,WMT,41.02163506808254,41.2360360766085,40.76559770082231
2021-08-05,AAPL,65.72964872356086,66.24370185635962,65.10005675509134
2021-08-05,AMGN,172.75124723039184,174.29702663352018,171.45785640824718
2021-08-05,CRM,291.04560675730846,293.8118496053529,288.5484008564282
2021-08-05,CSCO,28.744544125758477,28.91645806944324,28.509703576554347
2021-08-05,IBM,58.50327437452038,58.930860533707445,58.097594537099575
2021-08-05,INTC,61.214296744546274,61.735526549552404,60.594050105258965
2021-08-05,MSFT,188.0132930665306,189.12710478808202,186.5746302298953
2021-08-05,NKE,120.84897986747524,121.54657888239588,119.71372489910503
2021-08-05,VZ,30.92317857281233,31.109940686447132,30.80911418592074
2021-08-05,WMT,41.10297157630101,41.31857649943673,40.8512335419368
2021-08-06,AAPL,65.99516510301461,66.5086569792457,65.34742795682105
2021-08-06,AMGN,173.422208436298,174.89186339609802,171.97586023265626
2021-08-06,CRM,291.37645495192345,294.1913514050159,288.9599475580496
2021-08-06,CSCO,28.88495041786489,29.056532725639663,28.630890366361186
2021-08-06,IBM,58.787381344269356,59.21380851215335,58.338067195489856
2021-08-06,INTC,61.32649350447873,61.82875755118379,60.69494831359801
2021-08-06,MSFT,188.6096804134297,189.67755330952536,187.15397516071727
2021-08-06,NKE,121.68772313488587,122.37183252950065,120.50109509348046
2021-08-06,VZ,30.905655728272485,31.09181863357413,30.799610759853536
2021-08-06,WMT,41.23402005072834,41.44016664979935,40.97459309508063
2021-08-09,AAPL,66.07284670619417,66.59994537349023,65.46554608829184
2021-08-09,AMGN,173.41858223542815,175.08453450283656,172.31180766841885
2021-08-09,CRM,291.4055672013252,294.160538489916,288.8452725365059
2021-08-09,CSCO,28.940528437436345,29.117881252521133,28.728387252379324
2021-08-09,IBM,58.8440790509346,59.28342331121991,58.49049496380605
2021-08-09,INTC,61.301263747546685,61.854672243511736,60.699060519864446
2021-08-09,MSFT,188.84058175138574,190.03869667446816,187.42897437836228
2021-08-09,NKE,122.21241615862724,122.95196849934567,121.1296379155237
2021-08-09,VZ,30.86965823143237,31.059124490327452,30.748846176484463
2021-08-09,WMT,41.2634664936063,41.495153154374094,41.02264658546745
2021-08-10,AAPL,66.16781355462221,66.65663973733483,65.5098848914554
2021-08-10,AMGN,173.56185113524631,175.0637470677519,172.23108947955112
2021-08-10,CRM,291.2591894941631,293.86768772666056,288.592984783095
2021-08-10,CSCO,29.007932155690636,29.17004280165011,28.76388120365277
2021-08-10,IBM,58.94921647729902,59.35884360285865,58.52994577679825
2021-08-10,INTC,61.26800224493012,61.763950217299815,60.62154721271721
2021-08-10,MSFT,189.06503668858363,190.11622506897106,187.54596711877562
2021-08-10,NKE,122.7640782839113,123.4269265135487,121.56816093144815
2021-08-10,VZ,30.823225563162513,31.000164943609256,30.69791768776293
2021-08-10,WMT,41.30793762273547,41.51367268043792,41.0421383748368
2021-08-11,AAPL,66.23663644146028,66.73080403545653,65.5875386582882
2021-08-11,AMGN,173.606241800566,175.14867622283876,172.34028933163975
2021-08-11,CRM,291.0860137500526,293.69611208060627,288.4104269970852
2021-08-11,CSCO,29.063315884422167,29.227707401915897,28.82718465000173
2021-08-11,IBM,59.02109642889426,59.435317826710566,58.61990792579672
2021-08-11,INTC,61.21711113163707,61.724133718061765,60.5786463849718
2021-08-11,MSFT,189.24141998053912,190.32288866771935,187.73547785259268
2021-08-11,NKE,123.27371960986657,123.95284351018323,122.09643918679743
2021-08-11,VZ,30.775202622099506,30.953294428389032,30.64846788618299
2021-08-11,WMT,41.33790549463949,41.549316937063445,41.07641935889913
2021-08-12,AAPL,66.46440232339155,66.99298607264464,65.83113455351203
2021-08-12,AMGN,174.11594635392444,175.66506648746832,172.77534229781662
2021-08-12,CRM,291.40140301638274,294.23895946251963,288.9828882042317
2021-08-12,CSCO,29.186209519762755,29.36422141266151,28.94438971456936
2021-08-12,IBM,59.25225015451113,59.69143115085754,58.831540643098286
2021-08-12,INTC,61.30542068917284,61.82998722116129,60.68967543352113
2021-08-12,MSFT,189.77405771787082,190.9063057028103,188.3422955299808
2021-08-12,NKE,124.06233793981856,124.78815937135141,122.89771347047305
2021-08-12,VZ,30.75675739436057,30.945483011316487,30.64954746192534
2021-08-12,WMT,41.44679231043982,41.66469827111903,41.195170129834324
2021-08-13,AAPL,66.54455374338129,67.06758735551233,65.92313086741882
2021-08-13,AMGN,174.13782635486396,175.77957883439618,172.98573096971313
2021-08-13,CRM,291.39071819480085,294.11479984890707,288.8066707161277
2021-08-13,CSCO,29.24399903684704,29.42006646934937,29.0237434743463
2021-08-13,IBM,59.31758911902914,59.7543757288294,58.94917780073077
2021-08-13,INTC,61.277061669391685,61.81914406595632,60.66638163196587
2021-08-13,MSFT,190.0010959745519,191.1775371195069,188.5597360921912
2021-08-13,NKE,124.59920359034109,125.337327880656,123.47413236588423
2021-08-13,VZ,30.718560174843148,30.90462177954869,30.597244285467692
2021-08-13,WMT,41.478651061797066,41.706516777189954,41.231701279988904
2021-08-16,AAPL,66.61363706544509,67.08113784564011,65.9254784912401
2021-08-16,AMGN,174.2517413258278,175.68745681347312,172.83771641645586
2021-08-16,CRM,291.05966787577654,293.55308372643754,288.29097224454256
2021-08-16,CSCO,29.3030934455374,29.456992869661356,29.04412103467461
2021-08-16,IBM,59.412666292571586,59.80675646180432,58.96652894356254
2021-08-16,INTC,61.210145977484096,61.67712352580491,60.53949601446115
2021-08-16,MSFT,190.14684698863724,191.1286815390546,188.55474752752355
2021-08-16,NKE,125.11316197911749,125.74338836736804,123.84216669395884
2021-08-16,VZ,30.66129696777958,30.82959755627018,30.53030100059427
2021-08-16,WMT,41.51330062038031,41.70724792135924,41.23302175626218
2021-08-17,AAPL,66.68651996544531,67.16832307146312,66.01349805020817
2021-08-17,AMGN,174.34400050712424,175.82907808103428,172.98796648740856
2021-08-17,CRM,290.81048586710534,293.35850722277394,288.0916623939905
2021-08-17,CSCO,29.362328796892633,29.522080423386978,29.111654267537705
2021-08-17,IBM,59.500851096101975,59.906174280915984,59.07153160254643
2021-08-17,INTC,61.15366548306518,61.63798005155966,60.49833075462149
2021-08-17,MSFT,190.3150303027238,191.34451454470582,188.75817818651328
2021-08-17,NKE,125.63703310066617,126.2969150017558,124.39434351095602
2021-08-17,VZ,30.609002727607965,30.781277075206102,30.48080069738283
2021-08-17,WMT,41.547697415309514,41.74995780197156,41.27515793326749
2021-08-18,AAPL,66.83765983895057,67.38613123565584,66.23193826462773
2021-08-18,AMGN,174.55268429439053,176.2323251456696,173.40905899176772
2021-08-18,CRM,291.061693617366,293.91595180676916,288.6226807876028
2021-08-18,CSCO,29.44967742703482,29.63620805261023,29.231988721137693
2021-08-18,IBM,59.63102062093271,60.08716349083518,59.26526199656403
2021-08-18,INTC,61.191556626641685,61.752045587560524,60.60154824725381
2021-08-18,MSFT,190.71040730255444,191.94332311314295,189.32152276233919
2021-08-18,NKE,126.3066366136272,127.09127943521317,125.19783765643517
2021-08-18,VZ,30.586701437290206,30.779352565879478,30.475815640012872
2021-08-18,WMT,41.61337650430379,41.84997491635834,41.375508769487666
2021-08-19,AAPL,67.00074264130659,67.53847344917843,66.37723103174035
2021-08-19,AMGN,174.82812343602558,176.4546412926158,173.60482510129057
2021-08-19,CRM,291.2712222470065,294.0865730973344,288.8034815889623
2021-08-19,CSCO,29.543705000075487,29.72594903984939,29.314407725131847
2021-08-19,IBM,59.78364712941656,60.231424440070725,59.394179680172016
2021-08-19,INTC,61.231657392005076,61.77388556117874,60.6271589047416
2021-08-19,MSFT,191.11692807904325,192.30372220179063,189.69202531051872
2021-08-19,NKE,126.99836072550731,127.7610773784777,125.84656221770649
2021-08-19,VZ,30.56195334896148,30.750739038699933,30.45029277775174
2021-08-19,WMT,41.68709587871862,41.91547201482095,41.440788080837784
2021-08-20,AAPL,67.11688561493253,67.64416782096119,66.48516558239339
2021-08-20,AMGN,174.96975031549277,176.59045829000598,173.75845239550188
2021-08-20,CRM,291.33013106504876,294.0745513339212,288.78123890246445
2021-08-20,CSCO,29.618187452343413,29.79636155525938,29.388578580122587
2021-08-20,IBM,59.89072387738129,60.33106691729645,59.50354992550964
2021-08-20,INTC,61.23032664562969,61.76556442465581,60.61707934285691
2021-08-20,MSFT,191.41768413123782,192.5868391223122,189.96281428775316
2021-08-20,NKE,127.61037070200305,128.36056458762627,126.44293317076962
2021-08-20,VZ,30.52819565997342,30.713193437579577,30.41071256188423
2021-08-20,WMT,41.73776493360221,41.96361700873664,41.487136065738696
2021-08-23,AAPL,67.20892877161967,67.68204620241352,66.51340566734707
2021-08-23,AMGN,175.15304831939594,176.58235242658358,173.7021848636184
2021-08-23,CRM,291.0553982247589,293.57013101336713,288.3157024896499
2021-08-23,CSCO,29.68805654196938,29.844530191926918,29.422370321391615
2021-08-23,IBM,60.010898337462365,60.40977364021529,59.55206212620383
2021-08-23,INTC,61.18211569755444,61.64694516635047,60.511475615652614
2021-08-23,MSFT,191.6136192767882,192.59851861642966,190.0116976474682
2021-08-23,NKE,128.17745586067375,128.82248593867607,126.86961007194807
2021-08-23,VZ,30.474662786093774,30.642570226849912,30.34672445687041
2021-08-23,WMT,41.78400455993564,41.97788681662206,41.50153995780319
2021-08-24,AAPL,67.2614314066356,67.71279670288475,66.54430562249355
2021-08-24,AMGN,175.25411710855903,176.63068112985255,173.75314368151888
2021-08-24,CRM,290.5887032385215,292.9907238964571,287.7468709824958
2021-08-24,CSCO,29.742888601014922,29.890763872627435,29.46804588098797
2021-08-24,IBM,60.10272441544051,60.48551929460213,59.62782454351249
2021-08-24,INTC,61.09266388055121,61.53418399735408,60.4020975234638
2021-08-24,MSFT,191.70723744985756,192.63176005041652,190.04767369689432
2021-08-24,NKE,128.67544693579848,129.28367233191705,127.3210367058213
2021-08-24,VZ,30.40976748764994,30.57051655604301,30.27516611645689
2021-08-24,WMT,41.812861064065395,41.99671401418493,41.5193272115304
2021-08-25,AAPL,67.43280732656066,67.9423104983539,66.76613440989432
2021-08-25,AMGN,175.6279329311247,177.13446738967295,174.23151867848534
2021-08-25,CRM,290.64667435873594,293.3375489142478,288.09325822455577
2021-08-25,CSCO,29.84468264116096,30.015956331920297,29.588804072825564
2021-08-25,IBM,60.28907947423497,60.71587621968204,59.846801646488004
2021-08-25,INTC,61.121604892867474,61.61898391977612,60.483323691473615
2021-08-25,MSFT,192.09776062775245,193.17453525267155,190.58033017268866
2021-08-25,NKE,129.38986292097536,130.10081825138678,128.12913338038098
2021-08-25,VZ,30.376239904917433,30.554315159995532,30.260969460667823
2021-08-25,WMT,41.89561748657163,42.10464006202721,41.62865412211819
2021-08-26,AAPL,67.56413249719073,68.09725635548432,66.92869834232857
2021-08-26,AMGN,175.8133157828266,177.43936932794043,174.58526506391541
2021-08-26,CRM,290.7429949139974,293.49785663053717,288.21897438226256
2021-08-26,CSCO,29.925917626846562,30.106866690686836,29.692827793046387
2021-08-26,IBM,60.41144588442719,60.857245065059075,60.017932068926214
2021-08-26,INTC,61.13175913072769,61.66637431168973,60.52089670650669
2021-08-26,MSFT,192.43017702577077,193.60648732302045,190.97298193077035
2021-08-26,NKE,130.0381808137769,130.80524978676533,128.84792859876228
2021-08-26,VZ,30.344934344256263,30.529472424659023,30.22978151501272
2021-08-26,WMT,41.953757531272096,42.18089325593004,41.702217834293954
2021-08-27,AAPL,67.63773627235595,68.11364642945261,66.94010418515983
2021-08-27,AMGN,175.935903699607,177.38696660042297,174.508401773449
2021-08-27,CRM,290.4278896124078,292.9237288240308,287.67345209401026
2021-08-27,CSCO,29.987896048433235,30.145884541272295,29.72307904290248
2021-08-27,IBM,60.51119388322795,60.91348152853186,60.05696000972419
2021-08-27,INTC,61.068650958594866,61.53569041322983,60.40057229069928
2021-08-27,MSFT,192.58709236454283,193.58463311399237,190.97761405572047
2021-08-27,NKE,130.5814744058588,131.24117746552332,129.2568295583101
2021-08-27,VZ,30.289268493321135,30.45596582115033,30.160374423729323
2021-08-27,WMT,41.990369701282155,42.18695589159382,41.70746608003151
2021-08-30,AAPL,67.73988284976744,68.24107248837937,67.0669249020433
2021-08-30,AMGN,176.09682099755113,177.62010928107762,174.7451879000754
2021-08-30,CRM,290.2980638735007,292.905285655412,287.6491621631072
2021-08-30,CSCO,30.060156930779247,30.228445797897393,29.807178772201016
2021-08-30,IBM,60.625198221509514,61.046993442654355,60.193645561430976
2021-08-30,INTC,61.04018607408598,61.53487229920281,60.396587763761104
2021-08-30,MSFT,192.82822118027337,193.90202696990897,191.2806594831026
2021-08-30,NKE,131.18095827819164,131.8901287331863,129.90387156164368
2021-08-30,VZ,30.24466683149562,30.418630808710073,30.12223856877888
2021-08-30,WMT,42.03813020564859,42.24755154241625,41.767995228293735
2021-08-31,AAPL,67.77490990630598,68.28048903348319,67.11546954748084
2021-08-31,AMGN,176.02316249114102,177.6147989383773,174.79217100933005
2021-08-31,CRM,290.0556412568506,292.634974049748,287.3546493679977
2021-08-31,CSCO,30.101513921820555,30.271796846093068,29.863374394089977
2021-08-31,IBM,60.65811422061821,61.08424362757633,60.26076367881231
2021-08-31,INTC,60.962775632281776,61.47371637022997,60.329623597163426
2021-08-31,MSFT,192.93597250415155,194.0537544315114,191.40255294125382
2021-08-31,NKE,131.66180432871516,132.39240514469512,130.4193111803803
2021-08-31,VZ,30.193361974218206,30.36792836242991,30.065946847476138
2021-08-31,WMT,42.05005210865201,42.26837282427052,41.78605362923458
2021-09-01,AAPL,67.83088897360642,68.30998941429964,67.13585847775056
2021-09-01,AMGN,176.0813708856955,177.5542440964057,174.68718057072087
2021-09-01,CRM,289.71650589714113,292.2029227927024,286.9574256232034
2021-09-01,CSCO,30.155577440398773,30.315214684687827,29.893760921669703
2021-09-01,IBM,60.73608874131211,61.141519789488356,60.29012719901965
2021-09-01,INTC,60.8875406567161,61.358647383315734,60.224740452883196
2021-09-01,MSFT,193.0592341248725,194.07341889473113,191.45173137779813
2021-09-01,NKE,132.18004694503188,132.8543006893181,130.8515977178212
2021-09-01,VZ,30.1364842186761,30.30282796815802,30.00699161799821
2021-09-01,WMT,42.07708984344471,42.27683043046771,41.79570926190245
2021-09-02,AAPL,68.03090676574745,68.51246316809464,67.37173636323524
2021-09-02,AMGN,175.6963577028214,177.14151958266933,174.34056815560555
2021-09-02,CRM,290.4865374634681,293.57564067773086,287.68633573161543
2021-09-02,CSCO,30.174925911787966,30.307659071071004,29.927193740070543
2021-09-02,IBM,60.686344073978816,61.06760032900355,60.295911011869165
2021-09-02,INTC,60.802136403330366,61.27048327698969,60.253423333352046
2021-09-02,MSFT,193.394624398276,194.4588499085168,191.88763615989623
2021-09-02,NKE,131.9540349281209,132.89947417991976,130.87244135481788
2021-09-02,VZ,30.102211208787296,30.234259880972985,29.98259735390045
2021-09-02,WMT,42.04094533368763,42.26169421611256,41.77192989276749
2021-09-03,AAPL,68.31176208835636,68.88619174709396,67.73635426279164
2021-09-03,AMGN,175.35442411633377,176.95239993264124,174.1092031166781
2021-09-03,CRM,291.8112850260967,295.29523225154156,289.1707124334777
2021-09-03,CSCO,30.221538395853585,30.362924919108085,29.99375057202845
2021-09-03,IBM,60.65691651978,61.0629913342049,60.32396092737426
2021-09-03,INTC,60.758754356204214,61.27341303195329,60.27917282598381
2021-09-03,MSFT,193.88214279372392,195.14836700223708,192.57908422050014
2021-09-03,NKE,131.86648346729126,132.94020581636244,130.9190517720172
2021-09-03,VZ,30.087787836857164,30.229952304087195,29.983745666793048
2021-09-03,WMT,42.03179329435966,42.254782519089844,41.77542879473997
2021-09-07,AAPL,68.62978084126095,69.27461610181214,68.11577538198767
2021-09-07,AMGN,174.9588924548744,176.6504904282662,173.76771367764118
2021-09-07,CRM,293.4878980444741,297.25809500311726,290.8893095278557
2021-09-07,CSCO,30.278051972422947,30.418557757039213,30.060383200444086
2021-09-07,IBM,60.613932034747776,61.02661940141673,60.32096102081336
2021-09-07,INTC,60.71245842382685,61.24879941637733,60.27980593543282
2021-09-07,MSFT,194.4086940840648,195.81217427960095,193.24948309818734
2021-09-07,NKE,131.83550006394378,132.995263895856,130.97547000303712
2021-09-07,VZ,30.080924117544974,30.225999923064283,29.98500065613498
2021-09-07,WMT,42.029797189772474,42.244217686127826,41.7741411463971
2021-09-08,AAPL,68.88633400411543,69.39387207465728,68.2383932941068
2021-09-08,AMGN,174.71391578170855,176.21150690002492,173.43292629342926
2021-09-08,CRM,294.4888618341906,297.7326802504914,291.7974997780761
2021-09-08,CSCO,30.319391238781456,30.465948155488206,30.081911016462126
2021-09-08,IBM,60.61229493019555,61.015966109984745,60.23881828602952
2021-09-08,INTC,60.688257964657936,61.184583953805436,60.162039456515586
2021-09-08,MSFT,194.89429798521695,196.03315154840726,193.43160645577262
2021-09-08,NKE,131.71028215883678,132.69662255514433,130.6772217138294
2021-09-08,VZ,30.061926397838857,30.203042642651482,29.95094315236363
2021-09-08,WMT,42.01880921966807,42.255579797538346,41.76564800525963
2021-09-09,AAPL,69.10476192830544,69.63761916596525,68.47642270814545
2021-09-09,AMGN,174.26719706381172,175.75721248536234,172.94570995739124
2021-09-09,CRM,295.47462459367966,298.78276365765123,292.638932081593
2021-09-09,CSCO,30.341644904800358,30.47177155195859,30.097821964881494
2021-09-09,IBM,60.54380264528919,60.92473313215822,60.17894971961367
2021-09-09,INTC,60.58940376404317,61.06623448935287,60.07109968424721
2021-09-09,MSFT,195.23156035980386,196.3873441680042,193.80307594519923
2021-09-09,NKE,131.5058799520105,132.5002866052086,130.48017533514354
2021-09-09,VZ,30.030183663060885,30.162238025088687,29.914960016253513
2021-09-09,WMT,41.98304313154009,42.194278888852516,41.7119195211946
2021-09-10,AAPL,69.3188209690736,69.83337418473212,68.6697330490223
2021-09-10,AMGN,173.85867484784177,175.32073794476216,172.53196733259009
2021-09-10,CRM,296.3756622488633,299.61940579127275,293.5315563542227
2021-09-10,CSCO,30.363493908041818,30.495890990541614,30.117450889153584
2021-09-10,IBM,60.48653327920151,60.8677930963597,60.11098397162822
2021-09-10,INTC,60.499911208490296,60.972399465943255,59.969715756489265
2021-09-10,MSFT,195.57633116813088,196.6980655802686,194.10346079619723
2021-09-10,NKE,131.29606184336373,132.26583875128335,130.2490631996042
2021-09-10,VZ,29.997943180524395,30.13009254505087,29.88123395587381
2021-09-10,WMT,41.948209200440104,42.16441560012373,41.6791712036086
2021-09-13,AAPL,69.63831366540431,70.25986676893115,69.08599055263336
2021-09-13,AMGN,173.5388087399601,175.18116357348066,172.34985079828834
2021-09-13,CRM,297.95057447391486,301.6609634852808,295.32695637065973
2021-09-13,CSCO,30.421672357629177,30.567629205421305,30.20064196324554
2021-09-13,IBM,60.46616973674287,60.88113178067948,60.156623824809465
2021-09-13,INTC,60.4744939195818,61.00541172475427,60.0240212181295
2021-09-13,MSFT,196.13294524896477,197.4937248215511,194.8968644481886
2021-09-13,NKE,131.26513039034256,132.38478142707922,130.37437161633184
2021-09-13,VZ,29.991661169362477,30.13756554296433,29.89413821938252
2021-09-13,WMT,41.95005705581088,42.173822915174966,41.69938631388812
2021-09-14,AAPL,69.88985142024548,70.40866896413452,69.2359834535666
2021-09-14,AMGN,173.2571070170826,174.73989115489294,171.97690232233472
2021-09-14,CRM,298.9572065912663,302.25636753292605,296.1959958609162
2021-09-14,CSCO,30.459101088374506,30.603006027185394,30.21905210326253
2021-09-14,IBM,60.45139907719515,60.849425963882815,60.07996471548114
2021-09-14,INTC,60.43542299366245,60.92555648699453,59.91209498997574
2021-09-14,MSFT,196.5915413230406,197.74089080330103,195.1213639078692
2021-09-14,NKE,131.1232296770209,132.10554852310528,130.0945450309467
2021-09-14,VZ,29.969978050999256,30.108797453767252,29.858322030155012
2021-09-14,WMT,41.934017667640234,42.16542281235431,41.677738250238285
2021-09-15,AAPL,70.07137434513564,70.6006182383605,69.42322332488209
2021-09-15,AMGN,172.70817134176912,174.14431556862846,171.3505724730213
2021-09-15,CRM,299.8049641627617,303.09122287111194,296.8165534387117
2021-09-15,CSCO,30.465193404484303,30.58575725731757,30.212193346687528
2021-09-15,IBM,60.34629316457728,60.70887148572223,59.9724252468147
2021-09-15,INTC,60.290884698101166,60.74449772783767,59.761497461708075
2021-09-15,MSFT,196.82005849690557,197.94223572759051,195.3457244564798
2021-09-15,NKE,130.8468112264438,131.8090490691142,129.7957401276353
2021-09-15,VZ,29.92718747231646,30.05193951907852,29.80631115051105
2021-09-15,WMT,41.87948975146095,42.07771765168923,41.5970976432889
2021-09-16,AAPL,70.27112614719223,70.79989423751455,69.61955872859389
2021-09-16,AMGN,172.22468651513591,173.66795340024407,170.89125791112897
2021-09-16,CRM,300.69835932061505,304.00143317283926,297.75529896813924
2021-09-16,CSCO,30.47904761599876,30.605311126899583,30.22919421027794
2021-09-16,IBM,60.26293486370607,60.63358393187152,59.890597117480766
2021-09-16,INTC,60.17213122335392,60.63375629969308,59.64591301707269
2021-09-16,MSFT,197.10558475433288,198.2372687672411,195.63057554582164
2021-09-16,NKE,130.60435837100388,131.56977491212706,129.5619636118573
2021-09-16,VZ,29.889684882352746,30.01768638643567,29.77134813624311
2021-09-16,WMT,41.834515908913076,42.040292802657135,41.558873141316276
2021-09-17,AAPL,70.58236629281903,71.15069475057525,69.96452578376724
2021-09-17,AMGN,172.0252769576729,173.58255804234233,170.82525254879334
2021-09-17,CRM,302.03449441800785,305.568646586134,299.3837636171632
2021-09-17,CSCO,30.53736643085957,30.69118741920434,30.309851874370338
2021-09-17,IBM,60.27859297905587,60.69560557607492,59.93708883134657
2021-09-17,INTC,60.17767506677212,60.69656911456571,59.69193221369809
2021-09-17,MSFT,197.69581764229827,198.959131140755,196.32275865273098
2021-09-17,NKE,130.5616259594935,131.60724596136205,129.6083015935008
2021-09-17,VZ,29.882638731100705,30.029220350760685,29.781053606946728
2021-09-17,WMT,41.84045699054303,42.07988695659466,41.59689522356889
2021-09-20,AAPL,70.88527450329991,71.46805367300428,70.27590439486126
2021-09-20,AMGN,171.76249026353543,173.32269776422416,170.55451368383052
2021-09-20,CRM,303.39484384122,306.97936709820186,300.69388177496245
2021-09-20,CSCO,30.590599296799432,30.739552863071623,30.36149874043632
2021-09-20,IBM,60.27318722807767,60.68393641579945,59.9368225272569
2021-09-20,INTC,60.16055283840076,60.67517143471183,59.68015404454101
2021-09-20,MSFT,198.2443173772307,199.5246701293597,196.8887553297813
2021-09-20,NKE,130.49871703853896,131.55230834202212,129.55336699435995
2021-09-20,VZ,29.872238926567803,30.016272059916535,29.769922868557238
2021-09-20,WMT,41.83943551235465,42.07063940511048,41.59046314184464
2021-09-21,AAPL,71.15625912323723,71.7102007584252,70.51490052695287
2021-09-21,AMGN,171.46637773133932,172.96959457893482,170.21929029020345
2021-09-21,CRM,304.55481533810075,308.0187132642705,301.7670996014033
2021-09-21,CSCO,30.632381611575585,30.77696944652763,30.395134371586593
2021-09-21,IBM,60.25451069487782,60.654176228844044,59.898906221133856
2021-09-21,INTC,60.121929402761694,60.618036263141704,59.61844004209448
2021-09-21,MSFT,198.7253967591885,199.93850382297362,197.29486289819613
2021-09-21,NKE,130.38040391730794,131.3891455523737,129.38972338572853
2021-09-21,VZ,29.853734620958665,29.993293334180585,29.74560178618657
2021-09-21,WMT,41.826510275913265,42.054509633683374,41.571423799484236
2021-09-22,AAPL,71.35290293061284,71.90703974654623,70.70736230188383
2021-09-22,AMGN,170.9182268845091,172.3626698813233,169.58984886433515
2021-09-22,CRM,305.50677296969013,308.92012442632387,302.48453372423194
2021-09-22,CSCO,30.64213849027749,30.763993343015652,30.390727532462666
2021-09-22,IBM,60.149724985972256,60.51386784047134,59.78606214388034
2021-09-22,INTC,59.98134477126912,60.43890765919125,59.46533438561343
2021-09-22,MSFT,198.97474206669628,200.14221770731848,197.5181426776154
2021-09-22,NKE,130.1241836317507,131.10163920893254,129.09935557824022
2021-09-22,VZ,29.813733189576364,29.93924981033656,29.695496480044746
2021-09-22,WMT,41.77504864056894,41.97183410731866,41.49435986475626
2021-09-23,AAPL,71.50723613598069,72.04056162389588,70.83897809528186
2021-09-23,AMGN,170.28455726671982,171.67201141585775,168.91058768620934
2021-09-23,CRM,306.2611492098486,309.57315979207493,303.11956898461307
2021-09-23,CSCO,30.63556439834987,30.748391665571777,30.375091995847622
2021-09-23,IBM,60.0140367007329,60.36079637540414,59.6355085600748
2021-09-23,INTC,59.80015539294611,60.23406014729396,59.2659191459972
2021-09-23,MSFT,199.1162474639705,200.2231623576427,197.60227608198682
2021-09-23,NKE,129.79440754757124,130.7313255590268,128.73071535724594
2021-09-23,VZ,29.762600660802402,29.881293687922565,29.637817690542104
2021-09-23,WMT,41.70544868705566,41.8919247333913,41.41428792393824
2021-09-24,AAPL,71.77936092818305,72.38446919348577,71.17581693810271
2021-09-24,AMGN,169.87105053726208,171.40446362411203,168.63918294442885
2021-09-24,CRM,307.5993149287953,311.26012316641095,304.7451067045168
2021-09-24,CSCO,30.672936296190443,30.809119072044123,30.4375608167181
2021-09-24,IBM,59.95713017556196,60.347563166283955,59.62632557179447
2021-09-24,INTC,59.72500382751174,60.21956700433261,59.250472892858596
2021-09-24,MSFT,199.54480358336087,200.8369386823676,198.20006021021146
2021-09-24,NKE,129.66606354195335,130.7150381564936,128.72528308717077
2021-09-24,VZ,29.741714579770818,29.877918145221535,29.63581276414189
2021-09-24,WMT,41.684226023638956,41.89525163728684,41.421695208649794
2021-09-27,AAPL,72.06212242583547,72.63295151511632,71.42196588482729
2021-09-27,AMGN,169.5827455726909,171.0851634970438,168.35967910107763
2021-09-27,CRM,308.8364873784611,312.3891429809324,306.02744784802934
2021-09-27,CSCO,30.717543627064657,30.863332837487977,30.481685322597794
2021-09-27,IBM,59.94030400955374,60.3405191399897,59.59241439821826
2021-09-27,INTC,59.69052590207053,60.187918312951645,59.19765192637148
2021-09-27,MSFT,200.04419814955733,201.28581010530502,198.6263147080099
2021-09-27,NKE,129.56180196267857,130.5768177746163,128.5909979586851
2021-09-27,VZ,29.725211604281125,29.86514892214334,29.619159720448526
2021-09-27,WMT,41.674201423394514,41.90148686962886,41.42138762553813
2021-09-28,AAPL,72.25230136428634,72.79980570255586,71.58570751139932
2021-09-28,AMGN,169.04863340842948,170.45806155321742,167.72335441169068
2021-09-28,CRM,309.72687591016484,313.13131010857995,306.64687421210755
2021-09-28,CSCO,30.72476671744894,30.84684523900768,30.470279893476537
2021-09-28,IBM,59.837593134437846,60.198019540389424,59.468090690097924
2021-09-28,INTC,59.55000460894092,59.999442163114715,59.0286236102819
2021-09-28,MSFT,200.28348550701864,201.43059623179548,198.78764952780116
2021-09-28,NKE,129.293672206934,130.2476731955312,128.25814499049653
2021-09-28,VZ,29.683512701799412,29.807666558349734,29.56406011431437
2021-09-28,WMT,41.62099607348118,41.81840251682666,41.34088267189682
2021-09-29,AAPL,72.48518179081626,73.04767665842625,71.82950148654848
2021-09-29,AMGN,168.61832869367478,170.0654736077201,167.344236467339
2021-09-29,CRM,310.785046586331,314.2810419567853,307.8109727345218
2021-09-29,CSCO,30.748596226077446,30.88094953042231,30.502396705247754
2021-09-29,IBM,59.77132860248584,60.148312320105354,59.41319591655039
2021-09-29,INTC,59.4552486596372,59.9248156036886,58.94910203410926
2021-09-29,MSFT,200.6376216749692,201.83393608040478,199.17746369337726
2021-09-29,NKE,129.09913216425278,130.0805579705913,128.09695729341627
2021-09-29,VZ,29.653059549771637,29.783930019958103,29.539838253562706
2021-09-29,WMT,41.58656035155554,41.796109339535164,41.318473929586
2021-09-30,AAPL,72.69409993204823,73.20763398031993,71.9887030684176
2021-09-30,AMGN,168.23809122335294,169.61765753661734,166.93444622389873
2021-09-30,CRM,311.59392295027806,314.89971358991096,308.57681379358417
2021-09-30,CSCO,30.766421479933342,30.900572633980197,30.512877468106815
2021-09-30,IBM,59.718154943417055,60.09142879059347,59.332921884762015
2021-09-30,INTC,59.36658156876387,59.82158630360461,58.829430664904926
2021-09-30,MSFT,200.9729228068804,202.0739981067643,199.403405093787
2021-09-30,NKE,128.87008623104595,129.79046496474027,127.81057863405205
2021-09-30,VZ,29.618054487315266,29.747191220631137,29.499701704493912
2021-09-30,WMT,41.54873715911468,41.7654735906071,41.28153755935843
2021-10-01,AAPL,72.88049211121236,73.41898017460903,72.1950957201623
2021-10-01,AMGN,167.72425371318326,169.10599927857126,166.40199757496035
2021-10-01,CRM,312.4266471113167,315.8079578048493,309.3138435535233
2021-10-01,CSCO,30.772529382941567,30.89558483654886,30.515941123036413
2021-10-01,IBM,59.62048780827606,59.97914030397917,59.245022270480824
2021-10-01,INTC,59.22985440742446,59.67363488867708,58.702879268244644
2021-10-01,MSFT,201.21159457569075,202.33862664279644,199.68012529921975
2021-10-01,NKE,128.59615126903094,129.52957279650985,127.55074678757602
2021-10-01,VZ,29.575605965961447,29.699091172341067,29.4553053471032
2021-10-01,WMT,41.495266150062484,41.69445344543298,41.21649412407922
2021-10-04,AAPL,72.72681610387608,73.53973756599318,72.24184463362113
2021-10-04,AMGN,167.39515750892997,169.2380578332805,166.43248571279594
2021-10-04,CRM,312.8784673085697,316.4216684106529,310.26770265482224
2021-10-04,CSCO,30.69305373063255,31.011598514712446,30.529388075000803
2021-10-04,IBM,59.61178978383308,60.13112989071479,59.29196967344443
2021-10-04,INTC,59.1568819807078,59.68827387473348,58.771570941502866
2021-10-04,MSFT,200.69579832499142,202.60958536775223,199.76295517330578
2021-10-04,NKE,127.96194079053818,129.25364822884413,127.2383742968648
2021-10-04,VZ,29.554057077728938,29.729366147476664,29.474259551883943
2021-10-04,WMT,41.4730873602172,41.809339497470845,41.309598267097
2021-10-05,AAPL,72.59766808533206,73.38079935845069,72.06047213565427
2021-10-05,AMGN,167.1090427560498,168.89263158720414,166.08526050035695
2021-10-05,CRM,313.47202902431144,316.9209020767965,310.6582647884663
2021-10-05,CSCO,30.63073015136797,30.941095796665977,30.44921435720395
2021-10-05,IBM,59.67421985881952,60.182621183233955,59.317141675566674
2021-10-05,INTC,59.10744275167624,59.626363827700104,58.70102703788571
2021-10-05,MSFT,200.39330237724315,202.2466138460646,199.28165276085016
2021-10-05,NKE,127.41050474066162,128.67470237420676,126.62304422401539
2021-10-05,VZ,29.53834234765383,29.71163635118124,29.453033332891316
2021-10-05,WMT,41.422873134144695,41.77539272635162,41.25165161485454
2021-10-06,AAPL,72.46300703002328,73.21309795545,71.87910588037798
2021-10-06,AMGN,166.8087751697611,168.52501815566504,165.71918611181383
2021-10-06,CRM,314.0566142701248,317.38201719267994,311.0450250807093
2021-10-06,CSCO,30.571584543570193,30.871629464460845,30.373289485667406
2021-10-06,IBM,59.76804908747548,60.261145750620344,59.3773578529223
2021-10-06,INTC,59.05336947638028,59.55223073274264,58.622320046408944
2021-10-06,MSFT,200.17315367884223,201.95294371968745,198.91284203922177
2021-10-06,NKE,126.87778490332695,128.10190974561496,126.02763868405387
2021-10-06,VZ,29.520994464084172,29.6894750319075,29.428461731960486
2021-10-06,WMT,41.34472109389666,41.7023053449052,41.162848406005416
2021-10-07,AAPL,72.36364681527125,73.16966646133007,71.85767731342463
2021-10-07,AMGN,166.5824554681109,168.41491577511647,165.6163226585184
2021-10-07,CRM,314.7862940122152,318.3675601661566,312.09850179960335
2021-10-07,CSCO,30.51847384984276,30.83683072220591,30.348972437429683
2021-10-07,IBM,59.83650059971765,60.362259243066674,59.49943535493016
2021-10-07,INTC,59.03106218326699,59.569759778911205,58.646174499515055
2021-10-07,MSFT,199.9019750566616,201.81585317533288,198.87724889579218
2021-10-07,NKE,126.36964025817113,127.65931155754505,125.6366356271824
2021-10-07,VZ,29.512790278437162,29.691637578312978,29.434242387064
2021-10-07,WMT,41.31534208730201,41.67056961874092,41.1550457920633
2021-10-08,AAPL,72.25976485612853,73.03331059403105,71.7068110328145
2021-10-08,AMGN,166.3437499832385,168.10934525103633,165.31110789601584
2021-10-08,CRM,315.5134556357,318.9738794018504,312.6240530545774
2021-10-08,CSCO,30.469138830893186,30.77727080716254,30.282821678690865
2021-10-08,IBM,59.93932984367316,60.44984835003974,59.56813183861014
2021-10-08,INTC,59.00509011071975,59.524339328223014,58.59556846431177
2021-10-08,MSFT,199.72345647381522,201.56410728409995,198.5478651827574
2021-10-08,NKE,125.88270511925795,127.13348756318423,125.08644235407662
2021-10-08,VZ,29.503207508667906,29.677426298899803,29.417497540303874
2021-10-08,WMT,41.257806575783604,41.61908912428871,41.086922626350976
2021-10-11,AAPL,72.14891770460129,72.97732171743515,71.68772603022323
2021-10-11,AMGN,166.09885727795702,167.97639068187704,165.1906287151983
2021-10-11,CRM,316.16974012907394,319.861063093812,313.64004745898205
2021-10-11,CSCO,30.405837014770768,30.73010260467933,30.25198200164522
2021-10-11,IBM,59.95819974835565,60.496331726180536,59.651142411605626
2021-10-11,INTC,58.97108361525767,59.52146558034994,58.60568945509506
2021-10-11,MSFT,199.3069792618597,201.26854607868543,198.4302806563767
2021-10-11,NKE,125.3296451547618,126.63047079470245,124.65909577591233
2021-10-11,VZ,29.49224560140876,29.673347484637834,29.41892299321006
2021-10-11,WMT,41.25246997901189,41.59586121389418,41.099945923324796
2021-10-12,AAPL,72.0693562406122,72.83976054754228,71.50833737019822
2021-10-12,AMGN,165.90623146633538,167.6671605531409,164.87347234701295
2021-10-12,CRM,317.02547850473496,320.5099831275281,314.09783238291516
2021-10-12,CSCO,30.36836592805574,30.676286952112452,30.17990409433863
2021-10-12,IBM,60.09719800692998,60.6111847134429,59.718553993405294
2021-10-12,INTC,58.96789488494406,59.49051293139507,58.55854053049306
2021-10-12,MSFT,199.2398561519363,201.08011409213876,198.0292979556208
2021-10-12,NKE,124.8995635128056,126.14667641326082,124.10235256385337
2021-10-12,VZ,29.48866902588137,29.66446260950854,29.40350953745317
2021-10-12,WMT,41.19218118848919,41.562125854025,41.02270403411423
2021-10-13,AAPL,71.9115082247849,72.77289490778988,71.52590556530184
2021-10-13,AMGN,165.57632670832032,167.51394492314492,164.74738327835072
2021-10-13,CRM,317.41833018475165,321.245068937089,315.14102072295344
2021-10-13,CSCO,30.27682973117694,30.607809709067265,30.148375334830273
2021-10-13,IBM,60.00904375859215,60.55940009829142,59.75262337905853
2021-10-13,INTC,58.888376439860885,59.45005981093133,58.550023780891394
2021-10-13,MSFT,198.51217292793788,200.52984285112203,197.8938708573173
2021-10-13,NKE,124.22031443860308,125.5315536444633,123.64026331245667
2021-10-13,VZ,29.466095949037275,29.648223517101975,29.399301376040285
2021-10-13,WMT,41.22271033480379,41.540730165762945,41.079190060194115
2021-10-14,AAPL,71.78233807480613,72.52715028721191,71.2052060894105
2021-10-14,AMGN,165.28703597075946,166.99209658729407,164.2115953027299
2021-10-14,CRM,318.03108322039935,321.4078145104775,314.9905649947553
2021-10-14,CSCO,30.219999803612705,30.517405465604156,30.024571362555427
2021-10-14,IBM,60.10681512731689,60.60421084628018,59.715014400456624
2021-10-14,INTC,58.83844637997983,59.33725234715468,58.41049246760599
2021-10-14,MSFT,198.30504344691596,200.07389526249852,197.0593395400597
2021-10-14,NKE,123.70809668153466,124.9046310406956,122.88240633747391
2021-10-14,VZ,29.449860173056727,29.618473374275478,29.358075341753384
2021-10-14,WMT,41.14637683963358,41.503227056337046,40.96621976387095
2021-10-15,AAPL,71.66895289263105,72.46470435091504,71.16999296605309
2021-10-15,AMGN,165.0340077389719,166.84275585977358,164.07172709940636
2021-10-15,CRM,318.6938593973258,322.300688033256,315.96950241341784
2021-10-15,CSCO,30.161076342330194,30.474168009684693,29.9937798444436
2021-10-15,IBM,60.15963885650495,60.685131748195815,59.82206803537808
2021-10-15,INTC,58.802112992613786,59.3342629683694,58.41616164279717
2021-10-15,MSFT,197.98496580243744,199.87036302711167,196.9845111062763
2021-10-15,NKE,123.1841631568753,124.43384958088998,122.46786393349707
2021-10-15,VZ,29.43789986658324,29.614741152220308,29.358447922167265
2021-10-15,WMT,41.116195443580246,41.4652126207901,40.95477450810678
2021-10-18,AAPL,71.5821324386351,72.38106274470748,71.08061076404148
2021-10-18,AMGN,164.8318459462868,166.64772157986133,163.87744865303094
2021-10-18,CRM,319.4944451452032,323.14221439900655,316.7643184936647
2021-10-18,CSCO,30.114065101875365,30.42895939812669,29.946695414999176
2021-10-18,IBM,60.244644730150135,60.7756259900548,59.90407039432932
2021-10-18,INTC,58.79076271485467,59.33048031430204,58.40911703586015
2021-10-18,MSFT,197.76967500226118,199.6678921392945,196.74806092486955
2021-10-18,NKE,122.71488129763476,123.97261163928994,122.00276333115544
2021-10-18,VZ,29.432602060677883,29.612131527963665,29.35502227359702
2021-10-18,WMT,41.08693995722947,41.44469332320588,40.92885282196625
2021-10-19,AAPL,71.46151573861945,72.23661189843688,70.93725528750005
2021-10-19,AMGN,164.56308038263842,166.3297433978876,163.5650066279157
2021-10-19,CRM,320.1315713564762,323.67442995533565,317.28354403991983
2021-10-19,CSCO,30.05501311164332,30.361298349437263,29.878686010516493
2021-10-19,IBM,60.30964300267908,60.82662857491691,59.95248858813608
2021-10-19,INTC,58.74769630804209,59.26706020253755,58.347303968145894
2021-10-19,MSFT,197.476788118644,199.3155790333167,196.39556859835162
2021-10-19,NKE,122.19500252479348,123.41356691734266,121.44829310316355
2021-10-19,VZ,29.418624707730554,29.592239243481323,29.334816288810536
2021-10-19,WMT,41.040970871970835,41.39089786423778,40.87314523634975
2021-10-20,AAPL,71.26990926368092,72.05496657281545,70.7910988245029
2021-10-20,AMGN,164.1610262477835,165.94053536248654,163.19243068899675
2021-10-20,CRM,320.3859198140228,323.9437943707028,317.6689153077814
2021-10-20,CSCO,29.960411746015087,30.26581321338754,29.798174663898347
2021-10-20,IBM,60.26003072485199,60.77427722978626,59.93358000769634
2021-10-20,INTC,58.63669004714825,59.14881832807233,58.244163329731315
2021-10-20,MSFT,196.84069006776178,198.67997029372924,195.92911540514194
2021-10-20,NKE,121.51781962807647,122.72007817428107,120.81496597302767
2021-10-20,VZ,29.386786811245223,29.556334966139932,29.303440710836274
2021-10-20,WMT,41.01171711657524,41.33273306486064,40.84341553527596
2021-10-21,AAPL,71.19795222917547,71.9954338444665,70.69899021859723
2021-10-21,AMGN,163.9876628011506,165.8028898314878,163.0456262321314
2021-10-21,CRM,321.2648419868384,324.9516561245978,318.53181332644186
2021-10-21,CSCO,29.919835851543006,30.234472770320203,29.753879827138032
2021-10-21,IBM,60.36094140446384,60.89643730547188,60.020348672871656
2021-10-21,INTC,58.638972436772306,59.18142401844778,58.261010175761584
2021-10-21,MSFT,196.67253312992582,198.5722189253216,195.6536989947554
2021-10-21,NKE,121.08178709085685,122.32961901277393,120.3836352795943
2021-10-21,VZ,29.38515165998972,29.565791403992733,29.308773037705656
2021-10-21,WMT,40.984658338256295,41.34551307946009,40.82877815912297
2021-10-22,AAPL,71.10458709115629,71.95561544497237,70.70056591869094
2021-10-22,AMGN,163.7801852074789,165.7004174385523,162.95651982326748
2021-10-22,CRM,321.9973205960309,325.91013354090353,319.6310793470804
2021-10-22,CSCO,29.859360430581518,30.188447495840656,29.726372758033147
2021-10-22,IBM,60.36226507931274,60.922527338939474,60.08842590385565
2021-10-22,INTC,58.619541678080786,59.19011820401746,58.28433566294347
2021-10-22,MSFT,196.22862212089592,198.23786179095282,195.522285285866
2021-10-22,NKE,120.5549238453491,121.84595544657242,119.97678666754298
2021-10-22,VZ,29.378461113020187,29.564864296216008,29.31379528177803
2021-10-22,WMT,41.00896087525839,41.348632341903624,40.87008600613982
2021-10-25,AAPL,70.99873331711406,71.7688785189836,70.47315669959622
2021-10-25,AMGN,163.5394988714315,165.2945451313729,162.5453501160766
2021-10-25,CRM,322.71494778486596,326.2948299415096,319.8277702646188
2021-10-25,CSCO,29.807603758533826,30.111736167130168,29.63141922389164
2021-10-25,IBM,60.448631288439124,60.96789857351426,60.086668847830424
2021-10-25,INTC,58.58994696498656,59.11083644381618,58.191201443810755
2021-10-25,MSFT,196.00645699912465,197.8331891483676,194.91155207459056
2021-10-25,NKE,120.07430249610428,121.276437056728,119.3359839231132
2021-10-25,VZ,29.368035240242218,29.542559841837427,29.28488942314812
2021-10-25,WMT,40.96118454862013,41.31624470765612,40.79470896446467
2021-10-26,AAPL,70.94266183668753,71.7651323336911,70.48465425678658
2021-10-26,AMGN,163.3996496783514,165.26469216145452,162.51932241534792
2021-10-26,CRM,323.66693283607697,327.5075790613031,321.0822616043216
2021-10-26,CSCO,29.76971513277838,30.09159368094016,29.618771382146033
2021-10-26,IBM,60.53760712913759,61.09018453476678,60.223793239169645
2021-10-26,INTC,58.60651613637138,59.16819783225124,58.25147047117116
2021-10-26,MSFT,195.8170217365513,197.77278230469722,194.92297844823952
2021-10-26,NKE,119.65239421778986,120.91830875467761,119.01572370196
2021-10-26,VZ,29.370539908593,29.556158069196684,29.30106653397726
2021-10-26,WMT,40.957932146699335,41.31769827176655,40.81264740360844
2021-10-27,AAPL,70.87558068339607,71.67459885827425,70.38551316470297
2021-10-27,AMGN,163.23625129107424,165.0526739262438,162.30819949789924
2021-10-27,CRM,324.5764877685909,328.32608987934685,321.8423868830458
2021-10-27,CSCO,29.730719722540897,30.044914779284532,29.568251296150788
2021-10-27,IBM,60.639532329528215,61.18028218347073,60.30172390077834
2021-10-27,INTC,58.61303985067573,59.15933445580602,58.23953213020036
2021-10-27,MSFT,195.65585059074826,197.55686452810187,194.66113745282425
2021-10-27,NKE,119.22852837871615,120.4640774492637,118.54961011585524
2021-10-27,VZ,29.370089878712317,29.55176761198532,29.295104522720067
2021-10-27,WMT,40.934747936502305,41.29588557641196,40.78116474281058
2021-10-28,AAPL,70.75594873707591,71.5375935241054,70.25966115373191
2021-10-28,AMGN,162.97125669656194,164.7479227774901,162.011856620927
2021-10-28,CRM,325.21419155173066,328.8739827316692,322.41175928599495
2021-10-28,CSCO,29.669949366505207,29.976272670568637,29.503861127117908
2021-10-28,IBM,60.6877557321355,61.214740781626055,60.34422758234104
2021-10-28,INTC,58.56959554484225,59.09592863281913,58.181752786777835
2021-10-28,MSFT,195.32392916842124,197.17221675194355,194.32686095152332
2021-10-28,NKE,118.71161671854276,119.9097944913163,118.01410585108859
2021-10-28,VZ,29.35618073267154,29.531427576475068,29.275804346469933
2021-10-28,WMT,40.90141417092048,41.24707267290284,40.73901343819173
2021-10-29,AAPL,70.62948557231633,71.42865143656367,70.16685306633535
2021-10-29,AMGN,162.69563633831996,164.50731455096243,161.77932139619764
2021-10-29,CRM,325.8025426220294,329.5456634407738,323.12914672745904
2021-10-29,CSCO,29.60251243669466,29.913491110617386,29.448113913014275
2021-10-29,IBM,60.70110405593585,61.237134270273856,60.38131650073106
2021-10-29,INTC,58.51900326223089,59.054697846671516,58.146336387037294
2021-10-29,MSFT,194.89496068152712,196.77959853444736,194.00915666642885
2021-10-29,NKE,118.16580575804987,119.37503640117008,117.5122625694589
2021-10-29,VZ,29.340623221453654,29.517778243551845,29.264359261674013
2021-10-29,WMT,40.886323230633515,41.22423657537096,40.72991745775771
2021-11-01,AAPL,70.55611458507694,71.31238455626985,70.00932859254989
2021-11-01,AMGN,162.51574975984875,164.24480079905453,161.50810944313722
2021-11-01,CRM,326.70795098564196,330.309900951238,323.7016232453847
2021-11-01,CSCO,29.567873723819766,29.86841127242448,29.38526181215406
2021-11-01,IBM,60.84634812971375,61.368131368989125,60.46472134727904
2021-11-01,INTC,58.520137959982094,59.04080261536245,58.11566010517246
2021-11-01,MSFT,194.84271254095626,196.64748011416626,193.6673232069134
2021-11-01,NKE,117.7682585807026,118.94747393124825,117.0199172402117
2021-11-01,VZ,29.338228043458937,29.513741044306073,29.254107691271674
2021-11-01,WMT,40.82809718487733,41.195984288819936,40.661091194332656
2021-11-02,AAPL,70.64193631008098,71.1562712482648,69.97259489398566
2021-11-02,AMGN,162.0248433151746,163.72998544781996,160.9167440888031
2021-11-02,CRM,328.1261575068035,330.9628203956471,324.8520737362662
2021-11-02,CSCO,29.575747110359696,29.836268077756525,29.398570173160216
2021-11-02,IBM,60.518053212471465,61.17817282587589,60.22017606407796
2021-11-02,INTC,58.22267608068959,58.82195021575928,57.765483974438986
2021-11-02,MSFT,196.0575437555873,197.26501157332618,194.15963115704838
2021-11-02,NKE,118.17805529491659,118.9982197995655,117.00913835337971
2021-11-02,VZ,29.340295811148554,29.527060511227894,29.194746279271353
2021-11-02,WMT,40.91834974619699,41.21988732630711,40.679052895472914
2021-11-03,AAPL,70.70411180359947,71.21041885732026,70.03677468046956
2021-11-03,AMGN,161.63108055682125,163.32896836315808,160.5024979775912
2021-11-03,CRM,329.60005581583056,332.416243089002,326.29621095467024
2021-11-03,CSCO,29.584118071495425,29.83663994738475,29.40066404622946
2021-11-03,IBM,60.222875403636245,60.85299753247046,59.89106341353067
2021-11-03,INTC,57.959005674646576,58.53272461327758,57.494758201424084
2021-11-03,MSFT,197.1708598509361,198.37990664499605,195.25978285800403
2021-11-03,NKE,118.53892768874118,119.39501245258171,117.39549555855139
2021-11-03,VZ,29.340131044537426,29.52808517037547,29.19791854760317
2021-11-03,WMT,41.00713370142993,41.30687998090093,40.77098809151333
2021-11-04,AAPL,70.72917585815142,71.217832109621,70.0517398012766
2021-11-04,AMGN,161.26171838207134,162.929029177547,160.09629396317737
2021-11-04,CRM,331.00600373323726,333.7469152180712,327.6177322887031
2021-11-04,CSCO,29.584989630943006,29.82767967773801,29.392609542678763
2021-11-04,IBM,59.93476422045229,60.535651576261714,59.5727035320094
2021-11-04,INTC,57.698689556680876,58.2431415238279,57.22009963793051
2021-11-04,MSFT,198.15946912013547,199.33978012643763,196.20852899931796
2021-11-04,NKE,118.83287156523198,119.69494271817932,117.68730309894373
2021-11-04,VZ,29.333044630721837,29.518365174383902,29.18963610108046
2021-11-04,WMT,41.08622457327198,41.37968218087822,40.84653183848546
2021-11-05,AAPL,70.83176101666041,71.35951132599473,70.18044619765253
2021-11-05,AMGN,160.91264343529633,162.64425098571968,159.83359680551567
2021-11-05,CRM,332.66066013683394,335.61047900055314,329.42943387559694
2021-11-05,CSCO,29.60619794204653,29.867961774108355,29.431249951005178
2021-11-05,IBM,59.65985915148814,60.30329696231681,59.351755134524154
2021-11-05,INTC,57.46150716007373,58.052593371411334,57.01902614942053
2021-11-05,MSFT,199.39703574227678,200.67287476533994,197.51250692347435
2021-11-05,NKE,119.26333710095727,120.14501169778724,118.13703781285544
2021-11-05,VZ,29.342344034904954,29.535237063273918,29.20465317676492
2021-11-05,WMT,41.190281219059344,41.49994609362998,40.96076968888051
2021-11-08,AAPL,70.89710884203367,71.40802652459423,70.23604429371933
2021-11-08,AMGN,160.59074078713763,162.29261315692,159.47451159966926
2021-11-08,CRM,334.25088937271266,337.1298850843728,330.9338590402671
2021-11-08,CSCO,29.620038772171558,29.87199426534246,29.43624020935631
2021-11-08,IBM,59.39280233590964,60.00706973697802,59.05411527217464
2021-11-08,INTC,57.2284908368962,57.79097842787469,56.77194115565084
2021-11-08,MSFT,200.5111437155806,201.75928401845468,198.58588683755798
2021-11-08,NKE,119.62646621181797,120.51663723400131,118.49843958532009
2021-11-08,VZ,29.344762833989993,29.53530395298245,29.20610646683815
2021-11-08,WMT,41.28476362001317,41.588499461213765,41.05202454925382
2021-11-09,AAPL,71.02464975513128,71.56355202583107,70.37266562806398
2021-11-09,AMGN,160.18316664201137,161.91683220757068,159.13383849266103
2021-11-09,CRM,335.917110228217,338.93902324893594,332.684818165795
2021-11-09,CSCO,29.64331275290991,29.912924767710294,29.47415075057983
2021-11-09,IBM,59.10155770849525,59.76147981969768,58.8252053006096
2021-11-09,INTC,56.974940506833576,57.581083766531314,56.545735520100685
2021-11-09,MSFT,201.8636660168371,203.16924457906748,199.96672802445346
2021-11-09,NKE,120.10921254529255,120.97628315871695,118.9583698166643
2021-11-09,VZ,29.357440064672275,29.55042136635559,29.218052425228258
2021-11-09,WMT,41.39332722444342,41.70779151723506,41.16134348520165
2021-11-10,AAPL,71.09758905615566,71.61526854288266,70.4434347670297
2021-11-10,AMGN,159.92452371784196,161.6361387836553,158.82240822262617
2021-11-10,CRM,337.62110169171456,340.56212450829935,334.31018137967794
2021-11-10,CSCO,29.66309053621633,29.91588888457129,29.480102147017078
2021-11-10,IBM,58.85847460548482,59.46431102176239,58.517074932093145
2021-11-10,INTC,56.76870701841287,57.326631056431204,56.31962824888334
2021-11-10,MSFT,202.9930104830342,204.27814137740012,201.06451834220172
2021-11-10,NKE,120.48270867151068,121.40361480033151,119.37071019693204
2021-11-10,VZ,29.363063623357995,29.55642511353058,29.22781199787244
2021-11-10,WMT,41.49417887754178,41.802168592450045,41.26532801028884
2021-11-11,AAPL,71.2463997493316,71.79393502181875,70.58338416563937
2021-11-11,AMGN,159.3602850691565,161.07354093248918,158.33414732800043
2021-11-11,CRM,339.15848119189167,342.22938796790754,335.8769646540924
2021-11-11,CSCO,29.680533131070707,29.959490418468313,29.51817774953102
2021-11-11,IBM,58.51724047713229,59.20418096650919,58.29033222322737
2021-11-11,INTC,56.46029711069798,57.0888377255011,56.04339530108273
2021-11-11,MSFT,204.50254335125373,205.81195539910797,202.56501106725364
2021-11-11,NKE,121.0214107308519,121.8385593534975,119.80730615998064
2021-11-11,VZ,29.375425693330893,29.56529317314931,29.229639769479014
2021-11-11,WMT,41.599909733086434,41.91717425020018,41.35892297840381
2021-11-12,AAPL,71.27539380539912,71.76973900859409,70.5946282107634
2021-11-12,AMGN,159.0038920102072,160.65229320039762,157.85893724143813
2021-11-12,CRM,340.6258635406303,343.456996463584,337.15037302258105
2021-11-12,CSCO,29.682852994201273,29.927089058670827,29.490554800406517
2021-11-12,IBM,58.24017547400749,58.82529237374295,57.88941688504454
2021-11-12,INTC,56.21033460335763,56.74234277787024,55.74565130128846
2021-11-12,MSFT,205.5365314459929,206.76669011814386,203.51839882881882
2021-11-12,NKE,121.32748292222061,122.21087368023841,120.16154588231748
2021-11-12,VZ,29.369312354631553,29.55541529413862,29.2263036624858
2021-11-12,WMT,41.68176185258801,41.980315274957135,41.439526137797245
2021-11-15,AAPL,71.36979243886805,71.89635092394334,70.70712308938278
2021-11-15,AMGN,158.62636645520556,160.319937711807,157.5522886145456
2021-11-15,CRM,342.2583164717431,345.2629875100876,338.9003215032099
2021-11-15,CSCO,29.699568711087387,29.960767571310328,29.522467596054085
2021-11-15,IBM,57.961140407718034,58.58556516696773,57.66273873169232
2021-11-15,INTC,55.96485462506988,56.53797700491371,55.529894131042184
2021-11-15,MSFT,206.80546953872474,208.11080040626058,204.83416585818824
2021-11-15,NKE,121.75414677449389,122.64036276580035,120.58978746231583
2021-11-15,VZ,29.375812307321336,29.567012050215062,29.23575287437071
2021-11-15,WMT,41.78244673596161,42.09413839562435,41.54623498794158
2021-11-16,AAPL,71.47842334349414,72.01508782141914,70.82654435748944
2021-11-16,AMGN,158.3116137549165,160.02421710267814,157.25609679373483
2021-11-16,CRM,344.02004009938753,347.09471263532527,340.7006473689531
2021-11-16,CSCO,29.72398119350583,29.98745404194821,29.54955123757209
2021-11-16,IBM,57.70522482824004,58.3274960206285,57.40625939252723
2021-11-16,INTC,55.74641972694039,56.3217481595871,55.32023948283978
2021-11-16,MSFT,208.1078996948959,209.45149963342107,206.15239683299964
2021-11-16,NKE,122.20192847719943,123.11834976001127,121.05960346481504
2021-11-16,VZ,29.386935993782313,29.58173688075804,29.25098723221987
2021-11-16,WMT,41.89150875115755,42.20838372531836,41.66103374133174
2021-11-17,AAPL,71.54979577052455,72.06583077753683,70.87769936761046
2021-11-17,AMGN,157.9379014656089,159.6059019665506,156.84426024759316
2021-11-17,CRM,345.60517569235884,348.5780750370706,342.1643180388162
2021-11-17,CSCO,29.73526640991733,29.990893950147655,29.552368806359304
2021-11-17,IBM,57.42805370468081,58.032381323135624,57.115174443443216
2021-11-17,INTC,55.499742540596586,56.052702813836774,55.05820876870916
2021-11-17,MSFT,209.3093948043919,210.60511703797187,207.29179269718122
2021-11-17,NKE,122.58924078105382,123.47873541052395,121.41283767335975
2021-11-17,VZ,29.388821211029864,29.5780062166042,29.247242736657398
2021-11-17,WMT,41.98573658926955,42.29420443139115,41.74543773790918
2021-11-18,AAPL,71.60701611781633,72.11180275158421,70.9098913179031
2021-11-18,AMGN,157.37316635709035,158.98974604732786,156.2635334853997
2021-11-18,CRM,346.9019777185265,349.8059401773687,343.33855977297736
2021-11-18,CSCO,29.72981685219917,29.986395894226582,29.54607908652195
2021-11-18,IBM,57.08685825557943,57.70328821568709,56.80232231566352
2021-11-18,INTC,55.1791870414942,55.7363046596967,54.73304343808379
2021-11-18,MSFT,210.55249747954056,211.79485219232274,208.46375083780325
2021-11-18,NKE,122.97027327011065,123.7862010036536,121.71407486371298
2021-11-18,VZ,29.382328280836198,29.56386856816545,29.230443078071005
2021-11-18,WMT,42.06387529723397,42.3663208992993,41.8082430142582
2021-11-19,AAPL,71.72575748245178,72.26900165056061,71.07728084763792
2021-11-19,AMGN,157.09268446489284,158.80552510688082,156.0562485318054
2021-11-19,CRM,348.75822865937556,351.9028388773976,345.4277511955934
2021-11-19,CSCO,29.7588213355715,30.024273720696833,29.5856985217038
2021-11-19,IBM,56.84606019468148,57.46081970028758,56.5523100280637
2021-11-19,INTC,54.9774926226024,55.54752060040539,54.560776443333395
2021-11-19,MSFT,211.89394325492881,213.28052420034888,209.92014213168255
2021-11-19,NKE,123.43720685315635,124.37518093508058,122.29760912428857
2021-11-19,VZ,29.396330032936266,29.59286862409137,29.262267022387906
2021-11-19,WMT,42.17864532401601,42.49988164007722,41.949588509179065
2021-11-22,AAPL,71.8989734918288,72.46744813106076,71.25450076164088
2021-11-22,AMGN,156.69622876376383,158.42708952272065,155.71524709793718
2021-11-22,CRM,350.62505070125087,353.89946261317806,347.3489432727904
2021-11-22,CSCO,29.792847002364354,30.074882748638498,29.63348922787239
2021-11-22,IBM,56.57063676542527,57.2287679148559,56.33795566031352
2021-11-22,INTC,54.742087463262315,55.35324564639869,54.34898438007459
2021-11-22,MSFT,213.48408063773118,214.91484255579303,211.52222593558815
2021-11-22,NKE,124.0160721020503,124.91958483122325,122.8377328072027
2021-11-22,VZ,29.417880458553316,29.61548115621497,29.28131765447902
2021-11-22,WMT,42.303075027141496,42.63371023798605,42.07209069891917
2021-11-23,AAPL,71.97508637292383,72.49830378646237,71.3052289856375
2021-11-23,AMGN,156.36270091521618,158.02380393130116,155.28534365120296
2021-11-23,CRM,352.301890458236,355.35802677431496,348.8187740878423
2021-11-23,CSCO,29.80769292140711,30.064185021938236,29.62533491446481
2021-11-23,IBM,56.31129133058795,56.90211731104826,56.00116772951154
2021-11-23,INTC,54.514189295752,55.05805031141234,54.0833803273015
2021-11-23,MSFT,214.72186256400516,216.06460433997333,212.6650086077414
2021-11-23,NKE,124.4135760931465,125.33303991710493,123.23463612082936
2021-11-23,VZ,29.421664527654006,29.61294562961414,29.28230655193119
2021-11-23,WMT,42.40180527563774,42.71538319728123,42.16268396379456
2021-11-24,AAPL,72.13214249641027,72.69776354966358,71.49357934793228
2021-11-24,AMGN,156.0920216286392,157.8248786829011,155.10094189255383
2021-11-24,CRM,354.30714790029464,357.60427873823755,351.010833751858
2021-11-24,CSCO,29.846363022440443,30.1218130282462,29.68152471031392
2021-11-24,IBM,56.07865918832366,56.70624062048347,55.813780152156106
2021-11-24,INTC,54.32427179406244,54.91065580188062,53.92846110159632
2021-11-24,MSFT,216.22215995482233,217.6819760984258,214.24800018977956
2021-11-24,NKE,124.9543728580981,125.91273328627715,123.81185333808237
2021-11-24,VZ,29.44344250594874,29.644007733589017,29.312027479410812
2021-11-24,WMT,42.529541848961,42.861319004294955,42.30407236350383
2021-11-26,AAPL,72.25904267107911,72.81065435598656,71.60937715463234
2021-11-26,AMGN,155.8206131325803,157.52645891574514,154.80016201634064
2021-11-26,CRM,356.2335397765614,359.4692788807091,352.8507561345812
2021-11-26,CSCO,29.877696993825793,30.14587214302618,29.705701560576085
2021-11-26,IBM,55.844800719576135,56.452209944175316,55.560189162359656
2021-11-26,INTC,54.12947970627065,54.69516464651177,53.72265731361802
2021-11-26,MSFT,217.6256315361771,219.05970942484956,215.60746075064912
2021-11-26,NKE,125.44159233668792,126.39940219506057,124.28770634550077
2021-11-26,VZ,29.45912240959068,29.657104123004732,29.325724284587103
2021-11-26,WMT,42.648245775446085,42.97489026855813,42.41829250001061
2021-11-29,AAPL,72.34671543235716,72.87646045641453,71.67116570284487
2021-11-29,AMGN,155.43704755452697,157.08784211040032,154.37603616693747
2021-11-29,CRM,357.8980563246307,361.0173708883306,354.362658573058
2021-11-29,CSCO,29.891616857948097,30.152848774951774,29.711813255635327
2021-11-29,IBM,55.57225897967378,56.1681179425609,55.28341011118388
2021-11-29,INTC,53.886643058700656,54.43502902476693,53.46470531909963
2021-11-29,MSFT,218.9486485316958,220.31792072893214,216.84995629379782
2021-11-29,NKE,125.86934563235766,126.77946033369194,124.65851295860425
2021-11-29,VZ,29.463632711679224,29.654314455807175,29.322054430042428
2021-11-29,WMT,42.74790049236803,43.06503934618282,42.50439144402655
2021-11-30,AAPL,72.4544090623465,72.99328621330318,71.7797086325563
2021-11-30,AMGN,155.01516116015614,156.6699836541295,153.97612034144396
2021-11-30,CRM,359.57426998779886,362.748211108282,356.05038234496584
2021-11-30,CSCO,29.907554824328432,30.174806705827738,29.732532544372166
2021-11-30,IBM,55.28925419714786,55.89823432405541,55.02259299601356
2021-11-30,INTC,53.63360847321239,54.19431151465636,53.22107027474971
2021-11-30,MSFT,220.36623894850274,221.75771857355704,218.26466449434685
2021-11-30,NKE,126.33916053180259,127.23856385673602,125.1124891636288
2021-11-30,VZ,29.470971443034827,29.66198984614769,29.328477930161682
2021-11-30,WMT,42.851404592172585,43.17226582481157,42.606803316397745
2021-12-01,AAPL,72.53312789198543,73.06353994292253,71.86816564643114
2021-12-01,AMGN,154.7755781115476,156.4371807708773,153.71354736575827
2021-12-01,CRM,361.42534689043924,364.58687563336144,357.89489914085243
2021-12-01,CSCO,29.929247498218,30.18516819861202,29.745458063175562
2021-12-01,IBM,55.065622497569734,55.63388796319976,54.747830882672474
2021-12-01,INTC,53.44412934568937,53.9711870995532,53.02307302606066
2021-12-01,MSFT,221.61014194617206,223.02063125760924,219.511674684818
2021-12-01,NKE,126.73906637788579,127.71257281077824,125.57447205819341
2021-12-01,VZ,29.47776079957622,29.672572961582055,29.342745663745767
2021-12-01,WMT,42.95777569990184,43.27764880207977,42.7220841518129
2021-12-02,AAPL,72.90504210045475,73.41022266134304,71.9610542329344
2021-12-02,AMGN,154.0670306958315,155.7093949306347,153.04813054865076
2021-12-02,CRM,362.6367364892601,367.0650246633497,358.31371167548525
2021-12-02,CSCO,29.848987017212572,30.095952807472468,29.5085441168664
2021-12-02,IBM,54.92536534912075,55.459985017084655,54.52152983097055
2021-12-02,INTC,53.421782251896836,53.8855338997871,52.797057560232886
2021-12-02,MSFT,221.43166576899597,223.10886932994399,219.5420186668022
2021-12-02,NKE,126.90279264438203,127.91524326893507,125.57769932592271
2021-12-02,VZ,29.430958685968665,29.628601839384338,29.245957641630223
2021-12-02,WMT,42.99586741242094,43.33920967105456,42.685263095138126
2021-12-03,AAPL,73.24813686167091,73.83092451738311,72.32924024077032
2021-12-03,AMGN,153.43579209414995,155.1464806293994,152.38904202925812
2021-12-03,CRM,361.90309788078804,367.85581362134195,357.7370204010816
2021-12-03,CSCO,29.773474167105437,30.037822106708187,29.44365236541686
2021-12-03,IBM,54.78297866106379,55.32998004913602,54.392425059165404
2021-12-03,INTC,53.36906644878949,53.88619890526436,52.7630401074064
2021-12-03,MSFT,221.22583605234564,223.07056543682913,219.38352203328088
2021-12-03,NKE,126.97431443142266,128.14859351303224,125.69410566747742
2021-12-03,VZ,29.372915032879156,29.588651127070342,29.19371717377477
2021-12-03,WMT,42.98753552955953,43.36072169573179,42.68608463130069
2021-12-06,AAPL,73.55303404352328,74.17582909282228,72.64064296455393
2021-12-06,AMGN,152.82259410374698,154.55431623903488,151.73894988124883
2021-12-06,CRM,360.113274943937,366.59831700699425,356.0074610291436
2021-12-06,CSCO,29.69467272498842,29.966075321734902,29.36866072859294
2021-12-06,IBM,54.62745706671124,55.175647641751986,54.23994469683246
2021-12-06,INTC,53.28017467350897,53.82227856285564,52.680106611699294
2021-12-06,MSFT,220.9563762812915,222.87701623837083,219.11984304136357
2021-12-06,NKE,126.95235204239255,128.2090914722226,125.6845566543292
2021-12-06,VZ,29.30264742493993,29.5268371515999,29.124917583802663
2021-12-06,WMT,42.940959389787906,43.32831159344989,42.64157378230531
2021-12-07,AAPL,73.94368760764371,74.53021974044248,73.0278109297945
2021-12-07,AMGN,152.24276451843295,153.9593275591093,151.24955288468487
2021-12-07,CRM,359.8905477445245,365.2960863349255,355.81928344073395
2021-12-07,CSCO,29.631808851318038,29.897351823280037,29.308605989999343
2021-12-07,IBM,54.51026190233285,55.063535737241004,54.130844684755644
2021-12-07,INTC,53.26523358939174,53.78269738379138,52.67101053516379
2021-12-07,MSFT,220.86005752784888,222.7135656998743,219.06358455090364
2021-12-07,NKE,127.10605701814211,128.26458523220356,125.84688512655627
2021-12-07,VZ,29.256584464479797,29.471642364409572,29.08235300381738
2021-12-07,WMT,42.95819850014331,43.33130131543022,42.66409572399446
2021-12-08,AAPL,74.29457978345522,74.92504985776509,73.38478619861637
2021-12-08,AMGN,151.6804674884238,153.4200946664773,150.64853900277524
2021-12-08,CRM,358.46382108782365,364.69451264284,354.4497728608644
2021-12-08,CSCO,29.565150927292212,29.838329867786566,29.245479250398827
2021-12-08,IBM,54.37895128779492,54.93358538579867,54.00225795817929
2021-12-08,INTC,53.2127547032619,53.75745460267337,52.62373410353268
2021-12-08,MSFT,220.69271007458912,222.62836059006528,218.90016445134574
2021-12-08,NKE,127.16287510478173,128.41398270804748,125.91584159252616
2021-12-08,VZ,29.197864710311542,29.422119083230974,29.024839017847373
2021-12-08,WMT,42.9355497390812,43.32416682170721,42.64303959709924
2021-12-09,AAPL,74.72005093795309,75.25809462702655,73.77516155334614
2021-12-09,AMGN,151.0614965115456,152.71558189794496,150.10706871059023
2021-12-09,CRM,359.6824722021392,364.02813972278733,355.52179400401803
2021-12-09,CSCO,29.50165455228166,29.75378629432734,29.173865088853603
2021-12-09,IBM,54.26864271098433,54.81139256288674,53.8839650289789
2021-12-09,INTC,53.226608760258614,53.70576438459353,52.621843224654654
2021-12-09,MSFT,220.63612894177882,222.37020725330026,218.81705517577447
2021-12-09,NKE,127.39880529733004,128.4437559360309,126.10824147821769
2021-12-09,VZ,29.162224039298724,29.363587541254834,28.985461724567827
2021-12-09,WMT,42.99096887736215,43.343154374801415,42.69143446177229
2021-12-10,AAPL,75.0795939999789,75.75148147607304,74.1780956069952
2021-12-10,AMGN,150.5548678787703,152.32321220817545,149.53547271519892
2021-12-10,CRM,357.75160585137235,364.51071927546707,353.84116400083497
2021-12-10,CSCO,29.442158826922167,29.723411577505424,29.129944403107853
2021-12-10,IBM,54.146682806732464,54.70869426047643,53.78070615699574
2021-12-10,INTC,53.176585698801006,53.746023292959265,52.599843109151216
2021-12-10,MSFT,220.4976948662552,222.5144224957033,218.7441505879799
2021-12-10,NKE,127.4499082449534,128.7722918181735,126.23001781450606
2021-12-10,VZ,29.10367586081922,29.335674186575638,28.935143819326377
2021-12-10,WMT,42.95922706747684,43.36183516392995,42.6731912049717
2021-12-13,AAPL,75.53679917013818,75.9692516401582,74.52965066712225
2021-12-13,AMGN,149.80838608203976,151.33090921960166,148.8888967447923
2021-12-13,CRM,362.0624461694949,364.69682386516797,357.6164066638768
2021-12-13,CSCO,29.36579947349301,29.58938783595168,29.022373077947282
2021-12-13,IBM,54.02842305342708,54.543774108395446,53.62253336476833
2021-12-13,INTC,53.21950939230317,53.619846819441754,52.58199180607355
2021-12-13,MSFT,220.42754019627642,221.906642243742,218.5191408823214
2021-12-13,NKE,127.79261170561344,128.61700196517347,126.41808852483042
2021-12-13,VZ,29.080069121376994,29.254184304767406,28.893411354139356
2021-12-13,WMT,43.07638774004234,43.38564367251703,42.758669199958945
2021-12-14,AAPL,75.85426582106803,76.49890709863924,74.91461867935294
2021-12-14,AMGN,149.21525992723556,150.910129819147,148.1601676097095
2021-12-14,CRM,360.1465591952256,366.7486182559719,356.0507370425334
2021-12-14,CSCO,29.289059907177414,29.557557845144487,28.96793748213131
2021-12-14,IBM,53.8768377833717,54.41856243171634,53.49565879711488
2021-12-14,INTC,53.133296933582955,53.67562895974617,52.5357428229763
2021-12-14,MSFT,220.1633206423983,222.08379164252187,218.33766216728054
2021-12-14,NKE,127.7750454275692,129.0448564298643,126.50226690215081
2021-12-14,VZ,29.01120937865062,29.233741985774262,28.83554407930521
2021-12-14,WMT,43.03028787496015,43.4193815072159,42.73078263579762
2021-12-15,AAPL,76.24827455450755,76.83832384110931,75.29346075247082
2021-12-15,AMGN,148.61920820571746,150.27408454958496,147.6411192941564
2021-12-15,CRM,360.54127379207364,365.72081127144,356.4084086382599
2021-12-15,CSCO,29.222064058817843,29.479641586398575,28.89968132933567
2021-12-15,IBM,53.75359557722562,54.29344129771034,53.37394114026166
2021-12-15,INTC,53.11206071696147,53.61700271481776,52.512266693149975
2021-12-15,MSFT,220.03623611238277,221.8460800707088,218.22283298621971
2021-12-15,NKE,127.92196291630104,129.06140066666745,126.63775744192921
2021-12-15,VZ,28.964055054087993,29.173312628898184,28.789032058385402
2021-12-15,WMT,43.050004389093836,43.417947123879834,42.75096897155278
2021-12-16,AAPL,76.65808793070232,77.28225023577873,75.71792916938396
2021-12-16,AMGN,148.07998023236152,149.768542260932,147.11855584424276
2021-12-16,CRM,360.44874576913804,365.96527769656916,356.41723828123924
2021-12-16,CSCO,29.163925347453883,29.42942882650245,28.849017450266327
2021-12-16,IBM,53.64348938567306,54.19270188063481,53.2745948582588
2021-12-16,INTC,53.100400023218334,53.627830931247146,52.51433198922464
2021-12-16,MSFT,219.96296233814346,221.84616387973676,218.19274361170977
2021-12-16,NKE,128.07961782184572,129.27663430485853,126.8251900257637
2021-12-16,VZ,28.919219211335154,29.135661782998334,28.749139912277823
2021-12-16,WMT,43.06595753361669,43.44633522942999,42.774763533133815
2021-12-17,AAPL,77.03079947335057,77.64384341001347,76.06871328903328
2021-12-17,AMGN,147.4870544919998,149.13723984034965,146.49222032629024
2021-12-17,CRM,359.9484588788631,365.6173850002366,355.8266593805056
2021-12-17,CSCO,29.093738557827972,29.35291069333091,28.77315430359875
2021-12-17,IBM,53.51116923341631,54.04819328707667,53.13247479818476
2021-12-17,INTC,53.05751810777444,53.572482412063245,52.45864114489374
2021-12-17,MSFT,219.7901118163847,221.62811992054736,217.9729670562884
2021-12-17,NKE,128.1721232998003,129.35335502680744,126.88668370635283
2021-12-17,VZ,28.86506638057861,29.077284041340715,28.690365739809035
2021-12-17,WMT,43.06375851944681,43.43791949695065,42.76415803939571
2021-12-20,AAPL,77.39395830222051,77.89341925181233,76.36425891301846
2021-12-20,AMGN,146.73193719402744,148.24253175256618,145.73173122827652
2021-12-20,CRM,361.7463312252956,365.7780873205382,357.28870188459865
2021-12-20,CSCO,29.001320263883922,29.23033840257518,28.660927535464293
2021-12-20,IBM,53.3516164858853,53.85544040794135,52.94439452698509
2021-12-20,INTC,53.01174971477161,53.44466041088351,52.37239406663352
2021-12-20,MSFT,219.51650698898834,221.08588244355474,217.57787085478876
2021-12-20,NKE,128.29866529697784,129.25888787079288,126.91361803485371
2021-12-20,VZ,28.812850190529865,28.997364043431432,28.624896618903147
2021-12-20,WMT,43.09887014367352,43.42829613795431,42.77583584124256
2021-12-21,AAPL,77.820960007584,78.46925560562555,76.87656231663114
2021-12-21,AMGN,146.2284525801706,147.9158102835276,145.28932620306298
2021-12-21,CRM,361.45565588124975,367.21052055302704,357.4659393606341
2021-12-21,CSCO,28.948719450316677,29.21642566498321,28.639570311534168
2021-12-21,IBM,53.25048556451752,53.80127620293014,52.88969209396319
2021-12-21,INTC,53.00821999457188,53.545266757068674,52.43008997934312
2021-12-21,MSFT,219.47539431543632,221.39067065881224,217.7326265748595
2021-12-21,NKE,128.46993864770124,129.69726532504555,127.22829911516797
2021-12-21,VZ,28.770425774342836,28.989237653257025,28.603629995781024
2021-12-21,WMT,43.11570023027219,43.50225784638023,42.828293953818154
2021-12-22,AAPL,78.31640272877894,78.85464353666947,77.3238819401597
2021-12-22,AMGN,145.63928020011429,147.22390054865707,144.76509862047433
2021-12-22,CRM,364.4874733091591,368.20333416936535,360.2731151740364
2021-12-22,CSCO,28.89366237222562,29.136678585509763,28.57275435928141
2021-12-22,IBM,53.16127124013574,53.69461633557555,52.78671393506956
2021-12-22,INTC,53.06352729420772,53.52567246490408,52.46168643379379
2021-12-22,MSFT,219.50967884764754,221.18991870191692,217.71431060549304
2021-12-22,NKE,128.81309625272957,129.81008302354454,127.50888755490838
2021-12-22,VZ,28.748911242528383,28.941997753677718,28.57569665328473
2021-12-22,WMT,43.213064549694614,43.55798655511611,42.91377501275472
2021-12-23,AAPL,78.70082444307187,79.34919405929313,77.73063893514315
2021-12-23,AMGN,145.08742785925216,146.73522063664933,144.11207471213027
2021-12-23,CRM,363.9219427985471,369.75869188512286,359.8152487417536
2021-12-23,CSCO,28.82860820021067,29.09086145154751,28.515117818021512
2021-12-23,IBM,53.03592014789048,53.57423925490974,52.66630770619379
2021-12-23,INTC,53.02247230402754,53.55254424930437,52.43230470772318
2021-12-23,MSFT,219.36294738615956,221.2466293113358,217.57346889647238
2021-12-23,NKE,128.9032996807591,130.13055898677618,127.62940580556186
2021-12-23,VZ,28.69515869643913,28.91125186401266,28.524266513388508
2021-12-23,WMT,43.206074186811456,43.589967320233235,42.910265096168516
2021-12-27,AAPL,79.17829376540922,79.81832611373278,78.2181408352238
2021-12-27,AMGN,144.60299474727432,146.26750029240398,143.71351442591293
2021-12-27,CRM,364.90142210456935,370.0816428614203,360.88802410418657
2021-12-27,CSCO,28.783524071514016,29.047278165558012,28.47713239484211
2021-12-27,IBM,52.952790230505435,53.503299009534544,52.59728635640597
2021-12-27,INTC,53.054219850949615,53.5804493005635,52.478313112491165
2021-12-27,MSFT,219.40528679626755,221.28924178501327,217.68127684626742
2021-12-27,NKE,129.16241741890252,130.3489604371649,127.91865155843604
2021-12-27,VZ,28.664278366012628,28.8783101731064,28.499613164332708
2021-12-27,WMT,43.25603205108275,43.63714630252004,42.970303423208506
2021-12-28,AAPL,79.62439956174943,80.28723027092221,78.6609881358386
2021-12-28,AMGN,144.11526440880127,145.78137037025004,143.19799509170255
2021-12-28,CRM,364.9765025370652,370.55707034749855,360.9613940409717
2021-12-28,CSCO,28.733720640861048,28.99982516835845,28.427993641406413
2021-12-28,IBM,52.85708515554179,53.405504112937585,52.500723073455056
2021-12-28,INTC,53.05792895622422,53.595726093577106,52.48169713626234
2021-12-28,MSFT,219.38861793730197,221.30482623029218,217.65508748949063
2021-12-28,NKE,129.35148720371703,130.58270098691332,128.10555238161268
2021-12-28,VZ,28.62430863807812,28.842035131345444,28.459317487279375
2021-12-28,WMT,43.2789206091308,43.6669586438965,42.9920801345401
2021-12-29,AAPL,80.02975225624924,80.64593602525328,79.02428195338355
2021-12-29,AMGN,143.5276818784609,145.11870050054378,142.57578625049229
2021-12-29,CRM,365.40244093698794,370.62851960048846,361.1920369124296
2021-12-29,CSCO,28.665486934503132,28.916822300406757,28.34810061695384
2021-12-29,IBM,52.73160230386003,53.25884409183833,52.35687263001079
2021-12-29,INTC,53.030475905998905,53.53216436776009,52.42921857877548
2021-12-29,MSFT,219.24515924774582,221.0378475684507,217.42793109251033
2021-12-29,NKE,129.48747521582234,130.63661272114655,128.18073817870112
2021-12-29,VZ,28.57595160393002,28.781620521997386,28.402403214080657
2021-12-29,WMT,43.29572930835539,43.66447803111761,42.99348270696509
2021-12-30,AAPL,80.46279975228971,81.04120932013373,79.43736271531517
2021-12-30,AMGN,142.91499195900298,144.46721264163173,141.98980114115645
2021-12-30,CRM,367.0159309514303,371.5628491999325,362.7235245456839
2021-12-30,CSCO,28.597213270700315,28.83973777563374,28.276556864044018
2021-12-30,IBM,52.61164419276665,53.132471998103405,52.233325604711446
2021-12-30,INTC,53.025009582504595,53.500229904198164,52.41628183827992
2021-12-30,MSFT,219.13278113094805,220.84363141352725,217.3008429862546
2021-12-30,NKE,129.6870882891522,130.75571047889702,128.3586918309195
2021-12-30,VZ,28.535329801232297,28.731815583923005,28.359968436394063
2021-12-30,WMT,43.3417997457728,43.696000643239415,43.03565828348686
2021-12-31,AAPL,80.85768040451458,81.58612512161851,79.89247229375675
2021-12-31,AMGN,142.44900865520287,144.12950542988833,141.49121405511733
2021-12-31,CRM,365.5457015082463,372.19742121799476,361.57337716090683
2021-12-31,CSCO,28.54250049157782,28.816630453643644,28.241815584407437
2021-12-31,IBM,52.498312999080795,53.04587699064475,52.14615513703532
2021-12-31,INTC,52.98084969070451,53.55187984007628,52.41040360327994
2021-12-31,MSFT,219.0225169317103,221.03818813277675,217.29314544666747
2021-12-31,NKE,129.75097494465913,131.10255834608176,128.516358925042
2021-12-31,VZ,28.47968898464512,28.707895084892442,28.316283871849752
2021-12-31,WMT,43.31407985666843,43.72197412252695,43.02831160054029
2022-01-03,AAPL,81.12257668754619,81.8725549446576,80.09936097787168
2022-01-03,AMGN,142.66770751775417,143.99367767425733,141.2751401528317
2022-01-03,CRM,364.52491721532454,368.78771415523704,360.0632567106103
2022-01-03,CSCO,28.61309672598495,28.82258589308128,28.273136300345488
2022-01-03,IBM,52.57445241013081,52.98271651776564,52.06350050526478
2022-01-03,INTC,52.927911375643795,53.442774342228475,52.40001921196378
2022-01-03,MSFT,219.5140097395062,221.20598814705164,217.07922957918518
2022-01-03,NKE,129.87947331266218,131.33410155839445,128.62221168305425
2022-01-03,VZ,28.453763530379316,28.659919241998857,28.264405309919177
2022-01-03,WMT,43.28726640931531,43.619625815227685,42.95531599369688
2022-01-04,AAPL,81.37877548147172,82.16401073154066,80.49064258904694
2022-01-04,AMGN,142.82799625166103,144.25999953789773,141.6412009180408
2022-01-04,CRM,363.7088183794707,368.01822485289983,359.8701464227557
2022-01-04,CSCO,28.679683680261356,28.899004737916595,28.388030367462374
2022-01-04,IBM,52.662178613608766,53.1024569026416,52.227133073821726
2022-01-04,INTC,52.89494101833761,53.452971576362856,52.44805794489921
2022-01-04,MSFT,219.8488256840666,221.6631123107772,217.7466968530049
2022-01-04,NKE,130.00301662344884,131.42752986052656,128.90427871792843
2022-01-04,VZ,28.424168150697838,28.635781249493437,28.260454855278496
2022-01-04,WMT,43.34197580918933,43.65920020111024,42.9985858804718
2022-01-05,AAPL,81.56994238922188,82.31077355742592,80.60445670077009
2022-01-05,AMGN,142.90636813549222,144.24952558186797,141.60072885426666
2022-01-05,CRM,362.5071991056954,366.59830751943,358.3267267329803
2022-01-05,CSCO,28.72650764694992,28.931828575629577,28.408530105334176
2022-01-05,IBM,52.70812204590761,53.11953546881417,52.231599241390526
2022-01-05,INTC,52.806191086657755,53.32382701807931,52.3125635083429
2022-01-05,MSFT,220.0665502338214,221.74968145220168,217.77689921665404
2022-01-05,NKE,130.02388805994744,131.40290605240773,128.82088625416606
2022-01-05,VZ,28.380999375853897,28.58193802118854,28.201467187076567
2022-01-05,WMT,43.347907570952096,43.65508376264724,42.99208989331348
2022-01-06,AAPL,81.78635336710366,82.5379716138091,80.81593997090329
2022-01-06,AMGN,143.02517742658063,144.37832462004988,141.71689915568138
2022-01-06,CRM,361.3975066165144,365.5326949656038,357.2247240596601
2022-01-06,CSCO,28.780850514285834,28.98946755592188,28.46093693653207
2022-01-06,IBM,52.7663158365973,53.18194640636579,52.287443828726154
2022-01-06,INTC,52.73209316021628,53.25342892996941,52.23878546542525
2022-01-06,MSFT,220.3547058631313,222.0618111387041,218.0572468120412
2022-01-06,NKE,130.08143356008267,131.48332905606574,128.8813299805937
2022-01-06,VZ,28.343357517904703,28.546466647948147,28.16429872711411
2022-01-06,WMT,43.35365905678789,43.66752983153805,43.00432224519428
2022-01-07,AAPL,82.01085007002499,82.77987973047864,81.08157238787662
2022-01-07,AMGN,143.14237057717486,144.53558994481543,141.89913977022212
2022-01-07,CRM,360.4012675165107,364.57146659261457,356.4378681226705
2022-01-07,CSCO,28.837671566077198,29.051260030204975,28.532753439498627
2022-01-07,IBM,52.83347422634915,53.261335245185556,52.378463052493245
2022-01-07,INTC,52.67193982821866,53.20916051560132,52.205412104001326
2022-01-07,MSFT,220.62659240714757,222.38366998874062,218.4327806963061
2022-01-07,NKE,130.15296116243513,131.5549722387766,129.00503209666192
2022-01-07,VZ,28.30690268960637,28.512602958557466,28.1365487003842
2022-01-07,WMT,43.386250196991746,43.69817961699107,43.035884338343536
2022-01-10,AAPL,82.2623899374475,83.01741282273731,81.22990153104566
2022-01-10,AMGN,143.33331568939784,144.66153723782145,141.94049378534038
2022-01-10,CRM,359.3375741739275,363.5014757133509,354.95629020066315
2022-01-10,CSCO,28.903643455336663,29.11341406185679,28.562256124036054
2022-01-10,IBM,52.90210228386775,53.31114910707702,52.39094812981039
2022-01-10,INTC,52.609557405755496,53.119173554806835,52.08690621728582
2022-01-10,MSFT,221.06857200824095,222.76078766950243,218.6282504602526
2022-01-10,NKE,130.2568917786775,131.69990048921395,128.99765167963193
2022-01-10,VZ,28.277364722963025,28.480738808049548,28.089570647210763
2022-01-10,WMT,43.361313339688216,43.689361969389815,43.02410788908064
2022-01-11,AAPL,82.45537853177103,83.21706057033145,81.5297775100963
2022-01-11,AMGN,143.39586601493858,144.7820772513478,142.1608476394696
2022-01-11,CRM,358.22945699037865,362.2976555637119,354.31366668740935
2022-01-11,CSCO,28.949989808791262,29.160565705129297,28.647094860538914
2022-01-11,IBM,52.95408291179477,53.37936194808644,52.50272877378951
2022-01-11,INTC,52.52970263910114,53.06051969647944,52.06730903948375
2022-01-11,MSFT,221.23655547587518,222.9753626197865,219.0565066638751
2022-01-11,NKE,130.2808019910468,131.65404097316798,129.13387724244265
2022-01-11,VZ,28.233815692978943,28.43608465506322,28.064274506872263
2022-01-11,WMT,43.39641677336341,43.69914656352843,43.03704953777487
2022-01-12,AAPL,82.74081669787817,83.51455354639161,81.7071558258465
2022-01-12,AMGN,143.63731564404645,144.98712655534672,142.2512949212752
2022-01-12,CRM,357.3042848280633,361.52483756634524,352.9788464967881
2022-01-12,CSCO,29.026303553836012,29.241582699044216,28.684780558787153
2022-01-12,IBM,53.03966831607821,53.45650686022339,52.52956444534883
2022-01-12,INTC,52.488597549094635,53.00577413002381,51.97163039968012
2022-01-12,MSFT,221.7675548774836,223.50063071282554,219.33241423510302
2022-01-12,NKE,130.4329779478348,131.90559843872919,129.18555470282848
2022-01-12,VZ,28.21130327532514,28.417706031101634,28.025858223919492
2022-01-12,WMT,43.376373989303126,43.71244798926532,43.04704957802272
2022-01-13,AAPL,82.97159842928966,83.75617837601925,82.05213419765334
2022-01-13,AMGN,143.75487628320818,145.17104095957876,142.5371781633442
2022-01-13,CRM,356.36430084463575,360.5066130273915,352.5334458514634
2022-01-13,CSCO,29.084477705807682,29.30181669640021,28.78415354816331
2022-01-13,IBM,53.111283984618176,53.5467412708901,52.665124963762615
2022-01-13,INTC,52.434341686959556,52.976221628874264,51.98174157510575
2022-01-13,MSFT,222.03282047687833,223.8229615031178,219.8749848007546
2022-01-13,NKE,130.51137486649154,131.91730100255688,129.38465221016804
2022-01-13,VZ,28.1755933964114,28.381629968932053,28.009788584935713
2022-01-13,WMT,43.42103546654086,43.73238419954803,43.07015478464608
2022-01-14,AAPL,83.23464710034324,84.01337292314714,82.23150746695099
2022-01-14,AMGN,143.94716435890678,145.31782787739732,142.61071309793016
2022-01-14,CRM,355.41612624241253,359.57898091623343,351.26348929572464
2022-01-14,CSCO,29.153444815145125,29.369407653618058,28.82369552923455
2022-01-14,IBM,53.1894128673522,53.61200212701317,52.69827240338048
2022-01-14,INTC,52.385453177393885,52.90829340232111,51.889263156221205
2022-01-14,MSFT,222.46353531059592,224.21319249389379,220.10825223161746
2022-01-14,NKE,130.6308727881422,132.07860646300279,129.41808268576244
2022-01-14,VZ,28.14755434178572,28.352805800198215,27.968457628131784
2022-01-14,WMT,43.421017546354086,43.747809708494685,43.0829708068813
2022-01-18,AAPL,83.46968377245877,84.23832477894365,82.46380034402794
2022-01-18,AMGN,144.0941146679221,145.45182384259184,142.7542054250048
2022-01-18,CRM,354.355785818467,358.43519624921447,350.2031179312234
2022-01-18,CSCO,29.21315102902596,29.425565508168376,28.882818379790034
2022-01-18,IBM,53.253368877335724,53.67159593883892,52.761499832018636
2022-01-18,INTC,52.31786119785428,52.83324110851052,51.820408650685046
2022-01-18,MSFT,222.8096538831261,224.53488961764558,220.44984306765684
2022-01-18,NKE,130.7084049287619,132.13195067152128,129.48809528232565
2022-01-18,VZ,28.113416190501717,28.315565275979136,27.933466466186903
2022-01-18,WMT,43.41867408696265,43.738083259667036,43.07334985638105
2022-01-19,AAPL,83.70626636330509,84.48203013625522,82.71228199494811
2022-01-19,AMGN,144.23799637278827,145.60998735369247,142.91861035515785
2022-01-19,CRM,353.3320375427535,357.41274667461056,349.2571320939322
2022-01-19,CSCO,29.27351973262457,29.48782601139174,28.94792320068518
2022-01-19,IBM,53.319548796335546,53.74189753395251,52.83547753532055
2022-01-19,INTC,52.254486770683855,52.77460142534064,51.76640019227188
2022-01-19,MSFT,223.1481511330754,224.8903572741594,220.82023919676402
2022-01-19,NKE,130.78817313163736,132.21087522385685,129.58423538248508
2022-01-19,VZ,28.079330135541557,28.281999332985865,27.90243372476176
2022-01-19,WMT,43.425428035707235,43.74373262143575,43.07936796444505
2022-01-20,AAPL,84.03834729076634,84.84783052845376,83.01351235783133
2022-01-20,AMGN,144.53978734097402,145.93676968811684,143.1852484456052
2022-01-20,CRM,352.617388663512,356.8940608063276,348.4666418170694
2022-01-20,CSCO,29.36363345272294,29.588826057167207,29.0264619450014
2022-01-20,IBM,53.42952526163978,53.86246093615484,52.928994621165316
2022-01-20,INTC,52.24392947755346,52.77575295226376,51.74561420268554
2022-01-20,MSFT,223.7804077614093,225.5921210366203,221.38481364463107
2022-01-20,NKE,131.00403138410576,132.51563528985022,129.789900964096
2022-01-20,VZ,28.06558018271286,28.27623062261123,27.886877129674566
2022-01-20,WMT,43.422511906387,43.76738906351633,43.10197567751265
2022-01-21,AAPL,84.34260626600836,85.15994666540416,83.37696771510326
2022-01-21,AMGN,144.77727322573298,146.211545351795,143.5107606896046
2022-01-21,CRM,351.8977250343485,356.1322973186684,348.0077398583608
2022-01-21,CSCO,29.444435741875285,29.6712060147183,29.12874056603236
2022-01-21,IBM,53.53257239698515,53.97606710113326,53.06551570285699
2022-01-21,INTC,52.22685842129583,52.77192615544953,51.762356609572855
2022-01-21,MSFT,224.2741679380677,226.11985271087838,222.02292569370198
2022-01-21,NKE,131.1820211302984,132.6604089190715,130.03089382784705
2022-01-21,VZ,28.045041844317684,28.25555026920509,27.87669387363353
2022-01-21,WMT,43.45385468274517,43.785913766159204,43.122053075892254
2022-01-24,AAPL,84.54146939401326,85.28137418063694,83.43784914024116
2022-01-24,AMGN,144.88938399852387,146.17088234486846,143.41442736035742
2022-01-24,CRM,350.5647149418147,354.4636711160211,346.0923972557114
2022-01-24,CSCO,29.49308865721522,29.69589483142261,29.130197971638513
2022-01-24,IBM,53.567769411332016,53.96200549417091,53.02709621564281
2022-01-24,INTC,52.120124142212326,52.59835082458959,51.57512285954
2022-01-24,MSFT,224.58947960655746,226.2136682197081,222.0063061679933
2022-01-24,NKE,131.1975738927779,132.60632124787554,129.86674193323265
2022-01-24,VZ,28.00372884939667,28.197376071392615,27.808208572411445
2022-01-24,WMT,43.400166236996014,43.71725912330992,43.05022769510068
2022-01-25,AAPL,84.73987848629376,85.51067066356953,83.74758054208453
2022-01-25,AMGN,144.96510812054913,146.3332649086443,143.65648039690672
2022-01-25,CRM,349.40881393563063,353.34989617256485,345.4151155828436
2022-01-25,CSCO,29.54004150632197,29.751450443037776,29.216157526623828
2022-01-25,IBM,53.615745685733394,54.0368689395317,53.13585882293968
2022-01-25,INTC,52.03221146795348,52.54446109020386,51.55078102163996
2022-01-25,MSFT,224.79229560915522,226.521899284238,222.4791043652358
2022-01-25,NKE,131.21923703289514,132.60900752376733,130.0176201632374
2022-01-25,VZ,27.96105711028963,28.159535907631575,27.78567094275659
2022-01-25,WMT,43.4110320039727,43.71757112138643,43.05397695200732
2022-01-26,AAPL,84.9479127718782,85.70447563948372,83.87514254117923
2022-01-26,AMGN,145.07911463714024,146.39411736872296,143.65583688914407
2022-01-26,CRM,348.17426728747597,352.08522173600903,343.88357093490004
2022-01-26,CSCO,29.591184179361854,29.798536965568605,29.239709832727467
2022-01-26,IBM,53.65922947116545,54.063962288130284,53.13724009160179
2022-01-26,INTC,51.937458579433994,52.427146340184144,51.4148836699051
2022-01-26,MSFT,225.09862424213844,226.767384100403,222.59625908028156
2022-01-26,NKE,131.24894190566522,132.65940723276015,129.96060210181415
2022-01-26,VZ,27.92117732765768,28.11669424849229,27.732878237009018
2022-01-26,WMT,43.37867394510916,43.69437198960709,43.028796542345354
2022-01-27,AAPL,85.22377932375255,86.04179864530211,84.26609343059022
2022-01-27,AMGN,145.26255207128074,146.70118634764748,144.01572442529297
2022-01-27,CRM,347.3784505752645,351.49704672653496,343.60244135173326
2022-01-27,CSCO,29.662678904839677,29.888403252948585,29.351330636388564
2022-01-27,IBM,53.749254784134926,54.19341374438429,53.2903226784154
2022-01-27,INTC,51.904796672539526,52.44541184821064,51.451506172299055
2022-01-27,MSFT,225.48972376805162,227.33216367351807,223.26812802746312
2022-01-27,NKE,131.38289170612086,132.83354532301024,130.2429166550744
2022-01-27,VZ,27.894005887438723,28.10113904145264,27.7287589265203
2022-01-27,WMT,43.41830161538603,43.740537737438686,43.07785480452708
2022-01-28,AAPL,85.5444148965736,86.35916653429496,84.49175532953137
2022-01-28,AMGN,145.54237834581738,146.93429738691225,144.1632242396504
2022-01-28,CRM,346.60076065541375,350.7620095056902,342.47883387907865
2022-01-28,CSCO,29.748892386450326,29.97414997133368,29.40432746179718
2022-01-28,IBM,53.8504408517251,54.28158162086033,53.34120722996206
2022-01-28,INTC,51.88266465735359,52.40437609312092,51.38191940694922
2022-01-28,MSFT,226.0905659814683,227.89566451250715,223.64703074213932
2022-01-28,NKE,131.57404525951145,133.0789274883599,130.3396495245375
2022-01-28,VZ,27.876866383512,28.083978663081748,27.697250277377183
2022-01-28,WMT,43.409139602490626,43.750469879751456,43.08498436716308
2022-01-31,AAPL,85.88507858044402,86.71972283003798,84.8625590991462
2022-01-31,AMGN,145.84149748432873,147.27094777006153,144.5109547810171
2022-01-31,CRM,345.9453049211439,350.1581754669433,341.97453570904486
2022-01-31,CSCO,29.840850537327835,30.071830732078777,29.506978839299066
2022-01-31,IBM,53.96494870376304,54.40813421692726,53.472940009525864
2022-01-31,INTC,51.877660766896526,52.41380643089443,51.396612063509586
2022-01-31,MSFT,226.71382332187306,228.57287217790832,224.34593515336232
2022-01-31,NKE,131.7945747227849,133.31248307418565,130.6012502953923
2022-01-31,VZ,27.863218286096682,28.073569711388302,27.690197933487912
2022-01-31,WMT,43.42050169513778,43.76349541449269,43.09886473271501
2022-02-01,AAPL,86.13277060007587,86.93925904635697,85.13615801972503
2022-02-01,AMGN,145.98593334465704,147.3956720099672,144.68889202078472
2022-02-01,CRM,344.9978724840507,349.0035769531908,341.12288171275355
2022-02-01,CSCO,29.90338284396221,30.12469214757616,29.579724295225954
2022-02-01,IBM,54.03706493161078,54.47184979637888,53.56030132445208
2022-02-01,INTC,51.82134023247202,52.34571758975884,51.351466507766666
2022-02-01,MSFT,227.04454380135374,228.84490547382748,224.73831714221507
2022-02-01,NKE,131.88278136858364,133.31693590013276,130.69911470627895
2022-02-01,VZ,27.83004160068747,28.03248072761469,27.65924904436317
2022-02-01,WMT,43.4419427032133,43.75911964696211,43.09529016199029
2022-02-02,AAPL,86.5329277937676,87.711526401893,85.24256588261271
2022-02-02,AMGN,146.07481300538788,147.6034691051013,144.37557331949094
2022-02-02,CRM,345.1629708253875,351.54143917771836,339.2822828643949
2022-02-02,CSCO,29.928884600809887,30.235821481470705,29.538613340396946
2022-02-02,IBM,54.05614691795204,54.5582194413712,53.45706081897556
2022-02-02,INTC,51.678867019020245,52.39573721858399,50.93854938577791
2022-02-02,MSFT,227.5543169985644,230.58263280655996,224.21405201681466
2022-02-02,NKE,131.71556784408907,133.44280841015194,130.10514440007324
2022-02-02,VZ,27.862716961651724,28.11101075911794,27.618375924634588
2022-02-02,WMT,43.38813500095599,43.81721363996174,42.967616729357744
2022-02-03,AAPL,86.93784485170787,88.02385073523575,85.6926379778726
2022-02-03,AMGN,146.36126235477394,147.79816649298152,144.67112140962223
2022-02-03,CRM,345.4887417866707,351.3603599749475,339.4127683321785
2022-02-03,CSCO,29.950675079995587,30.23923769639376,29.57705126526677
2022-02-03,IBM,54.203507893331555,54.683904661848594,53.54439777086387
2022-02-03,INTC,51.61373461752099,52.274618263873464,50.90949644726212
2022-02-03,MSFT,227.95038108063505,230.8677647013308,224.76519677806021
2022-02-03,NKE,131.67594297264486,133.3976586139752,130.15918497933262
2022-02-03,VZ,27.901861324761278,28.153085385583026,27.630743017047372
2022-02-03,WMT,43.404964182676785,43.80294754449415,42.976658410846234
2022-02-04,AAPL,87.2707735440185,88.3511112885238,85.96793887261948
2022-02-04,AMGN,146.48997175242215,147.89553839691277,144.73582640618216
2022-02-04,CRM,345.4566060809367,351.2983139740065,339.26751089306384
2022-02-04,CSCO,29.951656552144215,30.233635945361073,29.56078253866997
2022-02-04,IBM,54.275041290595425,54.74219133630703,53.61286058213099
2022-02-04,INTC,51.47801401195656,52.12730830292667,50.741482591503654
2022-02-04,MSFT,228.21175922144988,231.06498456698395,224.8844054047252
2022-02-04,NKE,131.49464757110658,133.16007646066592,129.89465852200348
2022-02-04,VZ,27.924822737295802,28.166971809823075,27.652811350290104
2022-02-04,WMT,43.37617985020548,43.76854122937564,42.93488832320932
2022-02-07,AAPL,87.6296880526859,88.73700474609275,86.32918711974514
2022-02-07,AMGN,146.63274455119654,148.068919007308,144.89482064433332
2022-02-07,CRM,345.50937922637644,351.46477985080804,339.39362608010583
2022-02-07,CSCO,29.960152068417482,30.24800377381255,29.57146107461455
2022-02-07,IBM,54.34649379694174,54.82364022673556,53.69558686916747
2022-02-07,INTC,51.350433624486875,52.012036753688726,50.62028593853216
2022-02-07,MSFT,228.54011482135792,231.44393114896235,225.22272312042108
2022-02-07,NKE,131.33613120681758,133.01894504276117,129.7483667123647
2022-02-07,VZ,27.952050962956854,28.197083556714194,27.6851615243471
2022-02-07,WMT,43.348247734259346,43.74843656703897,42.9132933852524
2022-02-08,AAPL,88.00216735756392,89.09321919217301,86.7163685500157
2022-02-08,AMGN,146.84607560332148,148.26822735561294,145.11928892468998
2022-02-08,CRM,345.66051023155745,351.50247310249847,339.51844895865133
2022-02-08,CSCO,29.971389064439897,30.256242164998003,29.589339450240676
2022-02-08,IBM,54.459737867487,54.9345868781361,53.79444676885554
2022-02-08,INTC,51.252662286729866,51.9022149085974,50.537231078577825
2022-02-08,MSFT,228.8661223938825,231.7571333249542,225.60285534862228
2022-02-08,NKE,131.22908639303276,132.9175784883849,129.67726761681084
2022-02-08,VZ,27.98329641958396,28.230628984273725,27.710160797337313
2022-02-08,WMT,43.3442190919826,43.73786924931185,42.9095495782876
2022-02-09,AAPL,88.39426685315627,89.58006487018567,87.07220612903795
2022-02-09,AMGN,146.93103387723065,148.44597857106194,145.20949101800542
2022-02-09,CRM,345.76966008876775,352.0707631533007,339.82226131315224
2022-02-09,CSCO,29.991572026732857,30.29466870641753,29.599269227082267
2022-02-09,IBM,54.48233435125673,54.981446545212606,53.86869501979749
2022-02-09,INTC,51.10798820419231,51.80600892379056,50.37366793439056
2022-02-09,MSFT,229.33035485521583,232.34798091050246,225.95815982854808
2022-02-09,NKE,131.05068818974362,132.7560449070268,129.44381061409425
2022-02-09,VZ,28.013442664333898,28.26135334346331,27.76341003914381
2022-02-09,WMT,43.29151344921278,43.71342571662965,42.867661974455345
2022-02-10,AAPL,88.73675762275235,89.80090599946328,87.43180738434852
2022-02-10,AMGN,147.13355912987276,148.5132782087063,145.3774792396214
2022-02-10,CRM,345.8010579526018,351.4752171109116,339.5431119991914
2022-02-10,CSCO,29.991750346671193,30.267842200291867,29.60659268579097
2022-02-10,IBM,54.600746476078356,55.06336700355381,53.91432579964281
2022-02-10,INTC,51.001260582738674,51.625999131331604,50.28462868843355
2022-02-10,MSFT,229.55659096537738,232.3896413153494,226.2699138743521
2022-02-10,NKE,130.9185899959377,132.57717008290658,129.36028101411247
2022-02-10,VZ,28.03933296142408,28.283719065451056,27.757041591862016
2022-02-10,WMT,43.287912150474774,43.66908177895229,42.845456849993305
2022-02-11,AAPL,89.1656440173731,90.38749901812712,87.84535566941173
2022-02-11,AMGN,147.24855166504187,148.80167969263965,145.5490720344705
2022-02-11,CRM,346.038592370027,352.4659153305612,340.17813486399905
2022-02-11,CSCO,30.02218132332883,30.33250476092028,29.633705442913733
2022-02-11,IBM,54.63062265841473,55.14231019299535,54.02868337110075
2022-02-11,INTC,50.872810166571945,51.58345277627202,50.149803864712226
2022-02-11,MSFT,230.10839972132777,233.19177437761283,226.75356431936282
2022-02-11,NKE,130.77754190510566,132.5046516109926,129.1928133154674
2022-02-11,VZ,28.075558241457035,28.32769193613617,27.830865507627955
2022-02-11,WMT,43.240923008623106,43.67131174514523,42.82515414922338
2022-02-14,AAPL,89.55011854918229,90.65113142215536,88.25083233598308
2022-02-14,AMGN,147.49462167463574,148.9156608155419,145.76545201872025
2022-02-14,CRM,346.2292426846874,352.0339281628448,340.0651030296945
2022-02-14,CSCO,30.03437072166649,30.318379736655427,29.654425211332633
2022-02-14,IBM,54.763696154231276,55.23984725826129,54.08914682336663
2022-02-14,INTC,50.788368641968496,51.42730821604865,50.08532077360172
2022-02-14,MSFT,230.43346496791816,233.3372688028441,227.1744304615287
2022-02-14,NKE,130.69360985130444,132.37834638785336,129.16357349565158
2022-02-14,VZ,28.108718520811337,28.35805851809256,27.831839326648936
2022-02-14,WMT,43.24739178405941,43.63751752296452,42.81383174488656
2022-02-15,AAPL,89.96180184910737,91.14877296641689,88.63602355157963
2022-02-15,AMGN,147.64696393413985,149.1544953639531,145.92997281508403
2022-02-15,CRM,346.43112677245415,352.6388158421416,340.4509184027244
2022-02-15,CSCO,30.057234663019635,30.358141589342104,29.67043786949726
2022-02-15,IBM,54.825638795920405,55.32515766780721,54.195961401420085
2022-02-15,INTC,50.67213733302023,51.354350384398415,49.95663079972442
2022-02-15,MSFT,230.898892876526,233.9229045955503,227.55995463558114
2022-02-15,NKE,130.56470752911147,132.27113381935254,128.9965611182289
2022-02-15,VZ,28.142952639571366,28.39403633638718,27.88621456096178
2022-02-15,WMT,43.21682041334298,43.63220375254886,42.794179266315616
2022-02-16,AAPL,90.34501004404706,91.50972550800907,89.00301854012174
2022-02-16,AMGN,147.7783060565968,149.2516137623429,146.03563842059341
2022-02-16,CRM,346.5156648427472,352.6008329922784,340.4424034402215
2022-02-16,CSCO,30.07033019871389,30.364331357675052,29.67982354231178
2022-02-16,IBM,54.88477111033284,55.37404154540865,54.24014336455374
2022-02-16,INTC,50.543453994703704,51.20764992219851,49.823693024114704
2022-02-16,MSFT,231.28027950733906,234.25582823884062,227.91458982262782
2022-02-16,NKE,130.4064783958305,132.08808560343175,128.8260871579671
2022-02-16,VZ,28.172007572015282,28.420122120781414,27.90870267881958
2022-02-16,WMT,43.18262877054739,43.58872973347335,42.753305438329264
2022-02-17,AAPL,90.73277625858843,91.89466255489275,89.3916487903696
2022-02-17,AMGN,147.93278881568332,149.40152766666674,146.19275416787883
2022-02-17,CRM,346.6328769393309,352.67577778638196,340.54812856782763
2022-02-17,CSCO,30.084253330532057,30.37721748755562,29.695858264235007
2022-02-17,IBM,54.95807891042285,55.446445307825726,54.30786386317966
2022-02-17,INTC,50.425024304209614,51.08378402718644,49.71112011417442
2022-02-17,MSFT,231.66019297906053,234.63265796219628,228.30815182424104
2022-02-17,NKE,130.26446916568503,131.94567397916785,128.69680834470253
2022-02-17,VZ,28.20222865840384,28.4511672190156,27.936490689086373
2022-02-17,WMT,43.156684731451556,43.560002915200556,42.72742048197596
2022-02-18,AAPL,91.21752804944954,92.48951799627781,89.89214125499711
2022-02-18,AMGN,148.1147628725677,149.71169661772888,146.4417210960373
2022-02-18,CRM,347.0647702985912,353.6075850439076,341.2853901255137
2022-02-18,CSCO,30.128066124609575,30.446376134172503,29.746126287839168
2022-02-18,IBM,55.01504604529516,55.54241034399667,54.41931376406423
2022-02-18,INTC,50.32848810644828,51.045604228676474,49.62818613745017
2022-02-18,MSFT,232.31862325125726,235.49119978247117,228.99185621247963
2022-02-18,NKE,130.18976759788347,131.94214655108786,128.64922077964846
2022-02-18,VZ,28.247605410260142,28.506563778096666,28.005928579962678
2022-02-18,WMT,43.12664885280494,43.56386358717622,42.72111689638829
2022-02-22,AAPL,91.68042687881645,92.89136453985138,90.36295197734252
2022-02-22,AMGN,148.3669816254831,149.89597480189317,146.67736344910332
2022-02-22,CRM,347.4746740264289,353.69649684451383,341.5313596221574
2022-02-22,CSCO,30.162466279865743,30.4672829590194,29.7847831040654
2022-02-22,IBM,55.12704112434095,55.63618830233937,54.4926276629944
2022-02-22,INTC,50.255212365552964,50.93481934332024,49.56586589535537
2022-02-22,MSFT,232.8591526058607,235.94229030836422,229.57877723575203
2022-02-22,NKE,130.14567715223686,131.87629769697395,128.63419397845163
2022-02-22,VZ,28.29151487522143,28.549310179212842,28.032666558628954
2022-02-22,WMT,43.124826783482284,43.54101370669099,42.71014307340852
2022-02-23,AAPL,92.02227001516236,93.2286156221165,90.6071069508136
2022-02-23,AMGN,148.34873503316706,149.83161880760673,146.5565563005651
2022-02-23,CRM,347.29338281701894,353.5072005193659,341.1836148543701
2022-02-23,CSCO,30.163466659472736,30.45900249268581,29.756577703336337
2022-02-23,IBM,55.105260724245376,55.59386898044455,54.47180021666849
2022-02-23,INTC,50.065602639421066,50.73115308819131,49.32344215952514
2022-02-23,MSFT,233.1873509581608,236.17563688825777,229.66445647678526
2022-02-23,NKE,129.86948196468325,131.51266979638618,128.2201015091221
2022-02-23,VZ,28.30891492644752,28.551773153071807,28.05075411033317
2022-02-23,WMT,43.0445576769593,43.45409642086129,42.61045988014166
2022-02-24,AAPL,92.37460379244531,93.50743222174165,90.99948381500161
2022-02-24,AMGN,148.4938012566813,149.90772138052694,146.71339913999805
2022-02-24,CRM,347.2566803503718,353.0867478354708,341.0110400659632
2022-02-24,CSCO,30.162977117017412,30.444796718928647,29.770054747584098
2022-02-24,IBM,55.18725274820678,55.66031136528782,54.50801884630094
2022-02-24,INTC,49.93701634771538,50.561203265914536,49.22500304221684
2022-02-24,MSFT,233.43608577077117,236.34479959893565,230.04460364919623
2022-02-24,NKE,129.69955803707154,131.34164136299046,128.12809462069416
2022-02-24,VZ,28.332661418821463,28.57850668855661,28.054015334704935
2022-02-24,WMT,43.019773506274696,43.406366981040364,42.58144704258057
2022-02-25,AAPL,92.73108358661173,93.93032557431656,91.32271055266474
2022-02-25,AMGN,148.53364434720487,150.00692172159748,146.75104473664223
2022-02-25,CRM,347.15789351706815,353.284143769343,341.03520042182566
2022-02-25,CSCO,30.166526853143544,30.459886776052652,29.76514712040216
2022-02-25,IBM,55.199312362835485,55.68677221253481,54.554867589904944
2022-02-25,INTC,49.7716915496407,50.425663838763384,49.04458192313227
2022-02-25,MSFT,233.7659786821422,236.7512547226357,230.28360621841492
2022-02-25,NKE,129.46640603616535,131.11146563795228,127.8502717967215
2022-02-25,VZ,28.353640145103462,28.598723018070956,28.09054798492535
2022-02-25,WMT,42.958494887451074,43.362629224028005,42.52589467573294
2022-02-28,AAPL,93.17047700141616,94.36036145598261,91.82753435285437
2022-02-28,AMGN,148.790520989493,150.2769241209514,147.074467823569
2022-02-28,CRM,347.4765175894753,353.507625467092,341.42017292478147
2022-02-28,CSCO,30.19107503691295,30.486959265768895,29.81184355016952
2022-02-28,IBM,55.32537149608205,55.82240263394512,54.66711425480402
2022-02-28,INTC,49.6970494445531,50.34682884856359,49.013608548295274
2022-02-28,MSFT,234.21209783554482,237.24337472989282,230.9118291877407
2022-02-28,NKE,129.4089928064766,131.10638407891057,127.90346437871774
2022-02-28,VZ,28.39322988480313,28.64899973853639,28.123854517012912
2022-02-28,WMT,42.96245729325986,43.36417984516974,42.54133519655728
2022-03-01,AAPL,93.64956567553656,94.94707386458077,92.27880588907739
2022-03-01,AMGN,148.9480694243406,150.54087964329943,147.2518571744431
2022-03-01,CRM,347.8365880564712,354.3563180045602,342.0071639069111
2022-03-01,CSCO,30.23001625568021,30.546799655150853,29.84384191422406
2022-03-01,IBM,55.37277611295503,55.89876478628257,54.76930057923273
2022-03-01,INTC,49.5908412284101,50.292263646267884,48.8951192434731
2022-03-01,MSFT,234.83898714547865,238.02220466490738,231.4527771282013
2022-03-01,NKE,129.309536195649,131.037155471341,127.76525061351286
2022-03-01,VZ,28.435386046201515,28.69398271000457,28.190434523590483
2022-03-01,WMT,42.9265758934592,43.358644054150865,42.51933505000584
2022-03-02,AAPL,94.1538318356278,95.45235090197204,92.79637254172634
2022-03-02,AMGN,149.16776805705646,150.76414297840947,147.48802435088564
2022-03-02,CRM,348.3120956824612,354.805393747506,342.4909662833683
2022-03-02,CSCO,30.27461510987612,30.592166462403892,29.894177626519966
2022-03-02,IBM,55.452909797022,55.98168678024064,54.844148132530016
2022-03-02,INTC,49.51007149517149,50.20857181598441,48.82751902800966
2022-03-02,MSFT,235.4969886982955,238.69869531380672,232.15526430818417
2022-03-02,NKE,129.25973835519312,131.0012162695085,127.7472327828381
2022-03-02,VZ,28.482812572117794,28.744726223458457,28.23536410922913
2022-03-02,WMT,42.90915188129478,43.339943382409345,42.505148541600285
2022-03-03,AAPL,94.56416119304205,95.76096347382645,93.17813960062195
2022-03-03,AMGN,149.36286442498889,150.83442259080104,147.61167043703676
2022-03-03,CRM,348.4746106851668,354.4818885072322,342.3379850447019
2022-03-03,CSCO,30.289394892278146,30.582153403019387,29.901812900866982
2022-03-03,IBM,55.55057260595236,56.04201969006615,54.8851984552525
2022-03-03,INTC,49.408468875505704,50.04721056431947,48.71590836541662
2022-03-03,MSFT,235.87584368917456,238.89112818302542,232.49586862878243
2022-03-03,NKE,129.1459884716781,130.81590821389963,127.61030056174769
2022-03-03,VZ,28.515461781428435,28.768202887667467,28.24307022726062
2022-03-03,WMT,42.89588121663424,43.29295922955092,42.46912786896131
2022-03-04,AAPL,94.61156861102096,95.71750176912334,93.01709247671577
2022-03-04,AMGN,149.28323031729542,150.6895084126814,147.49064103878115
2022-03-04,CRM,349.8494707569564,355.9418858098588,341.80285395234915
2022-03-04,CSCO,30.294506388429458,30.589999528968896,29.83890081696794
2022-03-04,IBM,55.42763929426154,55.98683778583957,54.770632146654876
2022-03-04,INTC,49.64720970552541,50.26607939064213,48.748044198184125
2022-03-04,MSFT,236.36089482602483,239.1317428391225,232.42292328935596
2022-03-04,NKE,128.93287441491435,130.66419165904668,127.25709401970605
2022-03-04,VZ,28.513747435552382,28.73496892235211,28.23507610778168
2022-03-04,WMT,42.7142738419875,43.10270975109765,42.3644131529903
2022-03-07,AAPL,94.69815919630787,95.89364883471359,93.28470051031107
2022-03-07,AMGN,149.6233027989061,151.0425292441384,147.8921785250102
2022-03-07,CRM,350.1621283618695,357.1076436355554,343.12424233130787
2022-03-07,CSCO,30.31309974380479,30.644802889754114,29.908502031734717
2022-03-07,IBM,55.466992411234294,56.01598898098948,54.81642435196319
2022-03-07,INTC,49.7794659624279,50.42499208767187,48.96839759134983
2022-03-07,MSFT,236.5235903555178,239.750963077065,232.9628169117264
2022-03-07,NKE,128.63367538045324,130.52845447617952,127.1539301515302
2022-03-07,VZ,28.55826202442398,28.791538247869628,28.290304114034004
2022-03-07,WMT,42.69570931282689,43.09308079006979,42.29840627838618
2022-03-08,AAPL,94.69357435699992,95.82076539560197,93.18702500087073
2022-03-08,AMGN,149.74040787430587,151.095557030802,147.92712830392642
2022-03-08,CRM,350.4759491979323,357.0048669391371,342.97460604446906
2022-03-08,CSCO,30.305429582824914,30.614408575489424,29.873860390953848
2022-03-08,IBM,55.41967589734017,55.95002224250812,54.74743831311617
2022-03-08,INTC,49.89677424741014,50.51101863773845,49.03509402387767
2022-03-08,MSFT,236.60539688073885,239.59872825202,232.83947425426024
2022-03-08,NKE,128.25751245187155,130.04451916649782,126.67001487898519
2022-03-08,VZ,28.574806255078947,28.796041737704893,28.2946257257987
2022-03-08,WMT,42.60629511491264,42.985994657849396,42.20863268044556
2022-03-09,AAPL,94.71279162815924,95.84519112001045,93.2007176101051
2022-03-09,AMGN,149.8488394251745,151.22474198455427,148.04900470385988
2022-03-09,CRM,351.00081986801536,357.5087088544749,343.4333529044101
2022-03-09,CSCO,30.303831155702028,30.61309480745928,29.87094856906903
2022-03-09,IBM,55.36918619796228,55.907521797316164,54.70358497892917
2022-03-09,INTC,50.040844103293935,50.6628044355772,49.17458706707991
2022-03-09,MSFT,236.77825672490832,239.76181703345335,233.00228200508138
2022-03-09,NKE,127.9268674329685,129.71058656363505,126.34312455160494
2022-03-09,VZ,28.59161650997315,28.81483292951656,28.313067518140123
2022-03-09,WMT,42.50802147921727,42.89062672525803,42.121284828817664
2022-03-10,AAPL,94.75457706412097,95.9190898982727,93.29827888165093
2022-03-10,AMGN,150.08886803359997,151.48003850450502,148.31344965187608
2022-03-10,CRM,351.278911520556,358.05682241647406,344.0151759862654
2022-03-10,CSCO,30.309674787717064,30.631004454723804,29.89294449470622
2022-03-10,IBM,55.36935005703243,55.90785228926818,54.7090024002194
2022-03-10,INTC,50.16288394195489,50.79760391921526,49.32352405130414
2022-03-10,MSFT,236.89010486197066,240.0162757172014,233.2314469374526
2022-03-10,NKE,127.58820704448516,129.42106444880397,126.06967551072776
2022-03-10,VZ,28.623415883629324,28.851420842067785,28.349119090150907
2022-03-10,WMT,42.458147159629675,42.845167433765866,42.06082096596411
2022-03-11,AAPL,94.78697383169607,95.89341315171654,93.19763976687669
2022-03-11,AMGN,150.0253336029656,151.42490364152778,148.2155024804165
2022-03-11,CRM,352.4928760072005,358.6718795966666,344.4463282170996
2022-03-11,CSCO,30.31082814831366,30.607066917366147,29.85704581851423
2022-03-11,IBM,55.253036667050615,55.80450177961333,54.59403093211969
2022-03-11,INTC,50.38414569405099,51.00856419545231,49.47513296616229
2022-03-11,MSFT,237.30599709509684,240.1074161081425,233.36677588600793
2022-03-11,NKE,127.34562341644374,129.0589156102251,125.69548401472673
2022-03-11,VZ,28.622687438757286,28.843797152129667,28.341938385763537
2022-03-11,WMT,42.28846944789397,42.670586196321395,41.93422477881487
2022-03-14,AAPL,94.79991912617025,95.96061963391921,93.3569628789519
2022-03-14,AMGN,150.29409665708567,151.6596518875392,148.5000615056703
2022-03-14,CRM,352.4403188317902,359.3073102196924,345.2550446054582
2022-03-14,CSCO,30.30859348426091,30.630527477704675,29.895155254517366
2022-03-14,IBM,55.2638856822668,55.79004694895681,54.596581417361556
2022-03-14,INTC,50.46599016009507,51.09692550860351,49.62703954108317
2022-03-14,MSFT,237.27956024021086,240.44459818967545,233.63972194026132
2022-03-14,NKE,126.948129584202,128.77697131649873,125.44547419008597
2022-03-14,VZ,28.65611781728926,28.882510596128853,28.37933387283467
2022-03-14,WMT,42.25649339043446,42.636672711069565,41.8462512772593
2022-03-15,AAPL,94.8657826295218,95.98549979055142,93.27868528446889
2022-03-15,AMGN,150.24286502784244,151.6723112998995,148.45347937364795
2022-03-15,CRM,353.88591597616005,360.10119923748846,345.79844448799014
2022-03-15,CSCO,30.318902436243064,30.617887003766633,29.866416100536163
2022-03-15,IBM,55.15273995797863,55.71371939920412,54.50359004511009
2022-03-15,INTC,50.718912072663365,51.35731023659287,49.80678343095863
2022-03-15,MSFT,237.8022619629984,240.6198182466896,233.8668375907786
2022-03-15,NKE,126.75989582048554,128.47627153362237,125.12754823695444
2022-03-15,VZ,28.658331951713958,28.882801507872728,28.380390219403772
2022-03-15,WMT,42.08523567855433,42.47121582237472,41.74316297081912
2022-03-16,AAPL,94.91799135967331,96.0984108040668,93.48581914943908
2022-03-16,AMGN,150.54535908542985,151.94602499280805,148.77701748024296
2022-03-16,CRM,354.0636697030326,361.0189827983888,346.8894963405307
2022-03-16,CSCO,30.327843511337843,30.654739069182497,29.918295841846124
2022-03-16,IBM,55.17653026035368,55.713372863175735,54.52062194582951
2022-03-16,INTC,50.832911019282825,51.480939971581336,49.9957511355044
2022-03-16,MSFT,237.88780021607442,241.0938507418714,234.26975694693877
2022-03-16,NKE,126.42115197133768,128.26194412048076,124.94459252805859
2022-03-16,VZ,28.697163308058904,28.927829679102814,28.42411942998151
2022-03-16,WMT,42.05893927842956,42.44433062719611,41.66102080230906
2022-03-17,AAPL,94.97318348823958,96.1114551016092,93.43339800590113
2022-03-17,AMGN,150.60497298242782,152.0227573355468,148.8148698140596
2022-03-17,CRM,355.0573840343581,361.5281250640201,347.23867078721474
2022-03-17,CSCO,30.33613138926205,30.64379457992254,29.8969816516775
2022-03-17,IBM,55.10771269765405,55.658353302626274,54.45549740509998
2022-03-17,INTC,51.036373200479446,51.67972677130715,50.14287399672202
2022-03-17,MSFT,238.250063211701,241.19496717280944,234.4070532368322
2022-03-17,NKE,126.17488806160068,127.92257333270993,124.59657351032838
2022-03-17,VZ,28.710583427786876,28.936777859047954,28.433295218778532
2022-03-17,WMT,41.93469524571519,42.318200276945205,41.57358614267039
2022-03-18,AAPL,95.00079953102161,96.13057693586782,93.46306688497101
2022-03-18,AMGN,150.66689032669987,152.06013447157972,148.85820114204571
2022-03-18,CRM,355.81439298736495,362.31070937615914,348.0132601331559
2022-03-18,CSCO,30.33648204732914,30.642694457505993,29.89738992833428
2022-03-18,IBM,55.03966681097243,55.58024564817424,54.38059355129901
2022-03-18,INTC,51.2095976575667,51.84682916105102,50.312841097199055
2022-03-18,MSFT,238.5066952952078,241.45982941985207,234.6608702277782
2022-03-18,NKE,125.88087752033178,127.62019089642506,124.30333025807376
2022-03-18,VZ,28.722908397641376,28.94691178918357,28.442942481947977
2022-03-18,WMT,41.817551410655405,42.195080550273815,41.446992995606855
2022-03-21,AAPL,95.03414362525922,96.17482486286691,93.51469994602476
2022-03-21,AMGN,150.7725637105705,152.1704064968661,148.9705281548191
2022-03-21,CRM,356.47991679065666,363.0802923597667,348.7729658543156
2022-03-21,CSCO,30.339084996874334,30.649367720726023,29.905500513978424
2022-03-21,IBM,54.98831729530561,55.5278640576144,54.331375886293834
2022-03-21,INTC,51.37458347944421,52.01749708186304,50.485056132847475
2022-03-21,MSFT,238.73917780092722,241.7424655961068,234.92925088460396
2022-03-21,NKE,125.58169880400119,127.33405471941222,124.02749306038766
2022-03-21,VZ,28.74012541816476,28.965620552274142,28.46145943401549
2022-03-21,WMT,41.71682366759038,42.094906419506216,41.342929805741036
2022-03-22,AAPL,95.1492827209924,96.30022962830391,93.58598134496852
2022-03-22,AMGN,150.79252936733008,152.26533200471786,149.0355309608576
2022-03-22,CRM,358.1073765331338,364.5257245587152,350.0473551918993
2022-03-22,CSCO,30.363222432584237,30.67085593495146,29.918644700155095
2022-03-22,IBM,54.90506337179235,55.475939945207685,54.271077008699464
2022-03-22,INTC,51.658560186628314,52.325341578473996,50.745702641786295
2022-03-22,MSFT,239.3641776738682,242.27365817098166,235.46878152693554
2022-03-22,NKE,125.4539612523807,127.18806840490414,123.87599026169454
2022-03-22,VZ,28.752264537413765,28.98305041471731,28.47903338003927
2022-03-22,WMT,41.565337152768386,41.955115338083516,41.235224282856535
2022-03-23,AAPL,95.25798694298115,96.44229796094504,93.7755540190093
2022-03-23,AMGN,151.00017311062788,152.4588185435766,149.254261964682
2022-03-23,CRM,359.06728843067714,365.8977986989059,351.47722657076747
2022-03-23,CSCO,30.386830442618614,30.709461841842373,29.964717267039564
2022-03-23,IBM,54.892833053881745,55.45100971103381,54.25576111915805
2022-03-23,INTC,51.869440894423796,52.543547992052645,50.9943966116055
2022-03-23,MSFT,239.76036200012476,242.88113416570982,236.02841158485444
2022-03-23,NKE,125.24861678335388,127.04754179583264,123.75261137645512
2022-03-23,VZ,28.783852645064417,29.0180712615252,28.513172425335263
2022-03-23,WMT,41.489717494048904,41.87871749934194,41.13126312441888
2022-03-24,AAPL,95.21922077458136,96.28615743731925,93.57334051080994
2022-03-24,AMGN,150.81475239502464,152.16596236112952,148.9373377301957
2022-03-24,CRM,360.1139357524032,366.1965402828993,351.66052216733016
2022-03-24,CSCO,30.36731308264001,30.650507629913964,29.89779402944944
2022-03-24,IBM,54.73123606754097,55.26047525085171,54.06043842182286
2022-03-24,INTC,52.064308260966456,52.68418037402748,51.09683433133098
2022-03-24,MSFT,240.05126580475473,242.75862090458168,235.9544740976667
2022-03-24,NKE,124.93205680378227,126.55531432155291,123.25141307370318
2022-03-24,VZ,28.76686918755811,28.980654356302537,28.476038279701804
2022-03-24,WMT,41.29121974156755,41.651584466763694,40.93654018706881
2022-03-25,AAPL,95.21864935378302,96.35713626563472,93.71717162423647
2022-03-25,AMGN,150.9642341525455,152.3289539068167,149.14194684549454
2022-03-25,CRM,360.3354229406247,367.10236947172615,352.6860943033183
2022-03-25,CSCO,30.359878092341823,30.671588946189832,29.930697833597453
2022-03-25,IBM,54.69644823093786,55.219317900545555,54.032791244124915
2022-03-25,INTC,52.17612032741231,52.819468863685024,51.280927182321484
2022-03-25,MSFT,240.1014633044152,243.172885606327,236.30856923888035
2022-03-25,NKE,124.5613638687631,126.3093792096301,123.03379675036257
2022-03-25,VZ,28.787117815178167,29.01100373020157,28.5053932721345
2022-03-25,WMT,41.21548402534635,41.58295724060681,40.827301890744266
2022-03-28,AAPL,95.20005485598108,96.29230942425754,93.59957023957207
2022-03-28,AMGN,150.88445252350024,152.24781465302314,149.02940445518868
2022-03-28,CRM,361.19551295102156,367.51047176642675,352.965102703475
2022-03-28,CSCO,30.34664622138666,30.639212596226685,29.89026595313011
2022-03-28,IBM,54.575249729824954,55.1037679862968,53.91081856829425
2022-03-28,INTC,52.35503063229298,52.98803542277832,51.40604290662305
2022-03-28,MSFT,240.34857065024985,243.17319677055053,236.34306231505636
2022-03-28,NKE,124.24295972000259,125.89945423825668,122.61925935580341
2022-03-28,VZ,28.782257760433193,28.999977897185893,28.495023922509056
2022-03-28,WMT,41.05490970980027,41.4171465892108,40.694437278702615
2022-03-29,AAPL,95.28485330648313,96.47226937471854,93.82729189449061
2022-03-29,AMGN,151.14699052566021,152.58347472104546,149.38890773273974
2022-03-29,CRM,361.78208956626156,368.78935561456694,354.3053801494229
2022-03-29,CSCO,30.364135098271404,30.68975472048375,29.949050027246972
2022-03-29,IBM,54.58350498944218,55.12756959710488,53.943400888034155
2022-03-29,INTC,52.52278248314189,53.20037677330277,51.64884620156501
2022-03-29,MSFT,240.5985251819511,243.7926697082624,236.90264846351906
2022-03-29,NKE,123.97994911667718,125.77616788676141,122.51896163435678
2022-03-29,VZ,28.8184923340713,29.0520575746209,28.54639904197363
2022-03-29,WMT,41.00638251590922,41.387238425005485,40.63579740888402
2022-03-30,AAPL,95.38035217082817,96.52351381651276,93.80279613931314
2022-03-30,AMGN,151.14050655905706,152.6017739585922,149.36375733872666
2022-03-30,CRM,363.36966720955434,369.8369371344512,355.15035323436547
2022-03-30,CSCO,30.3829180421585,30.6877132917816,29.93500956717638
2022-03-30,IBM,54.490787914315845,55.052311329286084,53.85684486070592
2022-03-30,INTC,52.80255755746509,53.477557137190296,51.86358012396873
2022-03-30,MSFT,241.1893508011386,244.0938459680138,237.23953643359704
2022-03-30,NKE,123.83015131182158,125.52839690777994,122.2585099723642
2022-03-30,VZ,28.826857642736094,29.056006427225597,28.550750375754323
2022-03-30,WMT,40.85175882246134,41.23157708960806,40.524229480650824
2022-03-31,AAPL,95.50527689979985,96.6767631710625,93.9672362006868
2022-03-31,AMGN,151.23258762983775,152.71423565539627,149.48336102951282
2022-03-31,CRM,364.870540844326,371.56078716188887,356.8377190873897
2022-03-31,CSCO,30.410292064708916,30.72475034267659,29.973860041313852
2022-03-31,IBM,54.43530224322392,55.00046406195953,53.8087557219399
2022-03-31,INTC,53.07884364693188,53.7694676960816,52.15748576651057
2022-03-31,MSFT,241.77752082407204,244.79498293239988,237.9087702409669
2022-03-31,NKE,123.69493846774779,125.43243809710721,122.17072170212177
2022-03-31,VZ,28.84706183240456,29.080826384059066,28.575137422914842
2022-03-31,WMT,40.72944718557212,41.113407831308315,40.39942086778551
2022-04-01,AAPL,95.55169372849818,96.71575527663072,94.05646784135111
2022-04-01,AMGN,151.4144044832999,152.82432091758125,149.62031045149948
2022-04-01,CRM,365.4029118862279,372.3217414919535,357.6829276312671
2022-04-01,CSCO,30.416659435443115,30.73432106202504,29.990976634094576
2022-04-01,IBM,54.41290307180653,54.946911111443306,53.765339350404226
2022-04-01,INTC,53.23548557786153,53.90787122583103,52.33074684565852
2022-04-01,MSFT,241.9744406115073,245.1007313150047,238.18228485529218
2022-04-01,NKE,123.39626882132451,125.147807726645,121.90274096095668
2022-04-01,VZ,28.87296114552473,29.1020990730412,28.595429708955105
2022-04-01,WMT,40.657761005240445,41.028589985379895,40.28751225815852
2022-04-04,AAPL,95.87323359974263,96.94254127742924,94.63912040623417
2022-04-04,AMGN,151.97162638096722,153.40128932353812,150.58544385952894
2022-04-04,CRM,365.63181495641646,372.31470134904396,359.35470215965165
2022-04-04,CSCO,30.42599079810403,30.809444747091895,30.12909516338903
2022-04-04,IBM,54.57456436886449,55.066444073237896,53.97610157385554
2022-04-04,INTC,53.188240393442655,53.90728635825032,52.3830616270307
2022-04-04,MSFT,242.51201583158732,245.35805287124276,239.15889148598671
2022-04-04,NKE,123.43717937677778,125.4232852347106,122.15858597292441
2022-04-04,VZ,28.859528585979767,29.118852588949967,28.619228703450297
2022-04-04,WMT,40.753110188092926,41.10616821266231,40.38614054966011
2022-04-05,AAPL,96.15679905405574,97.18932156855092,94.90552684364884
2022-04-05,AMGN,152.51420468349937,153.89814002669314,151.10318792580125
2022-04-05,CRM,365.7595634302232,372.25701081604325,359.52573459553514
2022-04-05,CSCO,30.427116013885364,30.80381583278673,30.12225501968331
2022-04-05,IBM,54.72254070544944,55.19372880682239,54.10669639328867
2022-04-05,INTC,53.07057511409059,53.82913555660128,52.258594778064605
2022-04-05,MSFT,243.0158909287603,245.75267474371742,239.64175914504258
2022-04-05,NKE,123.41514028448212,125.37362093348882,122.1443609513575
2022-04-05,VZ,28.868458376387146,29.117280060207793,28.607899598943348
2022-04-05,WMT,40.86069656348079,41.200475799013965,40.4807343069519
2022-04-06,AAPL,96.49564697165202,97.55316214974975,95.27150275384032
2022-04-06,AMGN,153.14254451732202,154.5659565806785,151.77193374474575
2022-04-06,CRM,366.14562409513684,372.74426143290407,360.090166399099
2022-04-06,CSCO,30.444699983054562,30.829798487224718,30.147489979726238
2022-04-06,IBM,54.89975105879626,55.38124032177149,54.29316249219063
2022-04-06,INTC,52.967623147522914,53.764444235947614,52.17568894485917
2022-04-06,MSFT,243.66909905433226,246.46062747834375,240.36960882467883
2022-04-06,NKE,123.45306875168939,125.44765572843092,122.23284505234993
2022-04-06,VZ,28.898809969371758,29.15110142276614,28.6368306051318
2022-04-06,WMT,40.99467055568186,41.34150104358143,40.62118708226487
2022-04-07,AAPL,96.8467030566937,97.92481854255274,95.61989231544476
2022-04-07,AMGN,153.76840236070606,155.21795091538752,152.39482068603408
2022-04-07,CRM,366.54179176908923,373.22666543436037,360.42632619036584
2022-04-07,CSCO,30.46378347702587,30.851229080129066,30.169137057105218
2022-04-07,IBM,55.08006257623598,55.572804447779774,54.47763393680882
2022-04-07,INTC,52.897472366837356,53.665159301782175,52.10792551386316
2022-04-07,MSFT,244.31781192889895,247.16714067373667,241.003072572041
2022-04-07,NKE,123.51303922180222,125.51663922356312,122.28006728036759
2022-04-07,VZ,28.91388064481365,29.171079136706933,28.661869224314188
2022-04-07,WMT,41.11857744784606,41.47265238784011,40.74879217655873
2022-04-08,AAPL,97.2529583926117,98.35913425654411,96.0516740038472
2022-04-08,AMGN,154.47668840988936,155.96904075805446,153.1414798281108
2022-04-08,CRM,367.18729699562607,373.98746466317704,361.2296717638904
2022-04-08,CSCO,30.498781499541547,30.894829628993236,30.21171291272241
2022-04-08,IBM,55.28896352165763,55.793656936745,54.69606045801394
2022-04-08,INTC,52.846916919296554,53.64797352222854,52.07583836375771
2022-04-08,MSFT,245.10957032146308,248.0227563350738,241.86302254665262
2022-04-08,NKE,123.63374466343797,125.67443839228953,122.44634485347483
2022-04-08,VZ,28.94740336865567,29.208798820131147,28.695923097985293
2022-04-08,WMT,41.26621037648248,41.6283117796076,40.903310962824065
2022-04-11,AAPL,97.6358443055333,98.76959704938697,96.40247053315886
2022-04-11,AMGN,155.08952274288296,156.60781198517088,153.70973147477096
2022-04-11,CRM,367.59877667625807,374.52524801278577,361.3085782511344
2022-04-11,CSCO,30.521421126822265,30.9151635751007,30.233679950438123
2022-04-11,IBM,55.47651839030159,56.00030472045544,54.88688201244922
2022-04-11,INTC,52.87021709418762,53.56049460770011,52.084108103630136
2022-04-11,MSFT,245.73711675724505,248.7448664579974,242.3815723073442
2022-04-11,NKE,123.7537970534296,125.7825542558352,122.48219754224034
2022-04-11,VZ,28.920444620065076,29.191270243452323,28.69832329581004
2022-04-11,WMT,41.360839017136506,41.73456822886177,41.0023600690974
2022-04-12,AAPL,97.94049439759534,98.98269671730998,96.68113216714974
2022-04-12,AMGN,155.69581752371505,157.10151018028938,154.27735963382676
2022-04-12,CRM,367.85592707912855,374.3418955347969,361.75313982197565
2022-04-12,CSCO,30.529588275312893,30.909360837467887,30.224487849262847
2022-04-12,IBM,55.639512412224974,56.111084672566655,55.011700763292225
2022-04-12,INTC,52.719877512244985,53.52853192895016,51.92149793601789
2022-04-12,MSFT,246.3368116315754,249.07324266751107,242.97025427843226
2022-04-12,NKE,123.73646111695584,125.70917841509586,122.5050836549893
2022-04-12,VZ,28.959450596151022,29.20475770808654,28.684510470451894
2022-04-12,WMT,41.497278227591345,41.83771574278376,41.1094960067717
2022-04-13,AAPL,98.30004936355161,99.44669791955351,97.03741078314671
2022-04-13,AMGN,156.24604309053424,157.77607202244008,154.82555818401426
2022-04-13,CRM,368.0936007197542,375.0593269320579,361.5989973176506
2022-04-13,CSCO,30.542270865665174,30.932951927578337,30.25207272973209
2022-04-13,IBM,55.81042582392729,56.34309806452123,55.21668961357256
2022-04-13,INTC,52.77348232856208,53.403138621767674,51.97730000614493
2022-04-13,MSFT,246.85230800054964,249.90179769461747,243.41330872556549
2022-04-13,NKE,123.84055648207341,125.85505824053382,122.51713765056827
2022-04-13,VZ,28.900131122250283,29.174397222647816,28.692078844174727
2022-04-13,WMT,41.5612360450944,41.94020687101886,41.2014013451382
2022-04-14,AAPL,98.79955743346731,99.94883652670617,97.63355927273619
2022-04-14,AMGN,157.11737215369843,158.68019116653463,155.8384860187997
2022-04-14,CRM,369.18305989797943,376.1252167831818,363.55232898633574
2022-04-14,CSCO,30.604571166282245,31.01458247564011,30.327990631881587
2022-04-14,IBM,56.070602616767005,56.590614061569646,55.48444779963323
2022-04-14,INTC,52.72392272128984,53.61103469842533,51.985112739863126
2022-04-14,MSFT,247.9162983320006,250.909601649653,244.78297593504547
2022-04-14,NKE,124.0485754986494,126.15139821663595,122.95401489033209
2022-04-14,VZ,28.981402159281032,29.24513930933355,28.720109114097365
2022-04-14,WMT,41.76345183358539,42.13569374939503,41.40609644056737
2022-04-18,AAPL,99.16147927579404,100.29454153743639,97.89559367782465
2022-04-18,AMGN,157.71142896565414,159.23000100425276,156.28931800212277
2022-04-18,CRM,369.4935252052109,376.3740196601566,363.13243379071656
2022-04-18,CSCO,30.62034454555998,31.011078619687662,30.327164437399787
2022-04-18,IBM,56.24846543501195,56.77045213933599,55.642721558159096
2022-04-18,INTC,52.72285335864472,53.41223404098692,51.93142356420259
2022-04-18,MSFT,248.49818904651764,251.4911415542012,245.07744189612987
2022-04-18,NKE,124.13402161153937,126.15118623200449,122.84647221891403
2022-04-18,VZ,28.955040214829037,29.222203891380293,28.727188262367594
2022-04-18,WMT,41.85561550726862,42.22789567927977,41.48708283128122
2022-04-19,AAPL,99.50221365693325,100.60725211900147,98.2282342371887
2022-04-19,AMGN,158.31597161166823,159.8015455999607,156.8819759924724
2022-04-19,CRM,369.78283600428557,376.5179249778035,363.51114931062375
2022-04-19,CSCO,30.632896313263057,31.019732893582276,30.334280979119033
2022-04-19,IBM,56.42128317370362,56.92617884967359,55.80168882203005
2022-04-19,INTC,52.66046647220796,53.397658581553294,51.866966412327066
2022-04-19,MSFT,249.09088402918138,251.9957403438062,245.67147157280704
2022-04-19,NKE,124.17686257125624,126.17884627913244,122.9101800904728
2022-04-19,VZ,28.955388357124125,29.213543961233412,28.708087601371385
2022-04-19,WMT,41.96646368808719,42.32779407929826,41.587601322409554
2022-04-20,AAPL,99.88725709635618,101.01411635090247,98.63320478334984
2022-04-20,AMGN,158.98880036370886,160.508182772268,157.5852153473212
2022-04-20,CRM,370.2709884240255,377.0909080193685,364.13237594722455
2022-04-20,CSCO,30.658078764080688,31.05156245919948,30.365302831991148
2022-04-20,IBM,56.617282581137935,57.131266918682755,56.00459453049563
2022-04-20,INTC,52.610813460780086,53.378011297944944,51.832027241341194
2022-04-20,MSFT,249.8002643083958,252.75272033012882,246.43612121885005
2022-04-20,NKE,124.26632442987703,126.29715900586307,123.03748795866319
2022-04-20,VZ,28.97246542246517,29.233456115203456,28.724920605081827
2022-04-20,WMT,42.097893457965064,42.46527587802065,41.724069073923424
2022-04-21,AAPL,100.19147742808957,101.30020727731458,98.8813069764018
2022-04-21,AMGN,159.5162798713553,161.0009739226651,158.031886850629
2022-04-21,CRM,370.33834422088677,377.0734905624197,363.8441507348745
2022-04-21,CSCO,30.657516004799955,31.039335390759074,30.354282359313235
2022-04-21,IBM,56.76752592502798,57.27677129785841,56.1397617773382
2022-04-21,INTC,52.56613796727945,53.243035140817746,51.75927895534509
2022-04-21,MSFT,250.2555699702388,253.17764730091406,246.73916156105196
2022-04-21,NKE,124.2767101025487,126.25638959371933,122.9528169220035
2022-04-21,VZ,28.94054319042936,29.200167412575468,28.704079041991974
2022-04-21,WMT,42.176393985929096,42.54004379650366,41.79322505241521
2022-04-22,AAPL,100.56510014471412,101.68293143031441,99.29866247517752
2022-04-22,AMGN,160.19255118412852,161.702637832355,158.77237497656083
2022-04-22,CRM,370.80059325739217,377.5531576073289,364.6854249882116
2022-04-22,CSCO,30.680198914625823,31.071540662809248,30.384233013835082
2022-04-22,IBM,56.960265311943495,57.467905856492386,56.33746177165487
2022-04-22,INTC,52.48681534949251,53.27187159061644,51.707353081937
2022-04-22,MSFT,250.96301341741628,253.88069015663078,247.5824382460245
2022-04-22,NKE,124.34253895259734,126.36499310464986,123.11965853176947
2022-04-22,VZ,28.968436337605322,29.224939701202423,28.71175910014898
2022-04-22,WMT,42.31549617956412,42.67872847397412,41.93481852551348
2022-04-25,AAPL,100.94761845270028,102.11833441107366,99.66325776645095
2022-04-25,AMGN,160.80111517283532,162.37096485026032,159.35718015596018
2022-04-25,CRM,371.1423827313688,378.13131366041495,364.72464985377
2022-04-25,CSCO,30.698561138610025,31.092765935285026,30.407620977548294
2022-04-25,IBM,57.14548452922252,57.685379561499396,56.53651792123358
2022-04-25,INTC,52.5160728809989,53.185562362752115,51.73027514443022
2022-04-25,MSFT,251.55939743796242,254.6394009339092,248.0976916072623
2022-04-25,NKE,124.45189971319859,126.48389231327941,123.15531686991493
2022-04-25,VZ,28.9326362537368,29.204108139730963,28.7145478134926
2022-04-25,WMT,42.40237676344833,42.785640005858,42.03397666286978
2022-04-26,AAPL,101.2417127066031,102.30285501472073,99.93063849995266
2022-04-26,AMGN,161.41129557710406,162.84683938136624,159.92725704369934
2022-04-26,CRM,371.3317230907939,377.8069827009071,365.1580813567457
2022-04-26,CSCO,30.701824117913308,31.080438599397688,30.391396009504195
2022-04-26,IBM,57.304459330356195,57.78179247428035,56.6511141172192
2022-04-26,INTC,52.343599846830415,53.15336934213601,51.545681290700536
2022-04-26,MSFT,252.13957569105656,254.89665970749567,248.67670216941184
2022-04-26,NKE,124.40627535244433,126.37604116336414,123.16306166409711
2022-04-26,VZ,28.975500671155434,29.2172460037349,28.69454900235982
2022-04-26,WMT,42.542219341463394,42.88583024732028,42.13968495126569
2022-04-27,AAPL,101.70696945207908,102.92702584839999,100.45622125847932
2022-04-27,AMGN,162.13264489905697,163.77542209086258,160.74024884029077
2022-04-27,CRM,372.0117312631174,379.1927164147742,365.77764425746756
2022-04-27,CSCO,30.74215154142907,31.14879411389478,30.462670843265485
2022-04-27,IBM,57.530650471330944,58.09265776267978,56.936839212083804
2022-04-27,INTC,52.41261350780796,53.110322151533616,51.65228094493064
2022-04-27,MSFT,252.92824350039587,256.12299363010663,249.55237848619643
2022-04-27,NKE,124.60711730975854,126.6924027460359,123.36514646118283
2022-04-27,VZ,28.955735582667923,29.234730631925675,28.74269202208167
2022-04-27,WMT,42.65602767147894,43.05374912233033,42.29898285189178
2022-04-28,AAPL,101.99633401668065,103.09203218342257,100.6601723579734
2022-04-28,AMGN,162.6838363871589,164.15816325569568,161.16615318243072
2022-04-28,CRM,372.0699209594781,378.6852322269423,365.6541163143288
2022-04-28,CSCO,30.739233298173225,31.118293145476212,30.43013433008459
2022-04-28,IBM,57.679208219405375,58.177417254552545,57.029376642044724
2022-04-28,INTC,52.30614074064381,53.032376370413694,51.50129793417549
2022-04-28,MSFT,253.40692036840295,256.26729056989416,249.86160599712227
2022-04-28,NKE,124.57685497924248,126.54694860332812,123.27469888982978
2022-04-28,VZ,28.952927858654608,29.20354301136239,28.696483723630205
2022-04-28,WMT,42.756927998987045,43.11337430646337,42.359104645098334
2022-04-29,AAPL,102.40031805694554,103.58216211312953,101.11131995134869
2022-04-29,AMGN,163.34801789506005,164.9397645433793,161.90134194474402
2022-04-29,CRM,372.52580887108843,379.51078332075747,366.2183400258734
2022-04-29,CSCO,30.763922596975043,31.160857353115546,30.473484326944543
2022-04-29,IBM,57.87835208689063,58.41999796683528,57.261117925783054
2022-04-29,INTC,52.311476165345965,53.01910633881395,51.535927460998295
2022-04-29,MSFT,254.08642132103935,257.17203570330076,250.6359822547129
2022-04-29,NKE,124.69402850091885,126.73915347122772,123.42944479610966
2022-04-29,VZ,28.93954818691737,29.208104146153648,28.710879426211743
2022-04-29,WMT,42.86664003675039,43.250968055285,42.493306563711506
2022-05-02,AAPL,102.68490849059701,103.80124071777637,101.32971639446825
2022-05-02,AMGN,163.86411751951965,165.36212510491313,162.32101956072106
2022-05-02,CRM,372.4998314437268,379.1862538466684,365.94369959270284
2022-05-02,CSCO,30.75682273325577,31.135672642238582,30.448054824468876
2022-05-02,IBM,58.02003220481008,58.53030572955637,57.36995333774332
2022-05-02,INTC,52.239739766005954,52.91887076278959,51.4309662070323
2022-05-02,MSFT,254.50292775439883,257.4213542000163,250.90277032729006
2022-05-02,NKE,124.66888899468529,126.63731338310556,123.33243852586045
2022-05-02,VZ,28.911287081350405,29.166237500515987,28.668344625474848
2022-05-02,WMT,42.945254621246065,43.30894155906489,42.54889653065784
2022-05-03,AAPL,103.04043477504415,104.18800450985616,101.7218041495388
2022-05-03,AMGN,164.49244830238177,166.03994802789887,163.0036576581038
2022-05-03,CRM,372.7958429706448,379.601012843875,366.46791344738847
2022-05-03,CSCO,30.76989824290612,31.158905222075784,30.470509136868078
2022-05-03,IBM,58.1991405098905,58.72187621916411,57.561275586206385
2022-05-03,INTC,52.18412685704021,52.91250643418246,51.398270675389604
2022-05-03,MSFT,255.11067407240785,258.0953168815821,251.6088902278647
2022-05-03,NKE,124.71640187972781,126.72887827390387,123.44311661459332
2022-05-03,VZ,28.91045763044633,29.16911961920923,28.665738678728992
2022-05-03,WMT,43.05798867873642,43.429942479688066,42.67024061291028
2022-05-04,AAPL,102.93127205663156,104.53790270199374,101.58262085391665
2022-05-04,AMGN,164.18875845759896,166.37745346037087,162.72793895668357
2022-05-04,CRM,372.06886835283655,379.93650821643706,365.92910743949096
2022-05-04,CSCO,30.719647758086325,31.148131204712254,30.41429438726986
2022-05-04,IBM,58.28186509066992,58.92533653547479,57.72604291640294
2022-05-04,INTC,52.179783927965865,52.977186039835686,51.44477806544643
2022-05-04,MSFT,255.1275978135774,259.35298430407846,251.65601334135232
2022-05-04,NKE,124.25577651321754,126.53419615194828,122.67761576215794
2022-05-04,VZ,28.728655464531457,29.11565901384004,28.484923146343725
2022-05-04,WMT,43.09206626161131,43.581922386359416,42.75170440490294
2022-05-05,AAPL,102.84215049509567,104.40459315887762,101.45690908004302
2022-05-05,AMGN,163.90312426297356,166.0412730983874,162.4138656295512
2022-05-05,CRM,371.3445862407568,379.00806305949965,365.22399504859106
2022-05-05,CSCO,30.666980898099965,31.08552799204668,30.361370708379244
2022-05-05,IBM,58.342170219375944,58.974256386749346,57.79257222815539
2022-05-05,INTC,52.167159446301284,52.946090341499016,51.41742544884293
2022-05-05,MSFT,255.00226194482943,259.1163722489741,251.58141314901528
2022-05-05,NKE,123.66864881297192,125.94749515013717,122.04280891712591
2022-05-05,VZ,28.573589950218327,28.94722495330326,28.31283133310154
2022-05-05,WMT,43.12410158653651,43.61103585899621,42.78468384092012
2022-05-06,AAPL,102.8366626731696,104.42188607686886,101.47504449725197
2022-05-06,AMGN,163.72206985154432,165.89755763467247,162.27976758875803
2022-05-06,CRM,370.926415000932,378.6778980890084,364.98415278751906
2022-05-06,CSCO,30.633360830195567,31.058686891249756,30.33900335905731
2022-05-06,IBM,58.43004021099662,59.07732917727744,57.90149205463638
2022-05-06,INTC,52.19502655484966,52.990282019772096,51.46022075197909
2022-05-06,MSFT,254.98711444003737,259.1561112536087,251.6798952920806
2022-05-06,NKE,123.11547921724978,125.4355519446055,121.52100935667573
2022-05-06,VZ,28.441624472476317,28.816316492349216,28.181721078948296
2022-05-06,WMT,43.17767745223067,43.67654343793734,42.8518601166553
2022-05-09,AAPL,102.80738393360367,104.40999533156,101.4613743814868
2022-05-09,AMGN,163.51546460021748,165.70537193902993,162.0833163649468
2022-05-09,CRM,370.4588740718474,378.27964792442833,364.4928077462927
2022-05-09,CSCO,30.597980391596792,31.026275569919715,30.302593881626002
2022-05-09,IBM,58.52502112636267,59.177183062647934,57.98854890357575
2022-05-09,INTC,52.22060027869363,53.02292384368061,51.490510388628294
2022-05-09,MSFT,255.02596580582863,259.241628577873,251.67454397751376
2022-05-09,NKE,122.62314573549459,124.9199481498708,121.05863685810114
2022-05-09,VZ,28.29321594316638,28.671087579631976,28.043668893302243
2022-05-09,WMT,43.22888613629389,43.72818349063099,42.89979199661884
2022-05-10,AAPL,102.85369774206141,104.48204079552032,101.5322794661057
2022-05-10,AMGN,163.40412770269887,165.63338310700246,162.01727874188728
2022-05-10,CRM,370.27403621483154,378.19622055096863,364.4693852798361
2022-05-10,CSCO,30.58031986097126,31.01581690958693,30.295235600849047
2022-05-10,IBM,58.64754294242003,59.3153896144659,58.129695105682075
2022-05-10,INTC,52.28452206196206,53.1042131075677,51.56908205853879
2022-05-10,MSFT,255.17944048538382,259.45857264210235,251.92715112055123
2022-05-10,NKE,122.17244446682739,124.50709708117313,120.6407461231242
2022-05-10,VZ,28.16447788045014,28.544196551566,27.917411500307637
2022-05-10,WMT,43.30025013400222,43.81112868862272,42.98350163487481
2022-05-11,AAPL,102.75520716318319,104.40638797529054,101.45171470287366
2022-05-11,AMGN,163.12157791291315,165.35243663497602,161.7143990497533
2022-05-11,CRM,369.65363734297085,377.67803821485313,363.6052019228342
2022-05-11,CSCO,30.539200258426245,30.97615359987759,30.240119975752854
2022-05-11,IBM,58.76143462242746,59.42626539223616,58.202326546084635
2022-05-11,INTC,52.301584206765675,53.12317939111564,51.58387008525587
2022-05-11,MSFT,255.36509743037422,259.71429483593306,251.88424551937993
2022-05-11,NKE,121.84920232095625,124.0909250772225,120.35996435975683
2022-05-11,VZ,27.971531653272034,28.359502133942296,27.750993414965507
2022-05-11,WMT,43.34389518201699,43.843602411480106,43.005304908900946
2022-05-12,AAPL,102.74056335068245,104.29154789996979,101.35045266978268
2022-05-12,AMGN,162.92564673644117,165.05116516568566,161.45923981232957
2022-05-12,CRM,369.16004135407104,376.73142665000194,363.2066574052614
2022-05-12,CSCO,30.499252574396607,30.91508033412536,30.202870349675546
2022-05-12,IBM,58.828435659366605,59.468800914824016,58.294875206382805
2022-05-12,INTC,52.313848559492804,53.095283792293685,51.56401331648726
2022-05-12,MSFT,255.23204712724066,259.32215490555546,251.92306898652998
2022-05-12,NKE,121.21711383767492,123.49516357289329,119.6071633493305
2022-05-12,VZ,27.852455166920915,28.21177802725613,27.586792354011795
2022-05-12,WMT,43.39081579383244,43.887101352513234,43.06048538032345
2022-05-13,AAPL,102.55479299864096,104.20806833810704,101.25542173868945
2022-05-13,AMGN,162.53960298356546,164.75478743480375,161.11525279400703
2022-05-13,CRM,368.2655145066052,376.28748455293953,362.08080922588755
2022-05-13,CSCO,30.44264298743652,30.877257211961684,30.135139206561277
2022-05-13,IBM,58.9313161282777,59.59236062107047,58.3465321655922
2022-05-13,INTC,52.29898366039708,53.11716005943521,51.57638893578026
2022-05-13,MSFT,255.4039618991005,259.77041637946996,251.79065899600366
2022-05-13,NKE,120.94608547935464,123.1189138669284,119.47935270693003
2022-05-13,VZ,27.627818486361726,28.015287695130382,27.421519141751126
2022-05-13,WMT,43.41618116003965,43.908389666940664,43.06353388424178
2022-05-16,AAPL,102.7604766377212,104.41407262148627,101.47008445335898
2022-05-16,AMGN,162.62485936400944,164.89939951439808,161.31568991628737
2022-05-16,CRM,368.63776274979006,376.6325260479013,363.17465838341116
2022-05-16,CSCO,30.45858107035577,30.90218022956118,30.194186263135236
2022-05-16,IBM,59.09723506201881,59.79232326715422,58.61832372494113
2022-05-16,INTC,52.43467213105729,53.27952709789365,51.74012431297972
2022-05-16,MSFT,255.70954303166909,260.06021953774916,252.6762777410959
2022-05-16,NKE,120.51198333480981,122.91085797885844,119.02534465732712
2022-05-16,VZ,27.550974377811862,27.923501602403974,27.302216860876428
2022-05-16,WMT,43.52669258759552,44.05988919956507,43.23453220831169
2022-05-17,AAPL,102.64529983847925,104.27560272234028,101.3253676761686
2022-05-17,AMGN,162.31997187444387,164.51503813238386,160.89842869800336
2022-05-17,CRM,367.9359622566208,375.84196884632206,361.8701451509275
2022-05-17,CSCO,30.4117604224888,30.842246927287984,30.110746108305154
2022-05-17,IBM,59.19764934888148,59.85972621490332,58.6304131776735
2022-05-17,INTC,52.437918983855354,53.251699115483085,51.709550484045096
2022-05-17,MSFT,255.82211310564622,260.1309435470124,252.31862386289603
2022-05-17,NKE,120.14845987498234,122.34844504653289,118.65744710711687
2022-05-17,VZ,27.363448494821384,27.739027713464907,27.142747300931017
2022-05-17,WMT,43.56403064968575,44.0621886200519,43.2202385184319
2022-05-18,AAPL,102.570673989697,104.16682550127692,101.2235972742825
2022-05-18,AMGN,162.06029368745422,164.2202857372391,160.62456070661074
2022-05-18,CRM,367.32093919220557,375.06566586706003,361.3190903194416
2022-05-18,CSCO,30.36773110099553,30.791050750362324,30.069312809276745
2022-05-18,IBM,59.28448831616044,59.9403054591261,58.72866622293599
2022-05-18,INTC,52.44486464429162,53.24630771512825,51.70691476806026
2022-05-18,MSFT,255.8344030890229,260.05795817729813,252.4062864972888
2022-05-18,NKE,119.67865250915659,121.89327807821243,118.15085723041547
2022-05-18,VZ,27.205687445064278,27.56992712303261,26.969726054628783
2022-05-18,WMT,43.60525277672018,44.103835595641435,43.26599145348944
2022-05-19,AAPL,102.55903593202717,104.17311192658791,101.23059619369276
2022-05-19,AMGN,161.8787998160281,164.06684954473204,160.47895924750858
2022-05-19,CRM,366.934878569352,374.7475007019286,361.067643075136
2022-05-19,CSCO,30.33797870382746,30.766459126660383,30.048035251725928
2022-05-19,IBM,59.392916924133566,60.061073762390315,58.8528808869292
2022-05-19,INTC,52.48268018879771,53.297108864188544,51.7560936033339
2022-05-19,MSFT,255.932728113492,260.202013971812,252.58943856607246
2022-05-19,NKE,119.23657023452733,121.48065206637055,117.73321581037983
2022-05-19,VZ,27.065518947667673,27.430154657350084,26.83113975594479
2022-05-19,WMT,43.66297857399452,44.17091484615162,43.333982386640926
2022-05-20,AAPL,102.39074814626348,103.97997124265807,101.0388876918443
2022-05-20,AMGN,161.50640432591197,163.63952104017795,160.04399099224523
2022-05-20,CRM,366.01151348630816,373.7168086670754,359.8538545775385
2022-05-20,CSCO,30.27607519837135,30.694985921009305,29.96791952116015
2022-05-20,IBM,59.46197176714719,60.11037780491863,58.87870099413837
2022-05-20,INTC,52.451501720602856,53.244896621477906,51.704376506893034
2022-05-20,MSFT,255.89575558931503,260.1129552183598,252.32867834371217
2022-05-20,NKE,118.79640139098942,120.93931394597656,117.27991034062056
2022-05-20,VZ,26.876811743551798,27.23876607250663,26.652126708943474
2022-05-20,WMT,43.68305764681905,44.17238407162944,43.32821364087484
2022-05-23,AAPL,102.39288413579641,103.98733785443879,101.05185049302855
2022-05-23,AMGN,161.33973277865826,163.50318025438054,159.93416522997484
2022-05-23,CRM,365.6474642269531,373.3575093528283,359.81518863102366
2022-05-23,CSCO,30.246543669993045,30.670236281959774,29.957827123638097
2022-05-23,IBM,59.56254373334258,60.22826357012458,59.025340025439384
2022-05-23,INTC,52.48847357301073,53.29609534935461,51.75634651010321
2022-05-23,MSFT,255.93965520055542,260.16510841156145,252.62448921706377
2022-05-23,NKE,118.30558741299954,120.53986592261498,116.79255392830177
2022-05-23,VZ,26.749731820480953,27.1056667959959,26.5103894768654
2022-05-23,WMT,43.74136958688622,44.249503973759374,43.41320221104392
2022-05-24,AAPL,102.2654104720105,103.90720292227235,100.9655844980377
2022-05-24,AMGN,161.02512186574867,163.2205872999412,159.62532402192926
2022-05-24,CRM,364.93592565415054,372.8530700705931,358.90822136832986
2022-05-24,CSCO,30.200033045606517,30.631024460788908,29.900833884026003
2022-05-24,IBM,59.67200322850511,60.34394165979411,59.09616006354182
2022-05-24,INTC,52.49317576512024,53.314965731918264,51.76972571336039
2022-05-24,MSFT,256.10873749853016,260.4678039179551,252.5752712243159
2022-05-24,NKE,118.00149611761368,120.15508860030465,116.5591921791928
2022-05-24,VZ,26.557895874812406,26.926991361734647,26.351659071990436
2022-05-24,WMT,43.77854985371425,44.27990914719145,43.43176487956751
2022-05-25,AAPL,102.24502016452212,103.7721397150729,100.84664213304545
2022-05-25,AMGN,160.82208517753688,162.90032878747263,159.35885406372697
2022-05-25,CRM,364.40524985155736,371.80882099721504,358.50600316136087
2022-05-25,CSCO,30.15707940376572,30.564442414665585,29.862234226535666
2022-05-25,IBM,59.72889652907464,60.37312528177208,59.1861077080186
2022-05-25,INTC,52.49694183780479,53.27310545256933,51.737602032535385
2022-05-25,MSFT,255.91522294172447,259.9745293686372,252.59623283595204
2022-05-25,NKE,117.34816666126568,119.54972245827625,115.77019867659594
2022-05-25,VZ,26.449178086555275,26.786832243883826,26.191876936139924
2022-05-25,WMT,43.82214224526251,44.32067630263333,43.48685523651276
2022-05-26,AAPL,102.2055372601362,103.88730438524698,100.94651548526096
2022-05-26,AMGN,160.61942028892489,162.87023599225313,159.28479834871806
2022-05-26,CRM,364.0387804353866,372.10931611152336,358.21668999885026
2022-05-26,CSCO,30.132937429905095,30.574288548890998,29.846979673611163
2022-05-26,IBM,59.87908229846486,60.574509044913455,59.32434540771842
2022-05-26,INTC,52.55144113359268,53.39903298956078,51.85022374966523
2022-05-26,MSFT,256.261404403089,260.7250110658701,252.83822932870908
2022-05-26,NKE,117.12164716795125,119.31135419532322,115.73458626108416
2022-05-26,VZ,26.27404472211338,26.64570111752206,26.07514940502414
2022-05-26,WMT,43.8851859066659,44.40214292093592,43.55342899894738
2022-05-27,AAPL,102.08499061239446,103.63640022407647,100.70914446910109
2022-05-27,AMGN,160.30120716449576,162.38774145795563,158.8355485685512
2022-05-27,CRM,363.2258610847428,370.72679459447073,357.17916999540137
2022-05-27,CSCO,30.0753982045042,30.485252014312465,29.772176329894428
2022-05-27,IBM,59.935978544436466,60.58264211425091,59.362387829426964
2022-05-27,INTC,52.52611906552318,53.30842037121922,51.768769130007335
2022-05-27,MSFT,256.1248954090471,260.2594305130563,252.64070024139716
2022-05-27,NKE,116.58304182530759,118.71268197204306,115.0526773558757
2022-05-27,VZ,26.120601482115653,26.46334295858576,25.885993056571543
2022-05-27,WMT,43.910751683498034,44.403302449195785,43.560057154843165
2022-05-31,AAPL,102.01639224735156,103.64847239658394,100.71678536535542
2022-05-31,AMGN,160.05756462661677,162.24259083813334,158.67914706541941
2022-05-31,CRM,362.69950391037537,370.54019912735396,356.81315681926037
2022-05-31,CSCO,30.039236734141383,30.468092736965772,29.7477254246853
2022-05-31,IBM,60.052633271915965,60.732109309627546,59.48968974185262
2022-05-31,INTC,52.55173678725562,53.375773965191065,51.830014085366464
2022-05-31,MSFT,256.2960677807183,260.6416029790426,252.85001124524425
2022-05-31,NKE,116.24494912635484,118.4002864926147,114.81409270988343
2022-05-31,VZ,25.95526187455281,26.3127633459372,25.74547603694474
2022-05-31,WMT,43.960307414371805,44.469178336999576,43.62119722338437
2022-06-01,AAPL,101.83827761809805,103.39903542778782,100.47541648422445
2022-06-01,AMGN,159.67348584070822,161.75784397568196,158.2074254987744
2022-06-01,CRM,361.7228166331528,369.2526564708452,355.60357094591114
2022-06-01,CSCO,29.973069916198813,30.383079803675404,29.665423154812427
2022-06-01,IBM,60.10811092482223,60.75596875995794,59.51618263236324
2022-06-01,INTC,52.508698622605586,53.29296202651407,51.75208457219257
2022-06-01,MSFT,256.1844063075009,260.3555784987808,252.60655262587926
2022-06-01,NKE,115.7674860736966,117.84910655495688,114.26652807186517
2022-06-01,VZ,25.778485914894013,26.12152671632701,25.5573298678706
2022-06-01,WMT,43.97504348843513,44.46396000724694,43.61519202302181
2022-06-02,AAPL,101.76226005645287,103.3490473128946,100.42855006381028
2022-06-02,AMGN,159.41576242490086,161.54362652180905,158.00538053170362
2022-06-02,CRM,361.1146336342504,368.74312913251146,355.2118530446737
2022-06-02,CSCO,29.929685308385984,30.34756111281869,29.635534125777227
2022-06-02,IBM,60.19783167552189,60.86453067943233,59.63281513029581
2022-06-02,INTC,52.51576708263491,53.31954686627512,51.777796371338155
2022-06-02,MSFT,256.206670950028,260.44479052827387,252.7696251007331
2022-06-02,NKE,115.32530650014773,117.45829931528459,113.85712320690614
2022-06-02,VZ,25.62878070259609,25.972772640649634,25.408217877696305
2022-06-02,WMT,44.01661004733945,44.52004262129625,43.67394948643527
2022-06-03,AAPL,101.85742772757091,103.34702366534654,100.13437401421808
2022-06-03,AMGN,159.61367805544305,161.25181242299885,157.8808062400585
2022-06-03,CRM,360.437829527907,368.6065369518061,351.2863464103724
2022-06-03,CSCO,29.918550869448726,30.28802853005671,29.557446993710098
2022-06-03,IBM,60.495818290765094,61.073807909672716,59.7223641117274
2022-06-03,INTC,52.61118379880637,53.31036480465895,51.8435081754824
2022-06-03,MSFT,256.5902556969799,260.1813757331098,251.85439849497354
2022-06-03,NKE,115.31750756825329,117.07203608352074,113.23023121953835
2022-06-03,VZ,25.679332063345992,25.90050719906368,25.409683422774187
2022-06-03,WMT,43.977132510928634,44.484411220980604,43.43878793373793
2022-06-06,AAPL,101.99243807530871,103.41732342692866,100.20996742666513
2022-06-06,AMGN,159.65402566453437,161.32239439375326,157.86201685197787
2022-06-06,CRM,360.6558093716593,368.59548049178557,350.8241949425363
2022-06-06,CSCO,29.916269488615914,30.268862714866223,29.543665886292196
2022-06-06,IBM,60.78460891538784,61.339822200191556,59.97703677726504
2022-06-06,INTC,52.72330575298308,53.3922681984839,51.93664613253865
2022-06-06,MSFT,256.9870104906539,260.4205720077891,251.9417013202367
2022-06-06,NKE,115.46136703432504,117.14510469716193,113.29097379661837
2022-06-06,VZ,25.722627669350295,25.93947533510691,25.44363624939073
2022-06-06,WMT,43.960158557549676,44.44465309456937,43.39703650103072
2022-06-07,AAPL,102.21822706869226,103.65803464139756,100.4462751478598
2022-06-07,AMGN,159.72042494524777,161.45930036117045,157.9593987006282
2022-06-07,CRM,361.49088275262113,369.52075107126285,351.47806477465696
2022-06-07,CSCO,29.936984149420116,30.29331042554984,29.57016713724525
2022-06-07,IBM,61.108970499515465,61.67630441979166,60.303774075242295
2022-06-07,INTC,52.88709623436981,53.56834657137397,52.11251648764427
2022-06-07,MSFT,257.5613637606255,261.03469136048096,252.460307055987
2022-06-07,NKE,115.74378723823533,117.44378781722119,113.57754591581342
2022-06-07,VZ,25.774344039395245,25.996559077471538,25.497948758588596
2022-06-07,WMT,43.97486997073162,44.462531188408526,43.414368629621215
2022-06-08,AAPL,102.40929970561935,103.88330074853299,100.66039605471903
2022-06-08,AMGN,159.8613824108966,161.5751442293915,158.12324708553547
2022-06-08,CRM,361.74072653746185,369.88203488932555,352.0718229231003
2022-06-08,CSCO,29.949447918593176,30.313787649541094,29.58730700478442
2022-06-08,IBM,61.43501214984844,62.01683984612619,60.639782348448435
2022-06-08,INTC,53.03450332080134,53.731993530221224,52.26424581144565
2022-06-08,MSFT,258.10201090504154,261.6591613279885,253.14513791211553
2022-06-08,NKE,115.92379761829311,117.66098655050358,113.79283952710117
2022-06-08,VZ,25.828562592267822,26.052836702203837,25.555553490723067
2022-06-08,WMT,43.972764898358655,44.47116989505797,43.42425342477088
2022-06-09,AAPL,102.68203480061199,104.17703855915377,100.947145372284
2022-06-09,AMGN,160.04104400933863,161.81931291625867,158.33529897925095
2022-06-09,CRM,362.52140005235844,370.76724552641974,352.7528436867244
2022-06-09,CSCO,29.982593126745094,30.352107141624508,29.62662784071855
2022-06-09,IBM,61.79557531693052,62.39171690061416,61.00463238862273
2022-06-09,INTC,53.22877931211366,53.94122077746861,52.47077304063428
2022-06-09,MSFT,258.8076454927829,262.41883186684055,253.82497159512576
2022-06-09,NKE,116.22320688075573,117.98267580296161,114.10277010665433
2022-06-09,VZ,25.89130474714702,26.12109178346736,25.621368831709393
2022-06-09,WMT,43.99828580968519,44.50184363386777,43.45427775779127
2022-06-10,AAPL,102.7720926325196,104.34149104231649,101.09186760986249
2022-06-10,AMGN,160.3956138358128,162.03798845777388,158.71995498045987
2022-06-10,CRM,361.2100178896677,369.6390197750181,352.64872747367957
2022-06-10,CSCO,29.971094066038987,30.35807549530752,29.622152510172718
2022-06-10,IBM,62.123546737450184,62.744406750384236,61.3605823108841
2022-06-10,INTC,53.32799679643118,54.069913412292706,52.57103157341525
2022-06-10,MSFT,259.2438301231271,263.03655472783913,254.73536064561966
2022-06-10,NKE,116.12094380416728,117.96033253101093,114.09800544561206
2022-06-10,VZ,25.952069939596957,26.18169713181275,25.688933855457496
2022-06-10,WMT,43.94899862636432,44.47796898042719,43.43529013706868
2022-06-13,AAPL,103.0012944080835,104.40676688137697,101.17575582636209
2022-06-13,AMGN,160.35597466829887,162.10252665190768,158.5425084724247
2022-06-13,CRM,362.4541979320128,370.3386642489053,352.0349367414941
2022-06-13,CSCO,29.991484067117533,30.336939273616583,29.615144616518865
2022-06-13,IBM,62.43904922960095,62.9998278965526,61.59487152362679
2022-06-13,INTC,53.49067699240821,54.15681739673521,52.69239469221514
2022-06-13,MSFT,259.7851334596029,263.1762607277449,254.46047071718786
2022-06-13,NKE,116.46544099262218,118.1265444170057,114.23212840028094
2022-06-13,VZ,25.997397389030063,26.217247811482242,25.71214130310179
2022-06-13,WMT,43.96962243808309,44.44225761277037,43.392731075903384
2022-06-14,AAPL,102.98474036824244,104.58823105534573,101.32328316121911
2022-06-14,AMGN,160.7855830241363,162.35028465928647,159.1129793619284
2022-06-14,CRM,360.08448907144384,368.5661476880152,352.14707033126155
2022-06-14,CSCO,29.953774110710615,30.347770231906352,29.606597124826166
2022-06-14,IBM,62.74516579288719,63.37982961097553,61.987760569454394
2022-06-14,INTC,53.533123594314866,54.28824534868761,52.77053706966568
2022-06-14,MSFT,260.05252761009655,263.9298647115433,255.7694006643945
2022-06-14,NKE,116.148864864825,118.02317106640425,114.16724550728445
2022-06-14,VZ,26.055226906896117,26.28412519239787,25.79365718317414
2022-06-14,WMT,43.8785237498753,44.41789580702233,43.37863019183906
2022-06-15,AAPL,103.4417192932011,104.94552263704196,101.70025673535625
2022-06-15,AMGN,160.9576835775508,162.88623111852377,159.27912806533197
2022-06-15,CRM,362.3505966185204,370.6389455199726,352.0410014051986
2022-06-15,CSCO,30.032468466558683,30.40298692312133,29.682808197306706
2022-06-15,IBM,63.17392712784572,63.79128801814722,62.366498337708485
2022-06-15,INTC,53.83080838999854,54.55885372756992,53.08506510650568
2022-06-15,MSFT,261.0972183010796,264.73984131339324,255.8745030652642
2022-06-15,NKE,116.76229577779613,118.52560452288799,114.61995931386434
2022-06-15,VZ,26.131390909655494,26.370718569189613,25.86160806734743
2022-06-15,WMT,43.97002658232809,44.470717316933154,43.42241900853808
2022-06-16,AAPL,103.51877546676626,105.0761505605546,101.8049651730867
2022-06-16,AMGN,161.25970924177219,162.9001756237685,159.54880266008402
2022-06-16,CRM,361.1245072788766,369.4630736425055,352.42819359200803
2022-06-16,CSCO,30.01712932557277,30.398701577561713,29.662580755486786
2022-06-16,IBM,63.4961990093782,64.12015710994655,62.705169536429686
2022-06-16,INTC,53.92186345447194,54.659462701538686,53.14700714582015
2022-06-16,MSFT,261.49068197307776,265.2587030976279,256.86958940367697
2022-06-16,NKE,116.66564434480185,118.48871690118712,114.60683732447262
2022-06-16,VZ,26.18810154967514,26.417028952598237,25.918977704388755
2022-06-16,WMT,43.91876689072334,44.439848094435035,43.39736814939444
2022-06-17,AAPL,103.65865962970652,105.15883077113398,101.89308581016161
2022-06-17,AMGN,161.42221562077296,163.11173367104064,159.6631300688045
2022-06-17,CRM,360.91144379016407,369.0465977302214,351.5132468535571
2022-06-17,CSCO,30.016403761072358,30.383324820077792,29.652771064832574
2022-06-17,IBM,63.819310462893284,64.42442087652526,62.99638774628003
2022-06-17,INTC,54.04266675230307,54.7548702250401,53.25388877824254
2022-06-17,MSFT,261.94694398489315,265.57551487443993,257.01045098507007
2022-06-17,NKE,116.74982648267236,118.5087607613648,114.61613934185559
2022-06-17,VZ,26.240420867083902,26.466717257859493,25.963305781718923
2022-06-17,WMT,43.89671915545833,44.39750400651672,43.353042390768394
2022-06-21,AAPL,103.8684143004554,105.38251219939238,102.11184313909803
2022-06-21,AMGN,161.60918880948327,163.354117593814,159.87349718466277
2022-06-21,CRM,361.2095729875625,369.41125272865406,351.7233631516922
2022-06-21,CSCO,30.033129285019733,30.403345808968226,29.67410891366146
2022-06-21,IBM,64.17132384233558,64.78765790490185,63.349994109710984
2022-06-21,INTC,54.20356892066239,54.92657418688751,53.42400306232578
2022-06-21,MSFT,262.54037328087236,266.20631253373057,257.5726383955022
2022-06-21,NKE,116.94358292933252,118.7167373698068,114.81595227350618
2022-06-21,VZ,26.299399375492087,26.530082490906018,26.02430360603398
2022-06-21,WMT,43.89877613530044,44.402500047342336,43.35791946775933
2022-06-22,AAPL,103.89575820848712,105.41801897992926,102.13744329824131
2022-06-22,AMGN,161.81781923703903,163.42516968695773,160.04890484551993
2022-06-22,CRM,359.9449225322083,368.0927324505501,351.0684387943783
2022-06-22,CSCO,30.00466884324747,30.37554690682567,29.64028807948743
2022-06-22,IBM,64.46623812179624,65.07982522374334,63.642659082234246
2022-06-22,INTC,54.26352760022101,54.98267381308403,53.4642511645011
2022-06-22,MSFT,262.8068009497859,266.4907276866478,258.0489717980118
2022-06-22,NKE,116.8141500585766,118.59559720550715,114.7072153940547
2022-06-22,VZ,26.346557094208247,26.57082153365133,26.069130526393515
2022-06-22,WMT,43.8343761265283,44.341653311456646,43.30015614515237
2022-06-23,AAPL,104.12941735446469,105.61822886046508,102.34389971773919
2022-06-23,AMGN,161.9367409833789,163.7027956659815,160.17357375852464
2022-06-23,CRM,360.6508625783725,368.7416917967201,350.85325765076084
2022-06-23,CSCO,30.026711972086613,30.389666126138014,29.66310484826348
2022-06-23,IBM,64.81921975816577,65.43054200508931,63.97576665164162
2022-06-23,INTC,54.43573204622068,55.14823457323804,53.64606460812817
2022-06-23,MSFT,263.41978236487375,267.0264636759696,258.291219570892
2022-06-23,NKE,117.08161740047156,118.8250214738233,114.9159985675646
2022-06-23,VZ,26.403084828470792,26.632904055001717,26.12314032160253
2022-06-23,WMT,43.847927800018866,44.34135837481736,43.29685026200186
2022-06-24,AAPL,104.18619456468669,105.78392960129196,102.48686200060787
2022-06-24,AMGN,162.31208675165115,163.9476470269145,160.61432509930108
2022-06-24,CRM,359.0972652654792,367.4886370854317,350.8065127260976
2022-06-24,CSCO,30.006679654302868,30.395588325870637,29.656985075191816
2022-06-24,IBM,65.15271565949719,65.80466160528822,64.35527986671278
2022-06-24,INTC,54.51801534969557,55.277897656615046,53.74165525699647
2022-06-24,MSFT,263.8027230359369,267.67758214887954,259.2949914187383
2022-06-24,NKE,116.92107532696211,118.78084295262813,114.89432815474042
2022-06-24,VZ,26.463224326331517,26.696358861793072,26.19518533104018
2022-06-24,WMT,43.78638140225918,44.31601429134182,43.27772416404352
2022-06-27,AAPL,104.41772226721679,105.82003207229626,102.547101879612
2022-06-27,AMGN,162.21942061982475,163.98535942906895,160.36206437422604
2022-06-27,CRM,360.5203212203053,368.28139808921463,349.989180335836
2022-06-27,CSCO,30.02648463530607,30.36668825080917,29.645304284430974
2022-06-27,IBM,65.47479852674704,66.0530111110348,64.57862510365372
2022-06-27,INTC,54.68202061461715,55.35142121073923,53.85824021998236
2022-06-27,MSFT,264.33110993278063,267.7260369793838,258.82923206348386
2022-06-27,NKE,117.2954771937603,118.94422292544306,115.02020048377368
2022-06-27,VZ,26.505858310718647,26.727794324413868,26.21175299793688
2022-06-27,WMT,43.809356051169736,44.27300719950039,43.22666330736011
2022-06-28,AAPL,104.56603541329525,106.20667720054215,102.89759544231542
2022-06-28,AMGN,162.68031667746538,164.39001218850754,161.03644980503728
2022-06-28,CRM,359.32011940868324,367.87833668766564,351.04143350726787
2022-06-28,CSCO,30.029688009931707,30.428685444870236,29.69068560600944
2022-06-28,IBM,65.85799922590695,66.53788883219168,65.07136978868226
2022-06-28,INTC,54.8194149667032,55.60702220443541,54.06240745753311
2022-06-28,MSFT,264.91960936599537,268.90576226744287,260.43757706276267
2022-06-28,NKE,117.23641642370384,119.14035730348951,115.2426423684593
2022-06-28,VZ,26.578804915751824,26.820494421485282,26.316501778940772
2022-06-28,WMT,43.7756219702838,44.31616927668015,43.278623799131154
2022-06-29,AAPL,104.66461194298181,106.13653718906991,102.84205924062213
2022-06-29,AMGN,162.74495079482534,164.41510554944432,160.91929367920454
2022-06-29,CRM,359.1457867565617,367.07554784165734,349.58545467650913
2022-06-29,CSCO,30.017677576216794,30.373670363504786,29.64406840575794
2022-06-29,IBM,66.16203749285503,66.76845815276158,65.28739360918483
2022-06-29,INTC,54.914766281277124,55.614445642368295,54.09368670201783
2022-06-29,MSFT,265.26329558783556,268.83094074957603,260.14474976906587
2022-06-29,NKE,117.30431087282592,119.02610464491076,115.1131226187929
2022-06-29,VZ,26.622094225124535,26.845749445403822,26.334046322995842
2022-06-29,WMT,43.743708774152715,44.229373802077944,43.18762921666059
2022-06-30,AAPL,104.79540523302164,106.37768290025164,103.06779140679728
2022-06-30,AMGN,163.062745899792,164.7620394674904,161.3489796108687
2022-06-30,CRM,358.3282525272645,366.6362267799998,349.6052244677544
2022-06-30,CSCO,30.01542405454933,30.398659884433542,29.663943439947236
2022-06-30,IBM,66.51952416167957,67.17824526807604,65.69413709483013
2022-06-30,INTC,55.037410792022364,55.795611716566924,54.254527232143715
2022-06-30,MSFT,265.7646142488862,269.6090862505451,261.0385368474653
2022-06-30,NKE,117.29256132660747,119.1307710162444,115.22646558392734
2022-06-30,VZ,26.684489139331852,26.920420782073162,26.411919209958413
2022-06-30,WMT,43.71081196626438,44.23077323718099,43.19295135745059
2022-07-01,AAPL,104.8176217372194,106.32675469167367,103.01985494402771
2022-07-01,AMGN,163.21100538365948,164.82775642546105,161.39870192464406
2022-07-01,CRM,357.2758685121401,365.26654644400094,348.27407940840345
2022-07-01,CSCO,29.985186149590753,30.349138320680492,29.61565935459461
2022-07-01,IBM,66.81297476474981,67.43683673310687,65.94612736639611
2022-07-01,INTC,55.09297284336476,55.80913950696408,54.271764582306574
2022-07-01,MSFT,265.9993231102001,269.66175060443516,261.08687362534636
2022-07-01,NKE,117.1892975509017,118.94792070070245,115.04502312135745
2022-07-01,VZ,26.727740189994066,26.952413322463805,26.44233651364381
2022-07-01,WMT,43.64803244769767,44.14465939006037,43.106833465064724
2022-07-05,AAPL,104.95576143380917,106.48080303393628,103.17310428623864
2022-07-05,AMGN,163.38990803801238,165.09737910439637,161.61410508265038
2022-07-05,CRM,357.0407705711419,365.1085141866809,347.84019187089467
2022-07-05,CSCO,29.983656753875874,30.351653356490466,29.6213336411383
2022-07-05,IBM,67.15349308060067,67.79250693710588,66.29057211392198
2022-07-05,INTC,55.21486093696623,55.945253804174655,54.41022364866352
2022-07-05,MSFT,266.46046879625374,270.16679239479095,261.4772869330092
2022-07-05,NKE,117.26620578292551,119.0397013675042,115.13078204880239
2022-07-05,VZ,26.781622497402843,27.012923741824743,26.4995436367502
2022-07-05,WMT,43.62464640523224,44.12437355794293,43.086682048562615
2022-07-06,AAPL,105.02095811650487,106.4007807066822,103.3695094866404
2022-07-06,AMGN,163.6453640343206,164.92981767744152,161.79436871062362
2022-07-06,CRM,356.98009731921854,364.1046635093442,349.86241367753763
2022-07-06,CSCO,29.84480212911156,30.184042559035277,29.49024346514924
2022-07-06,IBM,67.13116299076185,67.83662238295271,66.33964261001105
2022-07-06,INTC,55.01515660595399,55.74157422398836,54.31566851512986
2022-07-06,MSFT,266.513453516494,269.76170077646805,262.6168937855421
2022-07-06,NKE,117.20408579977922,119.19347370174901,115.32705267228498
2022-07-06,VZ,26.81633795853303,27.024430885542124,26.5065253045774
2022-07-06,WMT,43.597349615220544,44.08049158382211,43.10265606571473
2022-07-07,AAPL,105.09060533821233,106.39782809406549,103.3529865400048
2022-07-07,AMGN,163.84696742024283,165.0495832502771,161.9175211219255
2022-07-07,CRM,356.97249648245065,363.7560490893941,349.46858117797404
2022-07-07,CSCO,29.690492788969404,30.00971061482515,29.315803799925973
2022-07-07,IBM,67.02649995149855,67.72873892182619,66.20898255347028
2022-07-07,INTC,54.80517393242582,55.49024443313656,54.06015274534876
2022-07-07,MSFT,266.53840789293673,269.6101524797509,262.4355643863802
2022-07-07,NKE,117.20239476201047,119.09785618307174,115.20437512509962
2022-07-07,VZ,26.83747131567345,27.03453322191581,26.51636987452976
2022-07-07,WMT,43.572465638385104,44.03353509212395,43.05463970251798
2022-07-08,AAPL,105.14943437871845,106.37469268901572,103.3162375386445
2022-07-08,AMGN,163.97669685085188,165.08499659669405,161.9581328049072
2022-07-08,CRM,356.95081124046607,363.3539462145547,349.02059909185215
2022-07-08,CSCO,29.516897824007696,29.813563469570383,29.119855495827355
2022-07-08,IBM,66.82936424482789,67.52275954270404,65.98238645112045
2022-07-08,INTC,54.57634104900936,55.21505517214567,53.780643797873424
2022-07-08,MSFT,266.50075485141014,269.3726573115599,262.16971390908435
2022-07-08,NKE,117.24001047591307,119.03051266537642,115.1072779420017
2022-07-08,VZ,26.84257684490023,27.026983821420135,26.508869368057784
2022-07-08,WMT,43.545422147343984,43.981380706876195,43.00157079340553
2022-07-11,AAPL,105.28657548588842,106.64828314421081,103.59730943147123
2022-07-11,AMGN,164.27506271549802,165.54919608486287,162.40652338623093
2022-07-11,CRM,357.1984790613928,364.2048973403483,349.9037970209174
2022-07-11,CSCO,29.385032035044706,29.713992126755123,29.02773328707636
2022-07-11,IBM,66.77812568810567,67.49773907666895,65.9884219182852
2022-07-11,INTC,54.41088036226199,55.12016628720697,53.70000279281036
2022-07-11,MSFT,266.6912478275742,269.89411383694926,262.71056191173517
2022-07-11,NKE,117.29668734436153,119.25275418313788,115.35887649602833
2022-07-11,VZ,26.877163376255112,27.083106638316988,26.56421676978437
2022-07-11,WMT,43.54029796523104,44.01682733617938,43.03929343585324
2022-07-12,AAPL,105.29498425973601,106.59469959737227,103.54964837615705
2022-07-12,AMGN,164.41983849545625,165.6073436127034,162.4629850402445
2022-07-12,CRM,356.9398397763022,363.6952761326884,349.43393776827253
2022-07-12,CSCO,29.222800883650855,29.534318664601532,28.85259392759653
2022-07-12,IBM,66.66701617939097,67.34904247169726,65.84539506426258
2022-07-12,INTC,54.17120918825376,54.84139124419352,53.432500451752055
2022-07-12,MSFT,266.5850501124545,269.6295133892375,262.47119641675727
2022-07-12,NKE,117.2123663076595,119.10133318735768,115.21783617061499
2022-07-12,VZ,26.89323037270707,27.088605709036145,26.569258552109055
2022-07-12,WMT,43.49692908978634,43.95387637785814,42.97688143067112
2022-07-13,AAPL,105.17717271369372,106.56936752081772,103.55786590526142
2022-07-13,AMGN,164.533490097839,165.81233403956358,162.65176814293815
2022-07-13,CRM,356.12473380676806,363.3384188697885,349.2332857173415
2022-07-13,CSCO,29.06573704816872,29.39832125215764,28.72854203133782
2022-07-13,IBM,66.67069886627628,67.32443489970939,65.87441511056109
2022-07-13,INTC,53.88640159260137,54.59782984445849,53.221648939363
2022-07-13,MSFT,266.2643968598913,269.5230685502834,262.4556300266797
2022-07-13,NKE,116.88467991099598,118.90227995912937,115.09360329029482
2022-07-13,VZ,26.920135086316343,27.12886971065144,26.608542978462086
2022-07-13,WMT,43.41402021495163,43.897521664045165,42.92495435280724
2022-07-14,AAPL,105.28268881893884,106.51720356701024,103.45006794110884
2022-07-14,AMGN,164.70889134248065,165.83733835200408,162.697618997333
2022-07-14,CRM,356.2989327885575,362.7104100229777,348.3824781392695
2022-07-14,CSCO,28.904249480237407,29.19703497444988,28.516692316778638
2022-07-14,IBM,66.48071453738542,67.1835693320009,65.64531865860384
2022-07-14,INTC,53.68589062201555,54.31954856313195,52.905216681671156
2022-07-14,MSFT,266.3275011784015,269.21900111193054,262.00611938115577
2022-07-14,NKE,116.98375658433731,118.77623674805362,114.85314801411154
2022-07-14,VZ,26.929391582921696,27.116027982654284,26.59632626813792
2022-07-14,WMT,43.40105858227493,43.838432330050125,42.86142284961394
2022-07-15,AAPL,105.1337051468148,106.56685561451688,103.56777211349967
2022-07-15,AMGN,164.8274525492894,166.15127766595728,162.97964889471433
2022-07-15,CRM,355.3441501959801,362.74552597144174,348.71782682429216
2022-07-15,CSCO,28.75371513976579,29.092785577673116,28.433314434217102
2022-07-15,IBM,66.53388071834526,67.18017488460782,65.75211714116183
2022-07-15,INTC,53.394973403901105,54.12008519684654,52.76588035967877
2022-07-15,MSFT,265.9617182057444,269.31406027427386,262.28466980833554
2022-07-15,NKE,116.58759743153047,118.65762574591929,114.88360090652837
2022-07-15,VZ,26.962241369226593,27.177312946965703,26.6560111007535
2022-07-15,WMT,43.308359516656935,43.80294104637116,42.833693226439586
2022-07-18,AAPL,105.2029213752178,106.47686384363735,103.42315804786622
2022-07-18,AMGN,165.00362898468026,166.17516377844188,163.02439423706917
2022-07-18,CRM,355.34949008894523,361.94209494569077,347.6974789420134
2022-07-18,CSCO,28.597591941965796,28.89674417442616,28.22667617479417
2022-07-18,IBM,66.39152023381487,67.08553097736826,65.56897604913983
2022-07-18,INTC,53.185196275287716,53.832374092596005,52.440033206432325
2022-07-18,MSFT,265.9689505420373,268.95098192848326,261.7776514039859
2022-07-18,NKE,116.6082165843644,118.44990855217218,114.56318267621289
2022-07-18,VZ,26.97697960562966,27.16975766345313,26.648971903268073
2022-07-18,WMT,43.283962325456216,43.73174957962233,42.75858065447571
2022-07-19,AAPL,105.16113052158606,106.53037814715861,103.50694711060444
2022-07-19,AMGN,165.1619411579249,166.42935401096955,163.26181760362473
2022-07-19,CRM,354.8599175738445,361.9205657862485,347.8147697439882
2022-07-19,CSCO,28.448593019423246,28.768861544260467,28.110150527461894
2022-07-19,IBM,66.36454376654142,67.03387314384963,65.56919645568912
2022-07-19,INTC,52.93835383636249,53.62783952827178,52.26574632014455
2022-07-19,MSFT,265.7936765347552,268.9965218743089,261.90674641333
2022-07-19,NKE,116.40680433407307,118.37958908059419,114.5619114329095
2022-07-19,VZ,27.003684877298475,27.21027423557175,26.68853746044128
2022-07-19,WMT,43.22472178042511,43.69973416951373,42.730506517996346
2022-07-20,AAPL,105.27180045149194,106.65361958933705,103.61059742017173
2022-07-20,AMGN,165.45432657037102,166.75658067673226,163.58816653268306
2022-07-20,CRM,354.9813591916474,362.04864301836875,347.8680474158618
2022-07-20,CSCO,28.321431505187803,28.642880296500408,27.98341004113259
2022-07-20,IBM,66.33731175374865,67.04537422702222,65.55718973704457
2022-07-20,INTC,52.76794327681935,53.46511212765551,52.09314412567365
2022-07-20,MSFT,265.93747664145303,269.17787055973525,262.03513974531063
2022-07-20,NKE,116.41228420301228,118.38150566781194,114.53312759467146
2022-07-20,VZ,27.04056594648196,27.250555928013675,26.72840335194309
2022-07-20,WMT,43.211449359509395,43.68977996208221,42.72064648467
2022-07-21,AAPL,105.2251526824074,106.50024553762658,103.46036056794387
2022-07-21,AMGN,165.53576847723517,166.69668827709734,163.53117700339237
2022-07-21,CRM,354.5144556367421,361.1324998825338,346.9827752540391
2022-07-21,CSCO,28.15326195655706,28.447814781822924,27.79151017167446
2022-07-21,IBM,66.20553020177566,66.86795428936271,65.37691766384513
2022-07-21,INTC,52.504978885879964,53.14101167251861,51.77842056316688
2022-07-21,MSFT,265.7063468961287,268.68042224016784,261.55657338763126
2022-07-21,NKE,116.26889416577662,118.1193883577252,114.27181617159019
2022-07-21,VZ,27.049282591758505,27.241618964834284,26.71918475078805
2022-07-21,WMT,43.15213034979623,43.59844589482303,42.62881436229912
2022-07-22,AAPL,105.23043222698006,106.66510305879697,103.64413018816975
2022-07-22,AMGN,165.7835493765039,167.13599144955282,163.95197328204065
2022-07-22,CRM,354.18592544441356,361.51478087264417,347.45144943138945
2022-07-22,CSCO,28.025808409301924,28.356396662235273,27.70921204057445
2022-07-22,IBM,66.24575624762858,66.92845949410192,65.4787979732031
2022-07-22,INTC,52.294515950109876,53.00921243748612,51.66678300831599
2022-07-22,MSFT,265.65953819262717,269.0181117774488,261.94051142831916
2022-07-22,NKE,116.08924446194165,118.1324155656825,114.3378634951125
2022-07-22,VZ,27.090676480480404,27.308279876296663,26.784827479609568
2022-07-22,WMT,43.1063775562418,43.59901107386011,42.63372817904041
2022-07-25,AAPL,105.45210738338294,106.75426573897676,103.67890636740471
2022-07-25,AMGN,166.1067879607035,167.33527172914938,164.16687393562486
2022-07-25,CRM,354.80415009930243,361.45488789651125,347.1704721009667
2022-07-25,CSCO,27.898191304985367,28.19629831627251,27.53960209523561
2022-07-25,IBM,66.12088940740738,66.8524101014003,65.32267263376154
2022-07-25,INTC,52.165925785818295,52.817548741606934,51.44027747289719
2022-07-25,MSFT,265.9927547590906,269.0446370064949,261.8265384892034
2022-07-25,NKE,116.30731589487485,118.1601868933461,114.25842317978137
2022-07-25,VZ,27.11850421614438,27.31760377436456,26.79436326009142
2022-07-25,WMT,43.127553629933146,43.5818338714342,42.61179667547783
2022-07-26,AAPL,105.41832118799546,106.85266482407084,103.8310766187562
2022-07-26,AMGN,166.3200278661714,167.66803930288842,164.47242477311232
2022-07-26,CRM,354.32442678215295,361.65629637485813,347.6081269434508
2022-07-26,CSCO,27.766666484598392,28.093676093186772,27.453540097687508
2022-07-26,IBM,66.16212112754555,66.83421003846856,65.39242753122849
2022-07-26,INTC,51.93757804169893,52.64480757833534,51.3158790398822
2022-07-26,MSFT,265.8634853207663,269.215197089935,262.1463186388294
2022-07-26,NKE,116.07772419766603,118.12274219275554,114.33780904743486
2022-07-26,VZ,27.157316023589924,27.374624328404067,26.849800288410353
2022-07-26,WMT,43.07015986061142,43.56166392101171,42.597100867482105
2022-07-27,AAPL,105.60955442770938,106.93784402512424,103.86550060223377
2022-07-27,AMGN,166.63726266762134,167.89328843436266,164.71116687576966
2022-07-27,CRM,354.804261330421,361.5756442974501,347.3222769279797
2022-07-27,CSCO,27.64118947562807,27.941977431795312,27.293307634560342
2022-07-27,IBM,66.0659038552468,66.78980526318578,65.27462444070575
2022-07-27,INTC,51.799187899279715,52.457285794209575,51.09555098377193
2022-07-27,MSFT,266.1450466071336,269.25457113010356,262.05305012639656
2022-07-27,NKE,116.23564183227396,118.12086438682432,114.23741056587184
2022-07-27,VZ,27.18803257653941,27.39105534071154,26.866357885400227
2022-07-27,WMT,43.08176360496028,43.54238333811853,42.57416127253615
2022-07-28,AAPL,105.56832088163097,106.96275840783582,103.93055207909302
2022-07-28,AMGN,166.81357239605754,168.11678150090188,164.91566184578676
2022-07-28,CRM,354.30940282374365,361.44958947658023,347.3765783417708
2022-07-28,CSCO,27.501420554003893,27.81559002694843,27.179685940301333
2022-07-28,IBM,66.06082221974454,66.72809211845046,65.27648413276142
2022-07-28,INTC,51.562434248962965,52.243834449850446,50.919401807231
2022-07-28,MSFT,265.98118140012434,269.2339269619402,262.1462692766823
2022-07-28,NKE,116.02171697890113,118.01273872306388,114.21423645372283
2022-07-28,VZ,27.218788765690025,27.430102715384105,26.90417074250574
2022-07-28,WMT,43.022748644895835,43.50135091177595,42.53707582788595
2022-07-29,AAPL,105.70972648988034,107.12033475390007,104.06416680735296
2022-07-29,AMGN,167.1529905122755,168.49952248900686,165.29755524236694
2022-07-29,CRM,354.55079200440514,361.7045388641145,347.5381324235306
2022-07-29,CSCO,27.387600392516667,27.704053647393085,27.066485484307886
2022-07-29,IBM,66.05767585734897,66.77218990330397,65.29228136037007
2022-07-29,INTC,51.414678129806724,52.10615653427243,50.76957104421159
2022-07-29,MSFT,266.1992053787342,269.4998530023198,262.34719490852
2022-07-29,NKE,116.0544508289915,118.04443184711566,114.2087676358186
2022-07-29,VZ,27.262125299998413,27.47768754332255,26.951286554289627
2022-07-29,WMT,43.01826012208531,43.501657749636756,42.536836281017926
2022-08-01,AAPL,105.75349175429761,107.15059194268694,104.10288503755474
2022-08-01,AMGN,167.40080773036658,168.7201105158116,165.51099806849803
2022-08-01,CRM,354.4013471714168,361.5181724828521,347.3991972256884
2022-08-01,CSCO,27.259501006974613,27.571113026451464,26.938533807915295
2022-08-01,IBM,66.04649915920909,66.73534140037836,65.2687898419713
2022-08-01,INTC,51.219422085494664,51.89872226630562,50.57498716248113
2022-08-01,MSFT,266.20997156730505,269.4711693113672,262.3475911283772
2022-08-01,NKE,115.9594234501293,117.94063009575068,114.12546142588108
2022-08-01,VZ,27.297615705424043,27.51037240656522,26.983099581065513
2022-08-01,WMT,42.98472942872341,43.46329609780233,42.499437649040736
2022-08-02,AAPL,105.81563607619597,107.23033469456054,104.18128602538049
2022-08-02,AMGN,167.67700017505697,169.02018941725896,165.80481624394815
2022-08-02,CRM,354.32326889433716,361.5095747430019,347.394743388091
2022-08-02,CSCO,27.137766088378005,27.451929703787048,26.822463650678028
2022-08-02,IBM,66.05286837142465,66.74742964173751,65.2827793971548
2022-08-02,INTC,51.0360431388588,51.721532042471004,50.403128689460964
2022-08-02,MSFT,266.2662327951829,269.5692073380837,262.4443287035508
2022-08-02,NKE,115.88065319630681,117.8802422259222,114.06958703076627
2022-08-02,VZ,27.337276114344956,27.553092073647484,27.02505350290232
2022-08-02,WMT,42.956496130042126,43.43984466013545,42.47673072575369
2022-08-03,AAPL,105.77418494312163,107.09132348975895,104.04087658480488
2022-08-03,AMGN,167.79090915473535,169.00895351446806,165.79693806605084
2022-08-03,CRM,353.8593831208561,360.625964000629,346.52336832089264
2022-08-03,CSCO,26.98394162256069,27.274031608183236,26.646522314937382
2022-08-03,IBM,65.95945115622406,66.62187771339435,65.14666513687138
2022-08-03,INTC,50.789706257357075,51.42213749591003,50.107714001414664
2022-08-03,MSFT,266.0624488685378,269.125114842508,262.00476442132305
2022-08-03,NKE,115.72149388670444,117.60651522688993,113.7895380306288
2022-08-03,VZ,27.352917286095042,27.552894238748145,27.024532595692342
2022-08-03,WMT,42.898713809566985,43.35245422693673,42.38947228979356
2022-08-04,AAPL,106.4221047036489,107.67813940345088,104.82575571210543
2022-08-04,AMGN,168.0402152079719,169.4709575065079,166.47871543027404
2022-08-04,CRM,355.3624240081411,361.33163437183083,347.88240931247026
2022-08-04,CSCO,27.030171096637044,27.27589396446153,26.709268744317633
2022-08-04,IBM,66.01768557571225,66.53332805656122,65.28513830896819
2022-08-04,INTC,50.59695655360041,51.23500302649141,49.818517303557094
2022-08-04,MSFT,267.0976145656728,270.2981243752279,262.91281497166926
2022-08-04,NKE,115.87082596024027,117.4508948213907,113.99182511652909
2022-08-04,VZ,27.295609345443644,27.54401521484038,27.014636437903306
2022-08-04,WMT,42.87161074814422,43.314389540600374,42.320857039695184
2022-08-05,AAPL,107.12735006830576,108.328999722985,105.43219314768459
2022-08-05,AMGN,168.2803800562566,169.6702299268306,166.6801812881028
2022-08-05,CRM,356.96613395097575,362.7055345209128,349.3126391547868
2022-08-05,CSCO,27.077005843379442,27.310155431538337,26.74123568859814
2022-08-05,IBM,66.05147685690946,66.54304785523325,65.30979339112838
2022-08-05,INTC,50.40246734426763,51.0043342354669,49.58190804940826
2022-08-05,MSFT,268.2101030328169,271.27328945475506,263.89147996787915
2022-08-05,NKE,116.03874808204972,117.56325492506421,114.12808388222004
2022-08-05,VZ,27.230958859615452,27.470797721483144,26.951340743678898
2022-08-05,WMT,42.806405232501554,43.25074334317191,42.25772339542871
2022-08-08,AAPL,107.87330847941621,109.01074756743606,106.0680740394813
2022-08-08,AMGN,168.4932435892411,169.83110387796822,166.8428612081603
2022-08-08,CRM,358.6046505437288,364.0743775519923,350.74605573842143
2022-08-08,CSCO,27.120681856232704,27.339099207000196,26.76808536872574
2022-08-08,IBM,66.0532986009181,66.51649155927215,65.29856657668813
2022-08-08,INTC,50.19839821507922,50.75931026644973,49.33104708361576
2022-08-08,MSFT,269.3635213816904,272.2674545333797,264.8909004788926
2022-08-08,NKE,116.20744040814998,117.66655243050099,114.25683814080006
2022-08-08,VZ,27.156609734532772,27.38647537877992,26.877045554823496
2022-08-08,WMT,42.69807641349461,43.1408085976185,42.149240965743495
2022-08-09,AAPL,108.64633586248421,109.9177168127827,106.98144346962538
2022-08-09,AMGN,168.8242474869231,170.28179171862777,167.27998979171966
2022-08-09,CRM,360.4752507121583,366.4823385599392,352.9249424475322
2022-08-09,CSCO,27.183779066146347,27.42943405905412,26.85842262439271
2022-08-09,IBM,66.1298088186102,66.6465889912298,65.40852245161724
2022-08-09,INTC,50.043743573564825,50.66839428983093,49.25598969631332
2022-08-09,MSFT,270.631265894625,273.8506267557995,266.3869928696805
2022-08-09,NKE,116.44588369204064,118.02942495666039,114.5756619044284
2022-08-09,VZ,27.104870942746683,27.35179228921326,26.832939625822707
2022-08-09,WMT,42.66120607976558,43.114916449732775,42.125950050910696
2022-08-10,AAPL,109.28816828389647,110.49935804621789,107.55490070168624
2022-08-10,AMGN,168.992682217137,170.35522426970232,167.35107804505006
2022-08-10,CRM,361.83595223719436,367.5970356914037,353.9934600391532
2022-08-10,CSCO,27.21673918010764,27.447448725945595,26.876092265189634
2022-08-10,IBM,66.13904071275405,66.62197723056475,65.38241761815208
2022-08-10,INTC,49.819818420800246,50.407664131743154,49.00698275307174
2022-08-10,MSFT,271.59503705112974,274.65979191981324,267.1814024176872
2022-08-10,NKE,116.54497514101034,118.05813424250273,114.5997526864162
2022-08-10,VZ,27.033533809652116,27.268463827679504,26.750117565897494
2022-08-10,WMT,42.59049747627056,43.02213034360441,42.03403336871815
2022-08-11,AAPL,109.7023828001895,110.98886545942082,108.0952955319194
2022-08-11,AMGN,169.03223523085,170.39453490808916,167.378695468887
2022-08-11,CRM,362.55042435771753,368.61661614806184,354.73942621561247
2022-08-11,CSCO,27.221774372959434,27.465619086561865,26.896947557428057
2022-08-11,IBM,66.13653926315035,66.6381728169231,65.36620584864286
2022-08-11,INTC,49.53883265622779,50.16107578291337,48.79682494414508
2022-08-11,MSFT,272.1340220607793,275.36579656709574,267.81145481498055
2022-08-11,NKE,116.48342832600645,118.05032313015963,114.53122998430173
2022-08-11,VZ,26.959767437979046,27.199838677747003,26.664739398005228
2022-08-11,WMT,42.56748363249681,42.97556824226892,41.98927312199735
2022-08-12,AAPL,110.52381218228611,111.7018327360567,108.67671520167309
2022-08-12,AMGN,169.30206853801255,170.67249279258252,167.67223409951876
2022-08-12,CRM,364.42213028737154,370.02921400715786,356.50319869031506
2022-08-12,CSCO,27.27688318142549,27.49965583676835,26.92472015714405
2022-08-12,IBM,66.15768540335586,66.6289619456416,65.41310343772201
2022-08-12,INTC,49.362211438019344,49.91975353365189,48.51089373538724
2022-08-12,MSFT,273.42665490672425,276.40360091192275,268.918706258339
2022-08-12,NKE,116.70717064950459,118.1878011587318,114.76881923699652
2022-08-12,VZ,26.89199974216998,27.122111155769403,26.619557554046885
2022-08-12,WMT,42.46475953724994,42.91324071140568,41.92720660839396
2022-08-15,AAPL,110.87493535708859,112.20839528814815,109.30695710322455
2022-08-15,AMGN,169.31168942968245,170.68530824632535,167.66081402523653
2022-08-15,CRM,364.96487759940817,371.207859235541,357.1445233597695
2022-08-15,CSCO,27.275079451876298,27.52575503758922,26.95691362504522
2022-08-15,IBM,66.15746586540192,66.66935578618188,65.3855055915119
2022-08-15,INTC,49.07009520671953,49.703601900441534,48.362741392146916
2022-08-15,MSFT,273.8489410734546,277.17667601342805,269.5507556877963
2022-08-15,NKE,116.60314922694917,118.19887218673783,114.65310786600122
2022-08-15,VZ,26.819657348947526,27.0616465449235,26.522987686100763
2022-08-15,WMT,42.462829201949575,42.863874083897294,41.88050713733886
2022-08-16,AAPL,111.62993632378817,112.85097292251427,109.81975650228304
2022-08-16,AMGN,169.54610779394255,170.92521902555634,167.9155825362714
2022-08-16,CRM,366.64148511373855,372.41085688238286,358.71118740303683
2022-08-16,CSCO,27.321905426216706,27.550903666079446,26.97621675810669
2022-08-16,IBM,66.17908198425525,66.65993930740116,65.43136246422036
2022-08-16,INTC,48.878993446965545,49.447088333921656,48.06238537379437
2022-08-16,MSFT,275.01466964568937,278.0820019977099,270.5295029131834
2022-08-16,NKE,116.77700261160844,118.2833897256632,114.83976495793051
2022-08-16,VZ,26.752484416677582,26.984351135897466,26.47781904741688
2022-08-16,WMT,42.38025472513678,42.82066507101801,41.83709274689213
2022-08-17,AAPL,112.17462037154559,113.4767974879569,110.49235207862918
2022-08-17,AMGN,169.6697120799965,171.05709832692514,168.03423159014486
2022-08-17,CRM,367.73275727454165,373.8281456861414,359.846399842417
2022-08-17,CSCO,27.34417933168311,27.58724346847182,27.014844378152002
2022-08-17,IBM,66.19488084642823,66.6966857545122,65.4364672550969
2022-08-17,INTC,48.63942907503433,49.24307634078106,47.89213902913866
2022-08-17,MSFT,275.79476648285623,279.0419430151211,271.40715582923076
2022-08-17,NKE,116.80722991307502,118.37233599028833,114.86770701801927
2022-08-17,VZ,26.684501134812947,26.92219911039062,26.39973174744928
2022-08-17,WMT,42.34626836827853,42.765678091184874,41.784162121881685
2022-08-18,AAPL,112.92986559857076,114.26417162969769,111.22909047606473
2022-08-18,AMGN,169.9737617875839,171.4391230089714,168.41270977984365
2022-08-18,CRM,369.4991419884433,375.70967354201014,361.7642676238879
2022-08-18,CSCO,27.400981768180575,27.650770802584297,27.07617892045744
2022-08-18,IBM,66.2677321898741,66.78886030593894,65.54068322388072
2022-08-18,INTC,48.4768592309582,49.088537274912845,47.72715665608053
2022-08-18,MSFT,277.0014577780035,280.32858189323764,272.6757370674685
2022-08-18,NKE,117.00949177849466,118.6093230090174,115.1270096675901
2022-08-18,VZ,26.63232761147384,26.875929008786617,26.362469177359653
2022-08-18,WMT,42.318615353535826,42.763235488048416,41.78241375869468
2022-08-19,AAPL,113.5347773439144,114.76637936337492,111.71179583330411
2022-08-19,AMGN,170.07367802596306,171.40502040499172,168.38284840798718
2022-08-19,CRM,370.67088500893504,376.46883848158274,362.52667235469954
2022-08-19,CSCO,27.421555569026644,27.64813780035207,27.07247588348146
2022-08-19,IBM,66.24905959076119,66.71918736593452,65.47686085968724
2022-08-19,INTC,48.231264536837436,48.787959342120864,47.43467197756055
2022-08-19,MSFT,277.85046814542346,280.91894664162925,273.27212118056485
2022-08-19,NKE,117.0503874808773,118.5424342390834,115.06632121150156
2022-08-19,VZ,26.55447497685335,26.780759967092816,26.27094988314963
2022-08-19,WMT,42.23601197734088,42.65524407964195,41.67508463737234
2022-08-22,AAPL,114.11425303402393,115.50193223213189,112.47886238776691
2022-08-22,AMGN,170.2659686636419,171.71899349294205,168.68058483716135
2022-08-22,CRM,371.92210039256264,378.33673212503805,364.12876926594646
2022-08-22,CSCO,27.45504922622137,27.71203365146638,27.138128769677103
2022-08-22,IBM,66.30399926483355,66.83300301244704,65.56221099803145
2022-08-22,INTC,48.02194623382452,48.6477983449546,47.318343900541436
2022-08-22,MSFT,278.7210724736523,282.15418998536313,274.41374412321545
2022-08-22,NKE,117.12345649013244,118.75153761397294,115.22274086923859
2022-08-22,VZ,26.49808589799696,26.74262504611052,26.21955126908652
2022-08-22,WMT,42.235357536799356,42.66040418473952,41.682260872604964
2022-08-23,AAPL,115.09291159792492,116.39117404937481,113.23783927240527
2022-08-23,AMGN,170.6868041901279,172.1607839734649,169.133741996357
2022-08-23,CRM,374.3102862373659,380.3493972804247,366.43803575877257
2022-08-23,CSCO,27.537829102054747,27.77801946165082,27.1976255383608
2022-08-23,IBM,66.38858958453271,66.89495492506485,65.67381073749617
2022-08-23,INTC,47.91118345042239,48.48533611692813,47.11517293421648
2022-08-23,MSFT,280.32518719073136,283.5503865214256,275.86087157072734
2022-08-23,NKE,117.47193841469651,119.03347583141468,115.59059410556901
2022-08-23,VZ,26.44939084803794,26.686588496807264,26.192106263527336
2022-08-23,WMT,42.16796328457654,42.631880624772265,41.653514210630554
2022-08-24,AAPL,115.62671383788451,117.02662770248482,113.97172338038774
2022-08-24,AMGN,170.83226452951152,172.26954511373924,169.22143844649426
2022-08-24,CRM,375.4033130116077,381.8556552644556,367.48433849235295
2022-08-24,CSCO,27.562683527185946,27.81904910840683,27.243032702293586
2022-08-24,IBM,66.42824791405266,66.95301973215759,65.67675747584556
2022-08-24,INTC,47.68374860425863,48.30267101863968,46.986768050033575
2022-08-24,MSFT,281.0936140701391,284.5370811430283,276.7266334400707
2022-08-24,NKE,117.50189759859863,119.12685172373875,115.57865180640057
2022-08-24,VZ,26.389211621186472,26.630995051025586,26.108132737226647
2022-08-24,WMT,42.16581398163324,42.58377548263069,41.60720721058421
2022-08-25,AAPL,116.55770801204567,117.89088533369426,114.71456357705571
2022-08-25,AMGN,171.22217111725413,172.70071521428972,169.66073668782954
2022-08-25,CRM,377.64270562398514,383.81053423555886,369.712953943705
2022-08-25,CSCO,27.638560468015097,27.882865379722173,27.301173403150475
2022-08-25,IBM,66.51012314423159,67.02216492840874,65.79038636680713
2022-08-25,INTC,47.55997851714707,48.138794626439946,46.78557299786444
2022-08-25,MSFT,282.6016256214811,285.8951289578336,278.12721463182345
2022-08-25,NKE,117.81040759633686,119.38983938137639,115.9216900119338
2022-08-25,VZ,26.3399694957702,26.57761160018154,26.080755370170674
2022-08-25,WMT,42.11012461385309,42.567567771893785,41.59083907260387
2022-08-26,AAPL,117.1137645322236,118.49208324738007,115.38326033591956
2022-08-26,AMGN,171.35200257772107,172.76590991313006,169.71134585469844
2022-08-26,CRM,378.7491998058241,385.1018274103495,370.6689136381425
2022-08-26,CSCO,27.661431499324912,27.910976218426555,27.33228885673656
2022-08-26,IBM,66.5333947622507,67.04461655448601,65.77389765725502
2022-08-26,INTC,47.328470044818296,47.92452531436759,46.612648676283776
2022-08-26,MSFT,283.38820965845406,286.7686339646613,278.91399627177356
2022-08-26,NKE,117.83824451815936,119.43339415313956,115.89030520051985
2022-08-26,VZ,26.275173858470932,26.51138582839799,25.994778543910417
2022-08-26,WMT,42.086548081092616,42.50312618909178,41.527892446382786
2022-08-29,AAPL,117.92967086992465,119.34942203942909,116.17903107911206
2022-08-29,AMGN,171.6998731839441,173.20875533994277,170.15208900653835
2022-08-29,CRM,380.69390401734245,387.1953866537184,372.8087295445107
2022-08-29,CSCO,27.726615875922477,27.984841534386636,27.403219837502608
2022-08-29,IBM,66.6258102384234,67.16075873631381,65.90492212832716
2022-08-29,INTC,47.186335087752894,47.793474231434544,46.46807970064512
2022-08-29,MSFT,284.6956364154652,288.17475842959476,280.3025734571076
2022-08-29,NKE,118.07574538585072,119.71541177039096,116.19746328423295
2022-08-29,VZ,26.22950339841666,26.472935550243836,25.966478121062764
2022-08-29,WMT,42.07169063009215,42.51879944101491,41.544010650783534
2022-08-30,AAPL,118.61662178536342,120.02130416157755,116.85159591543066
2022-08-30,AMGN,171.93022292123175,173.38775673902467,170.32536264829153
2022-08-30,CRM,382.20539398510857,388.6457439254019,374.1481947946155
2022-08-30,CSCO,27.769207644031994,28.02230174696399,27.44051714597098
2022-08-30,IBM,66.67902885998512,67.19988728956953,65.93546895311236
2022-08-30,INTC,46.997136147537994,47.59218551097235,46.28054150216832
2022-08-30,MSFT,285.7352141159437,289.1680610481952,281.2603245089365
2022-08-30,NKE,118.20227125930253,119.81629852062036,116.27985726504339
2022-08-30,VZ,26.17312176149958,26.411268434361336,25.901657485038093
2022-08-30,WMT,42.04889223411064,42.47944194908257,41.50505217798356
2022-08-31,AAPL,119.32391827753757,120.75511688625328,117.56780917691925
2022-08-31,AMGN,172.18548947559202,173.66342552586906,170.59631181367763
2022-08-31,CRM,383.7960327274386,390.33397143823623,375.7598526941092
2022-08-31,CSCO,27.81642223623358,28.073618535759948,27.490836671719133
2022-08-31,IBM,66.74433680371345,67.27302118046792,66.00616513426786
2022-08-31,INTC,46.81824442616944,47.41899719545164,46.112839721245976
2022-08-31,MSFT,286.81849675418977,290.30567852076206,282.36231640134696
2022-08-31,NKE,118.34848372361128,119.98127813625095,116.43714099082499
2022-08-31,VZ,26.12037134312963,26.360357272282396,25.851079652054334
2022-08-31,WMT,42.03494493705678,42.46829827522498,41.49442992922132
2022-09-01,AAPL,119.94764723006234,121.28139480204754,118.06804094986376
2022-09-01,AMGN,172.29876335192327,173.6703974361296,170.6048294395457
2022-09-01,CRM,384.99483657234646,391.1451699400039,376.61195854832016
2022-09-01,CSCO,27.83829540540624,28.07454374882762,27.49090358807084
2022-09-01,IBM,66.73894027438162,67.22449249512889,65.96598713689541
2022-09-01,INTC,46.585156242628535,47.13728916565198,45.834940295767595
2022-09-01,MSFT,287.68325854873046,290.9374722848816,283.0032744893277
2022-09-01,NKE,118.38800413493257,119.92469665021457,116.39699559085709
2022-09-01,VZ,26.047646723766128,26.27333924799814,25.76985657887903
2022-09-01,WMT,41.970123497328665,42.38668071704625,41.413099294129545
2022-09-02,AAPL,119.6251116976618,121.02543904060911,118.410095694451
2022-09-02,AMGN,172.5009451888865,173.88225083755665,171.16902804895193
2022-09-02,CRM,381.54354268786994,388.6717720137547,375.96132900040266
2022-09-02,CSCO,27.816115783841575,28.10222315896523,27.585097939701583
2022-09-02,IBM,66.62020104704641,67.19659520002087,66.10847147736408
2022-09-02,INTC,46.21089056494198,46.87007681473623,45.694823439352675
2022-09-02,MSFT,286.5493364117796,289.864207758765,283.6971287989359
2022-09-02,NKE,117.96803265848035,119.49376659057768,116.57797822558348
2022-09-02,VZ,25.929947379490365,26.16259294106133,25.762743250740428
2022-09-02,WMT,42.02002440684923,42.42945575563372,41.6086859045787
2022-09-06,AAPL,119.26592027410238,120.59309836939859,117.980372183777
2022-09-06,AMGN,172.74454394402778,174.04385820669808,171.30315251124776
2022-09-06,CRM,377.79210392274524,384.6297132448765,372.10277544652814
2022-09-06,CSCO,27.79240459023367,28.062793021318875,27.54425814774742
2022-09-06,IBM,66.49466873031707,67.03825251156444,65.95299207532511
2022-09-06,INTC,45.81523037696725,46.436173779935146,45.27701455834239
2022-09-06,MSFT,285.2739173518271,288.40196654838564,282.274034379349
2022-09-06,NKE,117.50199670679098,118.94181930952874,116.03383814206985
2022-09-06,VZ,25.807971374719795,26.031732489839204,25.638293967742893
2022-09-06,WMT,42.07166064308463,42.46586365870735,41.642609594310535
2022-09-07,AAPL,118.85405340062017,120.09842397629325,117.4896323537999
2022-09-07,AMGN,173.00608834293658,174.21126504099527,171.4420373102494
2022-09-07,CRM,373.68373551213534,380.19401252186134,367.86041814478625
2022-09-07,CSCO,27.763618320095073,28.016031953502022,27.496113051138277
2022-09-07,IBM,66.35361815093948,66.85959776390789,65.77752512788149
2022-09-07,INTC,45.39168122472205,45.9700533713997,44.828440308726066
2022-09-07,MSFT,283.82316532121484,286.739547550972,280.6558868419206
2022-09-07,NKE,116.9750669023304,118.31924196009531,115.42052924880792
2022-09-07,VZ,25.67941031429626,25.89285939656399,25.506037004500755
2022-09-07,WMT,42.12013921061153,42.49662988044739,41.67056229548982
2022-09-08,AAPL,118.58368043942352,119.95999166561543,117.3610892313965
2022-09-08,AMGN,173.3305327581415,174.70636382060812,171.95923297141127
2022-09-08,CRM,370.36086742769163,377.26984124967225,364.97064463748535
2022-09-08,CSCO,27.756652547908352,28.038840394762754,27.521292475569375
2022-09-08,IBM,66.26749682254892,66.83523135347647,65.75326416884623
2022-09-08,INTC,45.04213609476801,45.6771708043014,44.53487786019672
2022-09-08,MSFT,282.7623831699141,285.9992660363139,279.9143396411038
2022-09-08,NKE,116.59718563326514,118.08257238156673,115.19724876048122
2022-09-08,VZ,25.569925141788854,25.799406291854776,25.408714207434215
2022-09-08,WMT,42.191561730539796,42.60132210215321,41.776584078465675
2022-09-09,AAPL,118.17142822939212,119.47060774248605,116.88521429229783
2022-09-09,AMGN,173.48468030113773,174.76800094568353,172.02420686744438
2022-09-09,CRM,366.57544367856724,373.1377887242835,360.9715474134284
2022-09-09,CSCO,27.71932595747364,27.98596867764093,27.469387612908406
2022-09-09,IBM,66.11245984242358,66.64574279086634,65.56668753340885
2022-09-09,INTC,44.63464888868475,45.23384194656629,44.104092002587
2022-09-09,MSFT,281.40023534326934,284.4505455225187,278.40941691389713
2022-09-09,NKE,116.08717908664808,117.49888365012909,114.62743180806417
2022-09-09,VZ,25.442240478542953,25.659874074672135,25.270613722735575
2022-09-09,WMT,42.22549886436922,42.61632773708771,41.790021379591
2022-09-12,AAPL,117.706102790008,119.07330231428328,116.5130756800336
2022-09-12,AMGN,173.40591147423743,174.7750396589369,172.08732962024388
2022-09-12,CRM,363.04002765127615,369.7208499136358,357.5680823696481
2022-09-12,CSCO,27.657640312127082,27.941675675995377,27.430338108874626
2022-09-12,IBM,65.91040163794777,66.47683165412235,65.39974364008859
2022-09-12,INTC,44.22372783206842,44.85513814514467,43.725173082160595
2022-09-12,MSFT,280.0578762521129,283.28604381673335,277.2640825725796
2022-09-12,NKE,115.55297402589329,117.05816246812061,114.20867829261877
2022-09-12,VZ,25.308154979948313,25.530661842319233,25.133703380995076
2022-09-12,WMT,42.222744338751504,42.62812728172184,41.80449577719759
2022-09-13,AAPL,117.34321013854753,118.5840561486934,116.00567922039637
2022-09-13,AMGN,173.73840335072126,174.96564457074604,172.17744946187665
2022-09-13,CRM,359.2105882116229,365.5245730282849,353.6811327254862
2022-09-13,CSCO,27.639486158329667,27.893356277536963,27.375273534582366
2022-09-13,IBM,65.7946970132123,66.30249708982349,65.22955798808933
2022-09-13,INTC,43.83175246326364,44.39506412143934,43.29264723710302
2022-09-13,MSFT,278.7145824732963,281.60827691618056,275.6310263608833
2022-09-13,NKE,115.07323115961431,116.40367435107507,113.55087182180037
2022-09-13,VZ,25.188050411129357,25.39988376973103,25.021366891956617
2022-09-13,WMT,42.28556309158669,42.667350724376185,41.83835176528412
2022-09-14,AAPL,116.87577122509175,118.26719337283046,115.73026414759833
2022-09-14,AMGN,173.5957044506538,175.00744956708735,172.33714997850166
2022-09-14,CRM,355.8708916600968,362.51157694959545,350.56154434300066
2022-09-14,CSCO,27.572379365597953,27.863734874017,27.35551073634505
2022-09-14,IBM,65.58397726971542,66.16376179674134,65.09146321327513
2022-09-14,INTC,43.43153520274814,44.06840033071801,42.95441853208506
2022-09-14,MSFT,277.4195502955593,280.70529824625726,274.734937526104
2022-09-14,NKE,114.54732162202293,116.08287235541133,113.26145145924379
2022-09-14,VZ,25.054700476969565,25.27824773810751,24.881767160978672
2022-09-14,WMT,42.273730702918506,42.68687596601094,41.86339400187183
2022-09-15,AAPL,116.50590953067416,117.77041048227787,115.21573855191107
2022-09-15,AMGN,173.8546534041154,175.1222288815935,172.35265471187884
2022-09-15,CRM,352.2238831872083,358.50088017514287,346.84680738743907
2022-09-15,CSCO,27.547588114616037,27.80830858527023,27.293475065050778
2022-09-15,IBM,65.45596365832218,65.97620923979127,64.90827613881241
2022-09-15,INTC,43.04834977224713,43.61725506009741,42.53079787270474
2022-09-15,MSFT,276.1159931067046,279.0647329942646,273.1386665500777
2022-09-15,NKE,114.07179040536029,115.43278639404782,112.60801356362771
2022-09-15,VZ,24.934413678348967,25.147006200813493,24.76887191611424
2022-09-15,WMT,42.325577945317825,42.71464240270697,41.88569727627977
2022-09-16,AAPL,116.09667237794778,117.4322080837592,114.90055459488266
2022-09-16,AMGN,173.9027553702975,175.26195145640207,172.54472673831592
2022-09-16,CRM,348.8457042220371,355.2522459758401,343.61183244334376
2022-09-16,CSCO,27.501924590082893,27.780661699461817,27.27062856602121
2022-09-16,IBM,65.28831251561454,65.84301511375622,64.77651299526119
2022-09-16,INTC,42.66656461114933,43.26784880259265,42.181042081238225
2022-09-16,MSFT,274.85489633235835,277.9858654547116,272.0763394633042
2022-09-16,NKE,113.58364525410614,115.03931265144159,112.23497437513694
2022-09-16,VZ,24.80944335706339,25.027464733966756,24.642089145472045
2022-09-16,WMT,42.34499401631279,42.74991623927108,41.92312777009208
2022-09-19,AAPL,115.81926443030319,117.1779814381226,114.64315078435557
2022-09-19,AMGN,174.1769146616223,175.5767239016404,172.8290473964797
2022-09-19,CRM,345.76844613442347,352.25155603916,340.74222097783587
2022-09-19,CSCO,27.48965237411661,27.772437597591782,27.260810814122216
2022-09-19,IBM,65.19163302621818,65.75633990889035,64.69167602467365
2022-09-19,INTC,42.33563829926853,42.93933172447639,41.86406238797936
2022-09-19,MSFT,273.8253186777629,276.9948273011657,271.10047917112263
2022-09-19,NKE,113.20918280778317,114.67206277577608,111.87259763257113
2022-09-19,VZ,24.701583895927392,24.92412711863624,24.544932666018784
2022-09-19,WMT,42.40806006588763,42.82275529461225,41.99389602844795
2022-09-20,AAPL,115.35849798425616,116.59896264800116,114.0772236161723
2022-09-20,AMGN,174.25950745813896,175.5113572210357,172.75877085666696
2022-09-20,CRM,342.055028168688,348.07537745346593,336.7271754904683
2022-09-20,CSCO,27.439927355438023,27.698237124620075,27.187062355696607
2022-09-20,IBM,65.01122488853302,65.52328591264325,64.46231822903232
2022-09-20,INTC,41.92908577410819,42.481352941099594,41.420372092236306
2022-09-20,MSFT,272.38481832746305,275.27483310365625,269.4327517993671
2022-09-20,NKE,112.66031367094881,114.00530115683833,111.21933412003423
2022-09-20,VZ,24.570920040533622,24.777085084921325,24.400643075842737
2022-09-20,WMT,42.426474304771375,42.811468203060414,41.981172432681085
2022-09-21,AAPL,115.02594212335696,116.41274874545113,113.90570051317974
2022-09-21,AMGN,174.35024150989298,175.79561368143678,173.08285848577128
2022-09-21,CRM,339.10536462676646,345.53921267101134,334.189124318448
2022-09-21,CSCO,27.40678188332918,27.698531151277212,27.191196987605416
2022-09-21,IBM,64.87361135855167,65.4538917087685,64.39358638650131
2022-09-21,INTC,41.59082251558136,42.203685498762304,41.14076632593445
2022-09-21,MSFT,271.3287900237329,274.570872656841,268.7259133846162
2022-09-21,NKE,112.25212346082759,113.75794422000024,110.98801945941582
2022-09-21,VZ,24.45690615880325,24.67968497370616,24.297735446921138
2022-09-21,WMT,42.45917019918478,42.88131132059539,42.05322298464329
2022-09-22,AAPL,114.79963887638642,116.08506022652836,113.55950063231666
2022-09-22,AMGN,174.83413488551605,176.16454355051854,173.35733714049547
2022-09-22,CRM,335.9634496348407,342.12001008736365,331.02785211429557
2022-09-22,CSCO,27.415981987290873,27.683059440395112,27.169206637241054
2022-09-22,IBM,64.82072747283273,65.35373365337547,64.29625266504905
2022-09-22,INTC,41.275018165802955,41.83393251724129,40.79351211279998
2022-09-22,MSFT,270.3065504829616,273.2796219200487,267.46875722916735
2022-09-22,NKE,111.90658502435944,113.26856417326378,110.4937823433948
2022-09-22,VZ,24.35723571042443,24.572072328218425,24.206068696792475
2022-09-22,WMT,42.5559373453339,42.959565597762314,42.1260696386487
2022-09-23,AAPL,114.43460713320526,115.80702371060914,113.31538832590671
2022-09-23,AMGN,174.8691220877758,176.3080674854257,173.5945292238645
2022-09-23,CRM,332.99940400279644,339.2820920174864,328.131534297605
2022-09-23,CSCO,27.374245430048028,27.664624289927637,27.158400971303514
2022-09-23,IBM,64.66581808544859,65.24153708335865,64.1845596848531
2022-09-23,INTC,40.92976115033171,41.531218312039655,40.48412192162815
2022-09-23,MSFT,269.19884549504,272.4029982782478,266.605879758641
2022-09-23,NKE,111.47182570266777,112.96385544076851,110.21442424725073
2022-09-23,VZ,24.240079013270694,24.4594972924873,24.079727600840446
2022-09-23,WMT,42.5777439882825,42.99852209269399,42.16853172549855
2022-09-26,AAPL,114.19668149700182,115.49336473206904,112.98472471985268
2022-09-26,AMGN,175.2954207005559,176.65154020695542,173.8508835928531
2022-09-26,CRM,329.9602142117247,336.04891784730717,325.12949892511153
2022-09-26,CSCO,27.377521582371525,27.648621309269306,27.136510538334772
2022-09-26,IBM,64.60130153066743,65.14090332030023,64.08667622516734
2022-09-26,INTC,40.6174886718089,41.176073621601134,40.1499816486312
2022-09-26,MSFT,268.1886088927631,271.18406135112036,265.41623756568606
2022-09-26,NKE,111.12272386716545,112.49949491490584,109.74629216259825
2022-09-26,VZ,24.139549275399887,24.35386118586791,23.98887291312512
2022-09-26,WMT,42.6654266938176,43.07384394934682,42.238711934812706
2022-09-27,AAPL,113.80684693883933,115.13411040075394,112.65362766171961
2022-09-27,AMGN,175.33581256992238,176.72968946808894,173.99620798758693
2022-09-27,CRM,326.8762183890404,332.932333689164,322.0117460185118
2022-09-27,CSCO,27.332967744148267,27.614155516925734,27.1077208708691
2022-09-27,IBM,64.43856123907453,64.99449138746309,63.9416663420687
2022-09-27,INTC,40.26362014511181,40.83886074431202,39.81186057617737
2022-09-27,MSFT,267.00342186982124,270.08898433426356,264.3453231951414
2022-09-27,NKE,110.6606370182428,112.09930497217782,109.36799544585358
2022-09-27,VZ,24.019976558109,24.23308527851497,23.858894194542305
2022-09-27,WMT,42.6851096110924,43.097710556736196,42.26468275945236
2022-09-28,AAPL,113.57203330744025,114.92833869009662,112.44207928962683
2022-09-28,AMGN,175.65072499519033,177.0946575781088,174.32454734745454
2022-09-28,CRM,324.13590256161586,330.2933728614576,319.500775229306
2022-09-28,CSCO,27.328156534315383,27.614777761434535,27.106269244660076
2022-09-28,IBM,64.36104836181833,64.93019761467477,63.87891634710447
2022-09-28,INTC,39.96685193486153,40.54677479590755,39.530220918523405
2022-09-28,MSFT,266.088342128668,269.2273505316278,263.49472054806233
2022-09-28,NKE,110.33152162855238,111.78060835844408,109.05239129004626
2022-09-28,VZ,23.920548889848593,24.139441118391655,23.77174014766204
2022-09-28,WMT,42.75814543676711,43.18275089883757,42.34772322642108
2022-09-29,AAPL,113.25227500485231,114.58201811806363,112.10815023825882
2022-09-29,AMGN,175.82177460051966,177.2340716552783,174.47620366339262
2022-09-29,CRM,321.22645516151,327.2313143645705,316.5206550250357
2022-09-29,CSCO,27.301916528134587,27.58399169008193,27.0769728466833
2022-09-29,IBM,64.23754952718303,64.7954824609453,63.74613911605696
2022-09-29,INTC,39.6416640214665,40.209639439080426,39.200289458809564
2022-09-29,MSFT,265.0229373584184,268.1012145139955,262.3970268254284
2022-09-29,NKE,109.92938795525363,111.35878155042461,108.64291725986435
2022-09-29,VZ,23.81069399828883,24.024393702247263,23.65611011583744
2022-09-29,WMT,42.802737416226485,43.220318393698854,42.38459699707867
2022-09-30,AAPL,112.95624123489247,114.29906105263694,111.83163742286025
2022-09-30,AMGN,176.0153338256176,177.45149327638268,174.6924580340127
2022-09-30,CRM,318.43454102257084,324.4402309998394,313.8179757314965
2022-09-30,CSCO,27.280115500691288,27.56576460363892,27.059320372821
2022-09-30,IBM,64.12491175304503,64.68980814677445,63.642160541459916
2022-09-30,INTC,39.32876436829924,39.89911710363139,38.89671877938799
2022-09-30,MSFT,264.0158119783046,267.12265186688137,261.4371279766755
2022-09-30,NKE,109.55093161142509,110.99222413149633,108.28591931430252
2022-09-30,VZ,23.704355933590474,23.919307593876677,23.552242642732057
2022-09-30,WMT,42.852926194506885,43.2754110453541,42.43913292654461
2022-10-03,AAPL,112.52830559706838,113.76947367307547,111.3116886744802
2022-10-03,AMGN,176.08986919680083,177.3959816298138,174.62521349231446
2022-10-03,CRM,315.14685426351,320.78305361180867,310.3035510138072
2022-10-03,CSCO,27.23293495247081,27.496343072896348,26.98983070933732
2022-10-03,IBM,63.9529380644202,64.47088690677859,63.42684205579792
2022-10-03,INTC,38.9623148050152,39.4883781641528,38.50041921448808
2022-10-03,MSFT,262.697053026512,265.5579365428185,259.91860793695906
2022-10-03,NKE,109.04434217928997,110.38126931965337,107.68622490150321
2022-10-03,VZ,23.581472320090185,23.78271196058995,23.419803936768517
2022-10-03,WMT,42.87247585367411,43.26926992437654,42.430701090315765
2022-10-04,AAPL,112.05583659644016,113.77204430062052,111.0380830604008
2022-10-04,AMGN,175.71839233535488,177.6842443756692,174.6243685877255
2022-10-04,CRM,313.8037637079256,319.5021717702466,310.0192062476031
2022-10-04,CSCO,27.15789974061635,27.509251287743318,26.971772232948098
2022-10-04,IBM,63.73440598519173,64.47146798550091,63.299586416179984
2022-10-04,INTC,38.73946909299734,39.37779172254421,38.454468309980605
2022-10-04,MSFT,261.86474594398743,265.7862463569807,259.7454397730863
2022-10-04,NKE,107.92221773449789,109.60215859053852,107.11761177617485
2022-10-04,VZ,23.5042947699231,23.77895711188757,23.3906074701184
2022-10-04,WMT,42.844505943634736,43.37187503224637,42.49720651900557
2022-10-05,AAPL,112.19393104352038,113.72782230835635,110.7579547027587
2022-10-05,AMGN,176.0196069665427,177.752582080829,174.6262163503327
2022-10-05,CRM,314.05679314991437,319.24500618523575,309.55900725975704
2022-10-05,CSCO,27.23063292178659,27.554178559872412,26.990505471636595
2022-10-05,IBM,63.77684830225635,64.4598354229916,63.25668212162408
2022-10-05,INTC,38.82977821450244,39.435179751942414,38.38972251845724
2022-10-05,MSFT,262.5308069381563,266.01451312402685,259.7216750097223
2022-10-05,NKE,107.44285509199554,109.07019368105689,106.15173615475291
2022-10-05,VZ,23.553507896125364,23.806554088086486,23.386507456005624
2022-10-05,WMT,42.96716704771578,43.42901577698922,42.54816553825734
2022-10-06,AAPL,112.17830966141435,113.9100304097163,111.05303343148107
2022-10-06,AMGN,176.17531129078515,178.1727950560283,175.0712282442075
2022-10-06,CRM,314.03084525550014,319.8302177246526,310.22594268858217
2022-10-06,CSCO,27.260959677774586,27.62192248191773,27.07032959648378
2022-10-06,IBM,63.76421944404005,64.52226895099807,63.33441031168578
2022-10-06,INTC,38.8175318788567,39.47988608288177,38.49244260774541
2022-10-06,MSFT,262.75929689346293,266.71761984601056,260.5175559409389
2022-10-06,NKE,106.78805457150004,108.52373824179769,105.8458632625936
2022-10-06,VZ,23.55390732927342,23.832851082279376,23.428280839905025
2022-10-06,WMT,43.05833245065537,43.584712363572805,42.7051390736473
2022-10-07,AAPL,111.69202205648807,113.35957548936193,110.62535900595985
2022-10-07,AMGN,175.77929452873528,177.6875396849169,174.62468285948444
2022-10-07,CRM,312.614759255402,318.15208347656977,308.70106281682854
2022-10-07,CSCO,27.183759363758174,27.526710846252627,26.987447658379615
2022-10-07,IBM,63.53657289908664,64.2532134473351,63.083524073631125
2022-10-07,INTC,38.595006805095785,39.21646584714861,38.291849805222355
2022-10-07,MSFT,261.9084167517174,265.7288777134445,259.68264238824037
2022-10-07,NKE,105.6792653653962,107.29159456017017,104.83823096928823
2022-10-07,VZ,23.478893971471656,23.747403251338,23.358064324769277
2022-10-07,WMT,43.02447596763837,43.5410851826763,42.6621409570136
2022-10-10,AAPL,111.45219938074506,113.04249634619708,110.2161028461404
2022-10-10,AMGN,175.6558136264886,177.46814099476777,174.3818585436781
2022-10-10,CRM,311.8464301828334,317.16627262328075,307.6573100031159
2022-10-10,CSCO,27.166083918954566,27.497437445003975,26.948221174305313
2022-10-10,IBM,63.41451144953568,64.10835203965154,62.92834958361166
2022-10-10,INTC,38.49787304651027,39.10444053537133,38.13195483614763
2022-10-10,MSFT,261.66008503617365,265.2972363647342,259.15707370832524
2022-10-10,NKE,104.83029008855974,106.41323419333544,103.79591487125933
2022-10-10,VZ,23.45402542598639,23.713413704239763,23.311518394541714
2022-10-10,WMT,43.051802053537095,43.54152918383556,42.660527856875916
2022-10-11,AAPL,111.22098237890353,112.81015351845181,109.99139379170778
2022-10-11,AMGN,175.5416660735457,177.35576397445212,174.27162228344594
2022-10-11,CRM,311.10295747931946,316.4170156547133,306.93086579626856
2022-10-11,CSCO,27.150356602188655,27.48195803235295,26.933143048757604
2022-10-11,IBM,63.296332132003805,63.989809637569884,62.8120305232753
2022-10-11,INTC,38.40503816966599,39.01095032653523,38.04149209672861
2022-10-11,MSFT,261.43190121054175,265.07101800913847,258.93713068608224
2022-10-11,NKE,103.99619996639123,105.56848029779894,102.97518101651043
2022-10-11,VZ,23.43093688596579,23.69036746191011,23.28906078263491
2022-10-11,WMT,43.08124830362104,43.57196379409494,42.690386709359096
2022-10-12,AAPL,111.25877020854952,112.86385386613506,109.9793955730021
2022-10-12,AMGN,175.74012106461595,177.58172525989386,174.47542775199258
2022-10-12,CRM,311.13480840871415,316.52882092457173,306.9783020756569
2022-10-12,CSCO,27.197130247047998,27.535561868370937,26.97921320271686
2022-10-12,IBM,63.2994881006047,64.00788579007228,62.82161971702228
2022-10-12,INTC,38.436152914372464,39.05793180330221,38.05397226641665
2022-10-12,MSFT,261.8318880807901,265.508079842299,259.2880988505055
2022-10-12,NKE,103.42837733042607,105.03829098102128,102.34413567490881
2022-10-12,VZ,23.454010284072464,23.716836256841937,23.306787888171783
2022-10-12,WMT,43.18178123284847,43.673952666641355,42.79012315608
2022-10-13,AAPL,110.6175438437871,112.33890117077928,109.70252680331079
2022-10-13,AMGN,175.17085808788616,177.1639578867066,174.13023731514335
2022-10-13,CRM,309.3305327636901,315.01221268777186,305.7181082523053
2022-10-13,CSCO,27.080672336194024,27.434114549709786,26.904561817201998
2022-10-13,IBM,63.00659790377042,63.74014000824813,62.58949988302098
2022-10-13,INTC,38.13207630949644,38.7616642273311,37.88465487449269
2022-10-13,MSFT,260.58379753692907,264.55441741865974,258.6097797211687
2022-10-13,NKE,102.1934366119368,103.77801011536269,101.53825811348922
2022-10-13,VZ,23.34450152173795,23.62018534091406,23.242637007255098
2022-10-13,WMT,43.10857532066235,43.650946970392916,42.77160281169125
2022-10-14,AAPL,110.62403671115884,112.18786931196787,109.3186505113691
2022-10-14,AMGN,175.32742816800504,177.12061228575868,174.02173389421586
2022-10-14,CRM,309.2460355884962,314.50156483353834,305.01133496955197
2022-10-14,CSCO,27.121218985706538,27.45192406420045,26.896717924239205
2022-10-14,IBM,62.993353456101985,63.68417102331809,62.503300861336974
2022-10-14,INTC,38.153855137516295,38.759460995555685,37.76219875122299
2022-10-14,MSFT,260.9225828186563,264.51022774398035,258.3151173641534
2022-10-14,NKE,101.6097054118336,103.16493067849984,100.51318272491608
2022-10-14,VZ,23.36596290235051,23.623333604130547,23.214474444937018
2022-10-14,WMT,43.1995174511562,43.68248404909765,42.797875182023276
2022-10-17,AAPL,110.18551707657939,111.8207321433932,109.1121021801481
2022-10-17,AMGN,174.97877837687085,176.8655586211178,173.81344318880465
2022-10-17,CRM,307.95660702061093,313.384115670128,304.0637723130074
2022-10-17,CSCO,27.05457285951635,27.39435239320313,26.856333769378587
2022-10-17,IBM,62.78582485517334,63.491103398919655,62.333606475025
2022-10-17,INTC,37.9565578286642,38.56592562265005,37.6506003143282
2022-10-17,MSFT,260.1802618183686,263.95142169140837,257.93334439136424
2022-10-17,NKE,100.59559076075176,102.12825366333051,99.77174507873274
2022-10-17,VZ,23.300494269203185,23.565767883726377,23.177834271054543
2022-10-17,WMT,43.17583562061168,43.69064907011134,42.808416228768706
2022-10-18,AAPL,110.07270175184549,111.64881464149632,108.83314384879516
2022-10-18,AMGN,174.9995128302098,176.81444919713334,173.7321474353303
2022-10-18,CRM,307.5497308929675,312.8260175902013,303.4224435516841
2022-10-18,CSCO,27.066282160143967,27.39882711600509,26.848949555586774
2022-10-18,IBM,62.72057648016971,63.412596224504945,62.242003672228044
2022-10-18,INTC,37.91946547721478,38.52299263075162,37.55211810549884
2022-10-18,MSFT,260.22835565382985,263.85669703816836,257.720243352102
2022-10-18,NKE,99.90538307017434,101.4322028199245,98.89517292357137
2022-10-18,VZ,23.298450526858762,23.557296729532442,23.154846469764017
2022-10-18,WMT,43.23605604520273,43.72780679393652,42.84294429028284
2022-10-19,AAPL,109.87335965420964,111.49337885765854,108.72209009159121
2022-10-19,AMGN,174.92666068641208,176.8028976146309,173.73218289406523
2022-10-19,CRM,306.93466294436837,312.33883984388194,302.9854167010067
2022-10-19,CSCO,27.055935104540584,27.39661343774314,26.851338453172485
2022-10-19,IBM,62.61978045033717,63.32687463401199,62.16344208531463
2022-10-19,INTC,37.83482958685128,38.44848171909959,37.49998923923008
2022-10-19,MSFT,260.0524824389763,263.7918259926037,257.6977560925974
2022-10-19,NKE,99.13272366829807,100.66771035210073,98.22250845080806
2022-10-19,VZ,23.275853833527616,23.540415678523118,23.143717082376032
2022-10-19,WMT,43.27523348670684,43.78366201614294,42.89883526071655
2022-10-20,AAPL,109.45693819253037,111.06487426170277,108.35978644188954
2022-10-20,AMGN,174.59923120066173,176.4599923060456,173.41093048271983
2022-10-20,CRM,305.69965304740685,311.0382695895665,301.77552912196325
2022-10-20,CSCO,26.994377770325254,27.330451513166008,26.792122013743867
2022-10-20,IBM,62.421267113051194,63.11664544365666,61.96409238126901
2022-10-20,INTC,37.649863107731235,38.250153996719234,37.33505035878102
2022-10-20,MSFT,259.36287823571485,263.08220539489184,257.0692408813357
2022-10-20,NKE,98.16260696656859,99.65069274233342,97.32551727329651
2022-10-20,VZ,23.215298070796802,23.477491507498332,23.089054474641866
2022-10-20,WMT,43.25611278220143,43.76614334103545,42.881974911020876
2022-10-21,AAPL,109.38107886464874,110.93307053762524,108.11342352165671
2022-10-21,AMGN,174.66131383356014,176.45430650377799,173.37264672033794
2022-10-21,CRM,305.39350975914175,310.5937365771233,301.2395637199363
2022-10-21,CSCO,27.014796915408386,27.34450358320838,26.793559642562407
2022-10-21,IBM,62.37224732708288,63.0563223819702,61.889737977968174
2022-10-21,INTC,37.63053233118345,38.22693515701425,37.25277068863724
2022-10-21,MSFT,259.4987641637813,263.0818180960773,256.94080412492207
2022-10-21,NKE,97.52341740604692,99.01077431614785,96.49647832997437
2022-10-21,VZ,23.219928267434025,23.476193332959262,23.072293277084643
2022-10-21,WMT,43.3259016240291,43.813195936453596,42.92618896650932
2022-10-24,AAPL,108.85844356550649,110.51984806485935,107.88243477690348
2022-10-24,AMGN,174.21729887948035,176.15708531913762,173.1283908162894
2022-10-24,CRM,303.9057551694669,309.397648975015,300.23063554775644
2022-10-24,CSCO,26.925638869174744,27.271943755839825,26.74081029093367
2022-10-24,IBM,62.13010903784472,62.84393105915162,61.7037061006884
2022-10-24,INTC,37.38718653353687,37.99864049589048,37.116848673408875
2022-10-24,MSFT,258.52950585828717,262.3884365360854,256.44613973456705
2022-10-24,NKE,96.46207131247664,97.95097140421136,95.76113030402745
2022-10-24,VZ,23.133734891291706,23.402984526711332,23.023097936480507
2022-10-24,WMT,43.28023579689145,43.812365360045746,42.928830815614944
2022-10-25,AAPL,108.8146139227158,110.35664236963748,107.54520895110916
2022-10-25,AMGN,174.3155996061634,176.10288306590087,173.0251922472049
2022-10-25,CRM,303.68786539256416,308.85598872427806,299.5470532876788
2022-10-25,CSCO,26.953685692468724,27.28258966101427,26.732089465304515
2022-10-25,IBM,62.095220497821046,62.77635861168498,61.61391533779717
2022-10-25,INTC,37.383569596535445,37.9765329985501,37.00523807772617
2022-10-25,MSFT,258.7423859716155,262.3098731780454,256.17891086507916
2022-10-25,NKE,95.86366728624576,97.32802901452895,94.84538853432747
2022-10-25,VZ,23.144777676075375,23.400060731819273,22.996566804945594
2022-10-25,WMT,43.3584005642663,43.84499885407738,42.957254853278066
2022-10-26,AAPL,108.4888092756333,110.12726095422364,107.4417043481473
2022-10-26,AMGN,174.09809884675852,176.0163103737197,172.97354427229095
2022-10-26,CRM,302.74687430956004,308.1850798337461,299.00097703216454
2022-10-26,CSCO,26.911404148060083,27.256427798104728,26.719470818957795
2022-10-26,IBM,61.94036141005864,62.65127268672268,61.50695369727716
2022-10-26,INTC,37.23423866857344,37.84531008546349,36.93765735874458
2022-10-26,MSFT,258.2449022082837,262.05422684864794,256.0547421261191
2022-10-26,NKE,94.99984933853406,96.47950946897097,94.22468043983861
2022-10-26,VZ,23.095017541920406,23.362254336555708,22.97543062895065
2022-10-26,WMT,43.36454962165059,43.88880943956715,43.002972676924465
2022-10-27,AAPL,108.34148111702154,109.90044583606615,107.14126604782125
2022-10-27,AMGN,174.07740802635948,175.8926250649231,172.8299081564108
2022-10-27,CRM,302.2509103954626,307.4562422674421,298.22517487425273
2022-10-27,CSCO,26.91413755950803,27.245899517992726,26.700445652789128
2022-10-27,IBM,61.86032727813801,62.544783669881,61.39185133113661
2022-10-27,INTC,37.17976124564742,37.77254676467298,36.826898795435966
2022-10-27,MSFT,258.203125968197,261.82230621445154,255.7464592369175
2022-10-27,NKE,94.31410595381801,95.75590233910263,93.38209517621428
2022-10-27,VZ,23.085640203902933,23.343015073380094,22.94588350024655
2022-10-27,WMT,43.41555578992503,43.912404035203174,43.024041505231715
2022-10-28,AAPL,107.91189442726694,109.49141494393542,106.82631227994105
2022-10-28,AMGN,173.72869638647472,175.5720300260172,172.53889860371387
2022-10-28,CRM,300.9782120314769,306.214456235494,297.09749794809164
2022-10-28,CSCO,26.848472523529775,27.181381713013124,26.64614966952579
2022-10-28,IBM,61.65546573417456,62.33946112476864,61.20132289213069
2022-10-28,INTC,36.989552207248565,37.57687546590793,36.67883354334946
2022-10-28,MSFT,257.47417327436034,261.15294428114976,255.18694803773346
2022-10-28,NKE,93.37429062685611,94.78410025723964,92.57489285277934
2022-10-28,VZ,23.0223706651106,23.281540627649093,22.896559711537737
2022-10-28,WMT,43.3910731410548,43.901125078103995,43.014134670883635
2022-10-31,AAPL,107.42425703874169,109.05741651333439,106.44498421598963
2022-10-31,AMGN,173.31886611490137,175.2403889905729,172.22467005562348
2022-10-31,CRM,299.58537655384833,304.98221290160893,295.9372340029278
2022-10-31,CSCO,26.766812906695964,27.110129783255452,26.581085854982994
2022-10-31,IBM,61.42817089942682,62.13222890983809,61.00362339755667
2022-10-31,INTC,36.76452832073298,37.36485594363805,36.492792761155826
2022-10-31,MSFT,256.5825577532553,260.39657864654987,254.48867205484825
2022-10-31,NKE,92.38414965375648,93.809424594795,91.69557926118054
2022-10-31,VZ,22.94283373610351,23.20910840383432,22.831049398115155
2022-10-31,WMT,43.35265176544561,43.88312528914583,42.99796890951606
2022-11-01,AAPL,107.20851897658517,108.81177901250838,106.12020632665333
2022-11-01,AMGN,173.22553874597392,175.1143227695142,172.07668904793672
2022-11-01,CRM,298.94596636198764,304.278542326524,295.1777500869351
2022-11-01,CSCO,26.750650180042253,27.09179674276018,26.554173275211014
2022-11-01,IBM,61.32167423457023,62.02268051251277,60.88509597980934
2022-11-01,INTC,36.6688807866795,37.27003376295646,36.357200499882296
2022-11-01,MSFT,256.3487868137436,260.08965413663225,254.0934604023663
2022-11-01,NKE,91.64799784544626,93.07904202138347,90.840925768943
2022-11-01,VZ,22.91398319867645,23.177430716487702,22.7886746924586
2022-11-01,WMT,43.38718393309085,43.90452581115654,43.017788380408845
2022-11-02,AAPL,107.6134356797293,108.9470943916888,105.98549157862
2022-11-02,AMGN,173.8750371325159,175.28573078828109,172.05109795069092
2022-11-02,CRM,299.91680110746756,304.3816094880163,295.04482075200093
2022-11-02,CSCO,26.841397555974165,27.13342681602799,26.561604220238348
2022-11-02,IBM,61.69650970244144,62.22749317020467,60.994213100556934
2022-11-02,INTC,36.74453634759339,37.38132820097382,36.20718261005184
2022-11-02,MSFT,256.0641373899456,259.3871029260675,252.68902911245132
2022-11-02,NKE,91.55299865662332,92.82048582821369,90.24145514430862
2022-11-02,VZ,22.920339284306273,23.14166079313714,22.696911267474114
2022-11-02,WMT,43.54243135494365,43.93813927526949,43.115671552021155
2022-11-03,AAPL,107.67362895111108,109.33563120831971,106.13331649446668
2022-11-03,AMGN,174.6080353461686,175.89370014152226,172.7017894661626
2022-11-03,CRM,299.97788159798756,305.47023118417343,295.8186926820797
2022-11-03,CSCO,26.92326972586261,27.20231449045203,26.650522814987745
2022-11-03,IBM,62.01387928756477,62.498836181260494,61.31541137936013
2022-11-03,INTC,36.78642405614381,37.43786332209785,36.25103499910208
2022-11-03,MSFT,255.16834677892518,259.28465721535946,252.18949564719827
2022-11-03,NKE,91.6461330934405,93.12859605306673,90.4193453997861
2022-11-03,VZ,22.926944615236298,23.183044283847778,22.732017599173602
2022-11-03,WMT,43.646747905004865,44.07212989999356,43.27748481595356
2022-11-04,AAPL,108.09355782104942,109.6765997522928,106.59203082994689
2022-11-04,AMGN,175.52643553689919,177.02633050090049,173.78376706836113
2022-11-04,CRM,301.0916088946412,306.3598342256027,296.8319643025222
2022-11-04,CSCO,27.050143553381556,27.359589206042653,26.793458107220854
2022-11-04,IBM,62.451747993565725,63.011434030359936,61.78897005555884
2022-11-04,INTC,36.91634859534096,37.59974597137068,36.41137133948161
2022-11-04,MSFT,254.9838949945847,258.87854520458643,252.00555609892197
2022-11-04,NKE,91.7868181234192,93.2349548009005,90.59154028840489
2022-11-04,VZ,22.95626192236228,23.207437378016145,22.759040542358914
2022-11-04,WMT,43.83122211073107,44.27181587185027,43.45861217865808
2022-11-07,AAPL,108.42409411540446,109.7603696467138,106.76030887934562
2022-11-07,AMGN,176.11773086951723,177.49423061367122,174.22263673712783
2022-11-07,CRM,301.83048336887197,306.2936194064088,296.8797333066133
2022-11-07,CSCO,27.128574007947435,27.41589763625762,26.839401736065888
2022-11-07,IBM,62.8017384910286,63.324648432063704,62.07306960148681
2022-11-07,INTC,36.96801415225861,37.59777038598128,36.41682621152349
2022-11-07,MSFT,254.54059321025002,257.8286992681402,251.14604464064098
2022-11-07,NKE,91.65686302759097,92.91512095343445,90.32426723738232
2022-11-07,VZ,22.955350867009923,23.17504176429055,22.729254598072835
2022-11-07,WMT,43.96801173574972,44.36029095967527,43.531517828383784
2022-11-08,AAPL,108.61509878924855,110.08661279882001,106.9856424816808
2022-11-08,AMGN,176.74733187736052,178.07677214672785,174.81674646398363
2022-11-08,CRM,302.20359613878395,307.0884496287297,297.538438187585
2022-11-08,CSCO,27.204020134482597,27.486763057956885,26.917589843628342
2022-11-08,IBM,63.130243687927695,63.636271759782716,62.40145263235897
2022-11-08,INTC,37.00685365807158,37.643436981570744,36.45660092855439
2022-11-08,MSFT,253.8545647683302,257.4554925967331,250.62547075417427
2022-11-08,NKE,91.60495490249473,92.94887771654633,90.30884663816235
2022-11-08,VZ,22.954872332748007,23.188654387965926,22.740420119281683
2022-11-08,WMT,44.08476995081152,44.490178422947125,43.67121844135634
2022-11-09,AAPL,108.81041193166712,110.28930494649134,107.1807353299624
2022-11-09,AMGN,177.38509482657457,178.72232004753818,175.45053708363236
2022-11-09,CRM,302.5895271580732,307.4959228798791,297.9303985257569
2022-11-09,CSCO,27.28062188107734,27.564642398844555,26.993937181134903
2022-11-09,IBM,63.46235976044551,63.97206786412604,62.73086965463212
2022-11-09,INTC,37.047334783717616,37.685589443119724,36.49731621366858
2022-11-09,MSFT,253.17890597899495,256.7815784102053,249.965550178228
2022-11-09,NKE,91.5575609889711,92.904151005881,90.2644950545337
2022-11-09,VZ,22.954941116467197,23.18927175865874,22.740989056946727
2022-11-09,WMT,44.20300058047477,44.610351486937404,43.789428561842904
2022-11-10,AAPL,109.02780997194563,110.65562520694985,107.47659211012636
2022-11-10,AMGN,178.19048803865618,179.58704933748444,176.31278154308637
2022-11-10,CRM,303.09900552073907,308.4838420217927,298.81057704170973
2022-11-10,CSCO,27.380370280925252,27.675572240449373,27.108438157430022
2022-11-10,IBM,63.836241704760475,64.36504285149904,63.1310491970979
2022-11-10,INTC,37.123221843056335,37.78984022917057,36.59400662168802
2022-11-10,MSFT,252.58918697196154,256.528423690584,249.60986902584145
2022-11-10,NKE,91.65211241509809,93.10545288294426,90.42990577078878
2022-11-10,VZ,22.969440498603596,23.221492959683168,22.771198266570025
2022-11-10,WMT,44.34145009811592,44.77596660278039,43.961003274487055
2022-11-11,AAPL,109.4945084157337,110.75584843211627,107.79910990657176
2022-11-11,AMGN,178.7958365229135,180.25364841177975,176.91383193363768
2022-11-11,CRM,304.2070783011132,308.43236934020484,299.0375187032263
2022-11-11,CSCO,27.468048216934882,27.766302110439423,27.175708601041077
2022-11-11,IBM,64.22513079262454,64.78176921298719,63.48368593424531
2022-11-11,INTC,37.195175425020494,37.8294477370079,36.644319714413264
2022-11-11,MSFT,252.3885792121336,255.43722631303405,248.93372014628795
2022-11-11,NKE,91.48451568175828,92.68606720515258,90.13861574656882
2022-11-11,VZ,22.971515671806422,23.1825889670305,22.73830900375607
2022-11-11,WMT,44.503203725648184,44.89516887029128,44.04721128424741
2022-11-14,AAPL,109.6545932119534,111.2748784702433,108.07017339082094
2022-11-14,AMGN,179.54400056808674,180.90806813919815,177.61136034205106
2022-11-14,CRM,304.5346730386543,309.88522234868685,300.15961657994
2022-11-14,CSCO,27.556690716651406,27.8471862608437,27.27697149797891
2022-11-14,IBM,64.57647668487279,65.09691779984276,63.85018171675842
2022-11-14,INTC,37.25042898341182,37.90903397316784,36.7097994018263
2022-11-14,MSFT,251.67864892749918,255.56627825245477,248.66302908395872
2022-11-14,NKE,91.54195013525492,92.97722257794668,90.30090600396574
2022-11-14,VZ,22.97953160906068,23.228845007169856,22.778197755202246
2022-11-14,WMT,44.626136073951336,45.05585552726544,44.23625744552988
2022-11-15,AAPL,109.97076474741137,111.34884884081819,108.2891079977357
2022-11-15,AMGN,180.15456686185556,181.5553048490276,178.21200915394127
2022-11-15,CRM,305.2315330681303,309.8153662902782,300.27292630527677
2022-11-15,CSCO,27.636152581984593,27.928098668119027,27.342137591655582
2022-11-15,IBM,64.93502077317056,65.47289521394146,64.18220903579373
2022-11-15,INTC,37.30074954143322,37.93713976893869,36.744860310900684
2022-11-15,MSFT,251.20813119574146,254.5072455881876,247.88281887914394
2022-11-15,NKE,91.42457226947364,92.6938212843928,90.10091550397775
2022-11-15,VZ,22.97871408960816,23.20094417514032,22.7542679056021
2022-11-15,WMT,44.762516315531464,45.16379380410574,44.32206054570602
2022-11-16,AAPL,110.17200833945657,111.73337229527017,108.55494546830415
2022-11-16,AMGN,180.8697096013014,182.25160120331904,178.9211463508432
2022-11-16,CRM,305.65512516893926,310.8155559100001,301.10941266673797
2022-11-16,CSCO,27.722605506418432,28.014890423053725,27.437485562589302
2022-11-16,IBM,65.2911483874613,65.8209887261074,64.5505720302075
2022-11-16,INTC,37.35446597915385,38.00857208581615,36.80828675896807
2022-11-16,MSFT,250.5624715303985,254.2768008501502,247.47538358013605
2022-11-16,NKE,91.4346960753672,92.82412116639033,90.17230909095976
2022-11-16,VZ,22.98426204831779,23.226337328161847,22.776661036819778
2022-11-16,WMT,44.88937606573381,45.31354699821953,44.48385965582408
2022-11-17,AAPL,110.4635924574699,111.98012673049111,108.83885748306423
2022-11-17,AMGN,181.60523738957176,183.03773833710778,179.6824925404284
2022-11-17,CRM,306.3306775708184,311.3531950318674,301.6834078512369
2022-11-17,CSCO,27.816866432855537,28.11591661169315,27.53241040624228
2022-11-17,IBM,65.6737421977161,66.22284145190078,64.93400532725549
2022-11-17,INTC,37.42460618204433,38.08265329622318,36.88174150380229
2022-11-17,MSFT,250.08098426850097,253.67187545729172,246.95866402065914
2022-11-17,NKE,91.4311139551425,92.79213729667958,90.1641473710507
2022-11-17,VZ,22.99300093394385,23.23063424843172,22.781916912392255
2022-11-17,WMT,45.03392930919877,45.45819295050831,44.62028339640424
2022-11-18,AAPL,110.75020500056587,112.14899211003694,109.05594767250601
2022-11-18,AMGN,182.213647086351,183.61401683734144,180.23620555145004
2022-11-18,CRM,306.942226914409,311.58496906984317,301.97498986575164
2022-11-18,CSCO,27.89411667822689,28.186637351103567,27.596487409237046
2022-11-18,IBM,66.02931414088408,66.57041622733286,65.26147149280284
2022-11-18,INTC,37.46901461891071,38.10683066435476,36.90874569219386
2022-11-18,MSFT,249.55604319202843,252.85940024111963,246.260249366755
2022-11-18,NKE,91.31510052436579,92.58893809472751,89.99295644056163
2022-11-18,VZ,22.99083734906015,23.214148256267695,22.76695823030209
2022-11-18,WMT,45.165284685546084,45.570016566509985,44.72219030367748
2022-11-21,AAPL,110.92466113345775,112.51739988669011,109.30298121585749
2022-11-21,AMGN,182.9432860845154,184.330723532464,180.96668321769252
2022-11-21,CRM,307.29551335903005,312.5490215492631,302.773011811581
2022-11-21,CSCO,27.980716526757938,28.27466472949069,27.6935508404745
2022-11-21,IBM,66.38672167224351,66.92151130826646,65.6343432209994
2022-11-21,INTC,37.52047088099721,38.1785397916295,36.9720931987627
2022-11-21,MSFT,248.86836498030252,252.6053948518676,245.82725725263964
2022-11-21,NKE,91.33815486014292,92.73974179391118,90.08310208204806
2022-11-21,VZ,22.9964265090985,23.240873136340465,22.790603998403583
2022-11-21,WMT,45.2892727728698,45.71931879485736,44.88418261150599
2022-11-22,AAPL,111.33423096594345,112.67821379234866,109.62785929321157
2022-11-22,AMGN,183.58237203622485,185.05478321017992,181.63656348953654
2022-11-22,CRM,308.2490946054212,312.72240524720553,303.1458363584444
2022-11-22,CSCO,28.068888595091742,28.37116363989239,27.77184435647181
2022-11-22,IBM,66.77995373173613,67.34937161482193,66.0108746362131
2022-11-22,INTC,37.58737091263642,38.2312500376089,37.031468141476914
2022-11-22,MSFT,248.562987857094,251.70746969562617,245.2300291821697
2022-11-22,NKE,91.20649315000252,92.44335997403849,89.88097323031204
2022-11-22,VZ,22.99873162911902,23.21644713765539,22.770547346665843
2022-11-22,WMT,45.44498923157311,45.85095799592281,44.990647759996776
2022-11-23,AAPL,111.50525174516298,113.12438071294999,109.88287915934087
2022-11-23,AMGN,184.33140703205407,185.7308336515361,182.34322517557092
2022-11-23,CRM,308.5968063775825,313.92954417776133,304.09792435676036
2022-11-23,CSCO,28.15754983326903,28.453836888300383,27.86989139775425
2022-11-23,IBM,67.14328702102873,67.6844494816481,66.38480016294818
2022-11-23,INTC,37.64093233836033,38.30335821867338,37.092441818591695
2022-11-23,MSFT,247.87383135640852,251.63727915170776,244.8683392249648
2022-11-23,NKE,91.24335696291533,92.65545832744328,89.99645596660709
2022-11-23,VZ,23.005364484929473,23.25188912006509,22.80118522606142
2022-11-23,WMT,45.570258288746956,46.005470494677304,45.166432458410405
2022-11-25,AAPL,111.87835891263938,113.33957828564913,110.21281725058722
2022-11-25,AMGN,185.0621861047407,186.5518037672182,183.1197282607344
2022-11-25,CRM,309.4822909187659,314.32439795888087,304.62661457346326
2022-11-25,CSCO,28.255325885465226,28.562202097197286,27.964565440393567
2022-11-25,IBM,67.55069706980828,68.12693352977936,66.7880176308614
2022-11-25,INTC,37.71905254310547,38.379153757690865,37.17130985608807
2022-11-25,MSFT,247.5257867771328,250.90842340827925,244.35414564398684
2022-11-25,NKE,91.19903704123152,92.51014149257017,89.9166751904057
2022-11-25,VZ,23.0140276966111,23.24426227877097,22.79650222183116
2022-11-25,WMT,45.72861741759246,46.15288200365268,45.29524158126866
2022-11-28,AAPL,112.09878856049136,113.66672027517969,110.44662728163105
2022-11-28,AMGN,185.78761833315974,187.211717038478,183.78757397420628
2022-11-28,CRM,309.95076436352997,315.1190894837555,305.2948696263924
2022-11-28,CSCO,28.343444762901928,28.642615812085932,28.051048533474987
2022-11-28,IBM,67.92284011149734,68.47596923761701,67.15104917321966
2022-11-28,INTC,37.7738882653836,38.43384729365136,37.220779844526014
2022-11-28,MSFT,246.91420516530326,250.52722538226553,243.84795840463528
2022-11-28,NKE,91.19608017543776,92.56870907823149,89.93083803438807
2022-11-28,VZ,23.01912372987088,23.259386232009348,22.809384587024553
2022-11-28,WMT,45.86007616828582,46.291207919628036,45.441839216797575
2022-11-29,AAPL,112.37882826034938,113.78712566398154,110.65178054404389
2022-11-29,AMGN,186.39166075321268,187.81450591821718,184.35908612051955
2022-11-29,CRM,310.53344664366745,315.1947671711203,305.47768086918086
2022-11-29,CSCO,28.419155846844287,28.715627088645242,28.1141886043303
2022-11-29,IBM,68.28408621889089,68.84045075380449,67.48637564229101
2022-11-29,INTC,37.81371448521253,38.45448987409885,37.24573903246288
2022-11-29,MSFT,246.37296473091354,249.60958284829073,243.1010308088778
2022-11-29,NKE,91.06779230275511,92.33016533913337,89.7426572386114
2022-11-29,VZ,23.01527109158248,23.23745650085628,22.789882833512895
2022-11-29,WMT,45.99021287273719,46.39983947870482,45.536116996164466
2022-11-30,AAPL,112.78050886060656,114.15826400215593,111.05703157590173
2022-11-30,AMGN,187.04921968665985,188.5451800444321,185.06491725413
2022-11-30,CRM,311.4637362854376,316.03444427956595,306.34303915142846
2022-11-30,CSCO,28.50877922274906,28.815432440149728,28.207693580617004
2022-11-30,IBM,68.68687936352484,69.27084738056514,67.89675017358944
2022-11-30,INTC,37.88047894163292,38.53042156883801,37.32074961381328
2022-11-30,MSFT,246.0499833099314,249.1995578116056,242.7689591047231
2022-11-30,NKE,90.9461900533332,92.18969722213514,89.6290059330613
2022-11-30,VZ,23.01784843806781,23.237421061903145,22.790871865695348
2022-11-30,WMT,46.146675984441934,46.5605578197223,45.68835329081582
2022-12-01,AAPL,113.12374444666003,114.6639333829332,111.4649678832487
2022-12-01,AMGN,187.83240975732807,189.3403252109514,185.86564496488052
2022-12-01,CRM,312.2818794563902,317.36530361400867,307.5297110043631
2022-12-01,CSCO,28.611294119093245,28.922517273149772,28.320818043994596
2022-12-01,IBM,69.10492826304608,69.6921020576312,68.33178194503247
2022-12-01,INTC,37.962324352496836,38.6333477364169,37.41554644857397
2022-12-01,MSFT,245.65849252898983,249.1557479449803,242.58913374540717
2022-12-01,NKE,90.94714899883643,92.29543209902542,89.69038660385633
2022-12-01,VZ,23.02925482909958,23.266427921139165,22.81743785364762
2022-12-01,WMT,46.30531748638114,46.74308652661888,45.879437824535366
2022-12-02,AAPL,113.12831349101529,114.70049894426353,111.34535606872092
2022-12-02,AMGN,188.3811979890121,190.38767436849827,186.60018256748103
2022-12-02,CRM,316.6315328040864,321.6636044340607,311.58493099416233
2022-12-02,CSCO,28.72688061284744,29.02684313320831,28.40649215763381
2022-12-02,IBM,69.31629053107781,69.96017965882227,68.65540571074226
2022-12-02,INTC,37.96932006396092,38.57856586974197,37.37707889947752
2022-12-02,MSFT,246.10075985533817,249.31269404356922,242.70009082986317
2022-12-02,NKE,91.07225724221868,92.32241949022404,89.6925032771111
2022-12-02,VZ,23.10214094369876,23.349847306993695,22.90911434660177
2022-12-02,WMT,46.40721917580912,46.846933328940345,46.066480274404725
2022-12-05,AAPL,113.17547392893513,114.60775256358328,111.47207341567062
2022-12-05,AMGN,188.8133818612963,190.74145679213635,186.69413960784078
2022-12-05,CRM,316.2320621729885,320.69626269055834,310.35224637474425
2022-12-05,CSCO,28.849659453393095,29.149350138487986,28.553840725534876
2022-12-05,IBM,69.5196221537099,70.12969039919813,68.83094830902706
2022-12-05,INTC,37.93237248917485,38.576686444951214,37.37303516124866
2022-12-05,MSFT,246.42919269298824,249.37479846414323,242.99765934765117
2022-12-05,NKE,91.36770746916991,92.52799228781493,90.0034903789067
2022-12-05,VZ,23.10563919171305,23.399604080610324,22.89477463370554
2022-12-05,WMT,46.541256631470034,46.927160436516324,46.13044105315234
2022-12-06,AAPL,113.38681459145859,114.99807793207474,111.73409274823213
2022-12-06,AMGN,189.55295373136593,191.68213221708604,187.74506328342312
2022-12-06,CRM,318.78591193847757,323.928907374248,313.6244199024443
2022-12-06,CSCO,29.012053925856794,29.337544242903935,28.723646984052326
2022-12-06,IBM,69.82552404123842,70.50799840027516,69.19749149325823
2022-12-06,INTC,37.9906668288575,38.65490170123391,37.44763865830288
2022-12-06,MSFT,247.19513364309722,250.51522884762986,243.9680364313385
2022-12-06,NKE,91.72102040685658,93.01641994956698,90.42050565714882
2022-12-06,VZ,23.168315892856466,23.451316264245698,22.979981445217145
2022-12-06,WMT,46.71458851603446,47.161743402847556,46.37074871517749
2022-12-07,AAPL,113.3343237324266,114.86808404895044,111.52255202022994
2022-12-07,AMGN,190.0209739164983,191.99182876418394,188.15855632761793
2022-12-07,CRM,322.8379604890451,327.82243465285956,317.5383406616226
2022-12-07,CSCO,29.115975815870147,29.41244313360763,28.785610407216463
2022-12-07,IBM,70.00733567873117,70.63909769797482,69.32219984422413
2022-12-07,INTC,37.9718949685645,38.57142209333446,37.37073408462062
2022-12-07,MSFT,247.51235451121804,250.6549570965314,244.02622791710772
2022-12-07,NKE,91.81100892496026,93.03955947112985,90.39592675527473
2022-12-07,VZ,23.23034402040647,23.478283534533855,23.03075309690318
2022-12-07,WMT,46.801531096028285,47.23181662861253,46.44348579117084
2022-12-08,AAPL,113.30220459080934,114.7797301708132,111.52483771173898
2022-12-08,AMGN,190.44578153687425,192.38935181482253,188.44296585608268
2022-12-08,CRM,324.8224417736892,329.6069467215298,319.1398088508889
2022-12-08,CSCO,29.223736367090584,29.521030165911633,28.903081055205334
2022-12-08,IBM,70.18759969934311,70.80717058137037,69.49092211360406
2022-12-08,INTC,37.936397193115,38.55031724248266,37.34938416982219
2022-12-08,MSFT,247.7892983896329,250.82782028420144,244.29166597378102
2022-12-08,NKE,91.97251604404866,93.16600773275367,90.56433215996258
2022-12-08,VZ,23.263971346618238,23.531025717390712,23.056996719312007
2022-12-08,WMT,46.9025486088346,47.31149852883303,46.5156606616571
2022-12-09,AAPL,113.27428360996056,114.75336041675187,111.49990325029553
2022-12-09,AMGN,190.87643453856805,192.82746389159496,188.87209843186866
2022-12-09,CRM,326.9025948121583,331.72466426426627,321.1911620655322
2022-12-09,CSCO,29.332853260082135,29.63177106638848,29.011655253654585
2022-12-09,IBM,70.37046316917221,70.99263859242454,69.67297126780267
2022-12-09,INTC,37.90238012363545,38.51676812586987,37.316801336632466
2022-12-09,MSFT,248.07426614057448,251.1206119918042,244.5770004449412
2022-12-09,NKE,92.13841862012647,93.33558829997101,90.72955527752268
2022-12-09,VZ,23.298213403921775,23.56629625941169,23.091193952934514
2022-12-09,WMT,47.00515024161838,47.415609499080084,46.61806692816225
2022-12-12,AAPL,113.37486348344683,114.8828102311753,111.68053900308561
2022-12-12,AMGN,191.43170623351224,193.46130157382652,189.4245688284321
2022-12-12,CRM,328.046058450626,332.9563913944554,322.29623614135915
2022-12-12,CSCO,29.471414906140776,29.786179278867362,29.17026531586161
2022-12-12,IBM,70.61336616067571,71.26052275041675,69.93836960107804
2022-12-12,INTC,37.90213571186525,38.5495731277248,37.346545402739615
2022-12-12,MSFT,248.56733297495006,251.6890838412716,245.1831451433925
2022-12-12,NKE,92.44325299864423,93.67091890206248,91.08537378476244
2022-12-12,VZ,23.3286483282399,23.617774121111708,23.125347753820773
2022-12-12,WMT,47.15186462775548,47.56857918006869,46.76571986521999
2022-12-13,AAPL,113.33441017481496,114.9256321751051,111.51088923582243
2022-12-13,AMGN,191.97478673233792,194.0123010063241,190.2186856315207
2022-12-13,CRM,333.88024962511275,339.26790877334224,328.7211899870594
2022-12-13,CSCO,29.580723528548035,29.885595846088435,29.240070297752986
2022-12-13,IBM,70.8132018106519,71.4704332765574,70.13514534775027
2022-12-13,INTC,37.90661915002907,38.499252618439925,37.30119965993296
2022-12-13,MSFT,248.97298691137996,252.2489602393085,245.50163897461397
2022-12-13,NKE,92.50116940235742,93.77945176040977,91.07996606638325
2022-12-13,VZ,23.416170600205184,23.653734039693312,23.222449391468523
2022-12-13,WMT,47.23727886949579,47.69311965302949,46.90210810685689
2022-12-14,AAPL,113.38346666500996,114.85974393407682,111.66378312467546
2022-12-14,AMGN,192.46075012855616,194.4565238875915,190.39491698665884
2022-12-14,CRM,334.84259908490895,339.7398762464269,328.8606296508791
2022-12-14,CSCO,29.708311502952633,30.018847285271136,29.398792828384405
2022-12-14,IBM,71.02946331777486,71.66507423737981,70.33558948428946
2022-12-14,INTC,37.88509371676788,38.52247160597668,37.3209168187894
2022-12-14,MSFT,249.35805171326652,252.42052161371666,245.90528544562
2022-12-14,NKE,92.76948239688194,93.9763626263166,91.38459927945478
2022-12-14,VZ,23.438925705654515,23.727003435268617,23.230373337119122
2022-12-14,WMT,47.36955251098219,47.77822220224375,46.971032655098746
2022-12-15,AAPL,113.33443226142698,114.860672551294,111.52800333119154
2022-12-15,AMGN,192.93007987060273,194.92679207200484,191.02097939942863
2022-12-15,CRM,338.8545454827571,344.05389717377494,333.2441338094364
2022-12-15,CSCO,29.81535363684436,30.118948637910457,29.478815907149716
2022-12-15,IBM,71.2143060618173,71.85507843286067,70.51604961829425
2022-12-15,INTC,37.86412157367316,38.464299808220886,37.26681671540227
2022-12-15,MSFT,249.67289638482453,252.82819671213616,246.15561830882433
2022-12-15,NKE,92.87196361186417,94.10963187584846,91.44209379327687
2022-12-15,VZ,23.497966323703267,23.751971557638832,23.295109200686817
2022-12-15,WMT,47.45996704891008,47.89328327667346,47.09312701450186
2022-12-16,AAPL,113.35646289296866,114.8453088562579,111.61347400480638
2022-12-16,AMGN,193.41241930570607,195.41630270539608,191.3786437428108
2022-12-16,CRM,340.6224109920881,345.6674302693846,334.6537022818072
2022-12-16,CSCO,29.93810256924751,30.248776958714252,29.61916080924965
2022-12-16,IBM,71.42277559960205,72.06257519292495,70.72411320469502
2022-12-16,INTC,37.84242161474166,38.469113835793294,37.269821134472274
2022-12-16,MSFT,250.03842100647458,253.13184920438837,246.55927055533073
2022-12-16,NKE,93.09621395536661,94.31476574337508,91.69449878525045
2022-12-16,VZ,23.53031390051064,23.8101442316478,23.32253114105075
2022-12-16,WMT,47.58132825900021,47.99802750009762,47.18948936341855
2022-12-19,AAPL,113.39697487034157,114.92632102646841,111.65218970387096
2022-12-19,AMGN,193.95324268031666,195.9998235357423,191.99657645442406
2022-12-19,CRM,343.3843193981378,348.6332613542717,337.58084846473645
2022-12-19,CSCO,30.066297785269843,30.381991667954438,29.744372294995216
2022-12-19,IBM,71.64755608848012,72.30341036330051,70.95877245000678
2022-12-19,INTC,37.83883312258669,38.464241964496395,37.26518335295626
2022-12-19,MSFT,250.47936813038424,253.66000094886115,247.027675122055
2022-12-19,NKE,93.31021841845468,94.56060626093252,91.91293130076514
2022-12-19,VZ,23.578748696347038,23.852312036949044,23.375806175897615
2022-12-19,WMT,47.70503351810503,48.137481210711165,47.32961439920456
2022-12-20,AAPL,113.33914136638388,114.85114665024592,111.53125270898357
2022-12-20,AMGN,194.40436605450856,196.4023949126471,192.45126520365866
2022-12-20,CRM,347.12558108929363,352.39335470412226,341.30176306437625
2022-12-20,CSCO,30.172369731498822,30.478075788972973,29.831832931306522
2022-12-20,IBM,71.82756156247173,72.46863178279153,71.11871188362933
2022-12-20,INTC,37.81113845787926,38.41015345053984,37.21436100925029
2022-12-20,MSFT,250.76640405941154,253.90617415358142,247.22011600066668
2022-12-20,NKE,93.41358874488499,94.64799739479052,91.97170702608508
2022-12-20,VZ,23.63242352467022,23.88940476299919,23.42651094164326
2022-12-20,WMT,47.79446010594161,48.22562348691126,47.41884233915788
2022-12-21,AAPL,113.36409243301266,114.84200939448614,111.62654085342254
2022-12-21,AMGN,194.88109376331488,196.8936769252591,192.80374070830652
2022-12-21,CRM,348.38645051822135,353.4974937981039,342.20534697609634
2022-12-21,CSCO,30.29706257336996,30.611326117755475,29.976154453273292
2022-12-21,IBM,72.03709754968139,72.67956992036534,71.33038324137003
2022-12-21,INTC,37.78613586608478,38.41433980539322,37.21659702315381
2022-12-21,MSFT,251.12451544093446,254.20992869291138,247.62813657709418
2022-12-21,NKE,93.65102202076481,94.86935940399837,92.24237231097047
2022-12-21,VZ,23.658967742355475,23.94321800743055,23.448624859537333
2022-12-21,WMT,47.91895883470353,48.33409616806905,47.518578762736254
2022-12-22,AAPL,113.33303838114963,114.89887209712381,111.52507989710901
2022-12-22,AMGN,195.413415724432,197.47282145829544,193.56239146350626
2022-12-22,CRM,353.5748425618868,359.16647857891104,347.9386153807601
2022-12-22,CSCO,30.411109919974592,30.724444653424797,30.066092162562416
2022-12-22,IBM,72.2401572926879,72.90418588905715,71.54389021046967
2022-12-22,INTC,37.783113716677754,38.38063059478664,37.18583914796857
2022-12-22,MSFT,251.51595892076773,254.77593649480178,248.00593379710224
2022-12-22,NKE,93.74288409903464,95.02108359215117,92.30707197545922
2022-12-22,VZ,23.734542419368022,23.983964425236437,23.5348984757685
2022-12-22,WMT,48.01228132005425,48.46526801563122,47.65856237422352
2022-12-23,AAPL,113.36800462052533,114.84547340788274,111.63782143490467
2022-12-23,AMGN,195.8994491205266,197.92630984126012,193.80586785778888
2022-12-23,CRM,354.7824384363872,359.98212452907575,348.47181373880557
2022-12-23,CSCO,30.539082141792818,30.85689820459431,30.21775522688013
2022-12-23,IBM,72.45512251942633,73.10231596993745,71.74563664419122
2022-12-23,INTC,37.759744413392106,38.390566238577016,37.19337275055085
2022-12-23,MSFT,251.88810692841597,254.9830666807471,248.3893269087109
2022-12-23,NKE,93.9947219406604,95.21773811002001,92.58535614151015
2022-12-23,VZ,23.7598609947609,24.047858672191687,23.54858915295615
2022-12-23,WMT,48.141196970759324,48.55766250723971,47.73794383497332
2022-12-27,AAPL,113.3996499149851,114.95980955152123,111.63764982984297
2022-12-27,AMGN,196.47428676757883,198.56648867868213,194.56854036448536
2022-12-27,CRM,358.89659261163905,364.522177468008,353.0407622742556
2022-12-27,CSCO,30.668395323677778,30.990821160438205,30.33411033749879
2022-12-27,IBM,72.68533584115409,73.35886127243813,71.99251579843076
2022-12-27,INTC,37.76577296402396,38.382383844764455,37.18633482177434
2022-12-27,MSFT,252.35856666926392,255.6236802071604,248.88722576092337
2022-12-27,NKE,94.17310454453653,95.45619225752924,92.75861946679089
2022-12-27,VZ,23.8245879966036,24.0905922084174,23.62353855802165
2022-12-27,WMT,48.25931726185833,48.70929561938381,47.89525203280767
2022-12-28,AAPL,113.41548578029311,114.91050222788121,111.66525875122001
2022-12-28,AMGN,196.9667955850848,199.00898992413312,194.91114288575787
2022-12-28,CRM,361.05711778612385,366.4311233493227,354.7741393562203
2022-12-28,CSCO,30.79332186923173,31.112455426674465,30.463268642277868
2022-12-28,IBM,72.8965264236037,73.55042573229333,72.18381244289257
2022-12-28,INTC,37.745018661120206,38.367405881727635,37.17143107931684
2022-12-28,MSFT,252.72633073706032,255.86324168769406,249.20703368619445
2022-12-28,NKE,94.38776446438314,95.62666598173132,92.9638144057726
2022-12-28,VZ,23.860730468825757,24.141563437149077,23.65071854641062
2022-12-28,WMT,48.37971587156139,48.805821916729144,47.984444396704106
2022-12-29,AAPL,113.34374673981068,114.84954549171027,111.52807999556735
2022-12-29,AMGN,197.40759436153076,199.42595752250548,195.4161855728993
2022-12-29,CRM,364.9619333060396,370.4769308300421,358.81957868823207
2022-12-29,CSCO,30.898605302468592,31.20989053922901,30.54784570294477
2022-12-29,IBM,73.0723726627799,73.72101450973864,72.34768731796476
2022-12-29,INTC,37.712574797767466,38.306980108735544,37.114591265212766
2022-12-29,MSFT,252.98900479629717,256.14238505411345,249.39666485446668
2022-12-29,NKE,94.47964787719275,95.72289106390147,93.01520300138165
2022-12-29,VZ,23.913883235184223,24.172376706373097,23.704644769829073
2022-12-29,WMT,48.46591439152798,48.90127818127284,48.083168220039916
2022-12-30,AAPL,113.31674895556965,114.87762340891639,111.51362820549662
2022-12-30,AMGN,197.94467989803542,200.02895282630914,196.05659248106633
2022-12-30,CRM,370.1687689102424,375.99986555804895,364.2307796742884
2022-12-30,CSCO,31.01576927823027,31.335562652111534,30.665377686714663
2022-12-30,IBM,73.27919665798733,73.95182403713285,72.5723903775389
2022-12-30,INTC,37.70857802818861,38.306876397515666,37.1142589658468
2022-12-30,MSFT,253.3830394395545,256.6582010413688,249.8482997489893
2022-12-30,NKE,94.58168441957541,95.86821543847482,93.1348856341227
2022-12-30,VZ,23.987482524025054,24.241853523979465,23.785100358741452
2022-12-30,WMT,48.56241357279772,49.0185439960338,48.20198121298052
2023-01-03,AAPL,113.37623368590674,114.92622420453155,111.63774815139725
2023-01-03,AMGN,198.53607094035684,200.65503788098025,196.57289672257752
2023-01-03,CRM,373.56848162290083,379.3685563770577,367.36167154334464
2023-01-03,CSCO,31.15345114419884,31.483603586267925,30.820900830931468
2023-01-03,IBM,73.52245855885567,74.20415101219628,72.8235554811964
2023-01-03,INTC,37.71622289251914,38.34165876724267,37.146266935128
2023-01-03,MSFT,253.88288857210603,257.15140863531,250.4102833513978
2023-01-03,NKE,94.80510046869904,96.09153033546644,93.3937123360406
2023-01-03,VZ,24.044142432547115,24.321345416951097,23.840038139055828
2023-01-03,WMT,48.6932622331818,49.14209438762366,48.31854145328986
2023-01-04,AAPL,112.76164825806508,114.84089211349591,111.27694428472643
2023-01-04,AMGN,198.62290409927928,200.35917376972836,196.7262968806339
2023-01-04,CRM,374.22998827666623,379.5786168216077,368.0614332190087
2023-01-04,CSCO,31.211611294043163,31.464109111460512,30.902258549289378
2023-01-04,IBM,73.63329804170887,74.22545149863761,72.92230785671151
2023-01-04,INTC,37.73826448319906,38.25805367661604,37.17414470231073
2023-01-04,MSFT,253.69910379992143,257.07650671191817,250.43117820674115
2023-01-04,NKE,95.47206391340708,96.65467928498165,94.23525233881817
2023-01-04,VZ,24.138037392030327,24.364205859961864,23.85678325939803
2023-01-04,WMT,48.76606489252114,49.15285613160229,48.38825526275834
2023-01-05,AAPL,111.94680333518461,114.15277390879754,110.49228485896991
2023-01-05,AMGN,198.6333895434845,200.29850504599693,196.70592757973802
2023-01-05,CRM,375.06515004410534,380.4026630604673,368.895730644967
2023-01-05,CSCO,31.270330971963777,31.511075091437704,30.952087759704124
2023-01-05,IBM,73.74208084408347,74.30759932788509,73.03056521328085
2023-01-05,INTC,37.77056679869625,38.28375972510976,37.20388216827451
2023-01-05,MSFT,253.4590762733149,256.9573107790381,250.21321394814322
2023-01-05,NKE,96.15834485439989,97.30890496624299,94.91018593681748
2023-01-05,VZ,24.24605357557467,24.463379033319676,23.953545775699283
2023-01-05,WMT,48.85806017855801,49.22398587159981,48.468328374055346
2023-01-06,AAPL,111.36635141534674,113.42951592359094,109.90734371168136
2023-01-06,AMGN,198.74266966572924,200.49459066771095,196.85939041769393
2023-01-06,CRM,375.7929402695061,381.19684849974226,369.63320050206664
2023-01-06,CSCO,31.332346021164398,31.58847557694373,31.02430083008956
2023-01-06,IBM,73.86256808628858,74.46171476091465,73.15412884903975
2023-01-06,INTC,37.7989913949495,38.32323030114113,37.236786668781
2023-01-06,MSFT,253.3126116580055,256.70203237969207,250.0682896546852
2023-01-06,NKE,96.84729476286813,98.05607248177192,95.59940194440412
2023-01-06,VZ,24.342571170702286,24.572362348430858,24.060615174953618
2023-01-06,WMT,48.93540121177104,49.326881849108844,48.55924285664964
2023-01-09,AAPL,110.6310031191307,112.64194473847043,109.12390255500061
2023-01-09,AMGN,198.6752267405606,200.314944523357,196.68799413167227
2023-01-09,CRM,376.0717819202733,381.21459061445915,369.6566964657061
2023-01-09,CSCO,31.36518110497803,31.603033178334798,31.038893919475875
2023-01-09,IBM,73.91552914208995,74.47614945749517,73.17198697466054
2023-01-09,INTC,37.78185648162779,38.27971104648223,37.19722229999599
2023-01-09,MSFT,252.89774211990212,256.15939045047355,249.52462573955825
2023-01-09,NKE,97.44043977348807,98.5923037438706,96.13040962506753
2023-01-09,VZ,24.42648006696059,24.645545950247925,24.132279086021057
2023-01-09,WMT,48.979631273165744,49.347125767277696,48.579955054364774
2023-01-10,AAPL,109.92626076701717,112.00264648423381,108.4784090599716
2023-01-10,AMGN,198.70688535873123,200.3997741049501,196.7796781767363
2023-01-10,CRM,376.7289919978722,382.06661523359014,370.4817055674951
2023-01-10,CSCO,31.419776875279677,31.665982278551247,31.102039301863744
2023-01-10,IBM,74.01458893320711,74.59332973850786,73.29424746776473
2023-01-10,INTC,37.800215949775975,38.31365731817973,37.23114399054794
2023-01-10,MSFT,252.6471033191837,256.0420796181112,249.37743786097772
2023-01-10,NKE,98.11751787364685,99.30565888841403,96.83770212603505
2023-01-10,VZ,24.525516809416445,24.749438749964828,24.233857169566402
2023-01-10,WMT,49.05577263558922,49.4328062685398,48.667962134381085
2023-01-11,AAPL,109.40041761905799,111.23432278606732,107.88092001188949
2023-01-11,AMGN,198.69713222601658,200.39886184356763,196.73093495822044
2023-01-11,CRM,376.76760545653883,381.9061421451747,370.29709808390965
2023-01-11,CSCO,31.44788061805379,31.697626109472264,31.12774619142705
2023-01-11,IBM,74.0621368383618,74.64847236936768,73.3124794325809
2023-01-11,INTC,37.766609827891536,38.26886951816672,37.18114852924199
2023-01-11,MSFT,252.26304321259474,255.3645827619466,248.86219844703328
2023-01-11,NKE,98.68702681532142,99.89149243587966,97.35487067940218
2023-01-11,VZ,24.592967718967394,24.823116848349855,24.306539053261524
2023-01-11,WMT,49.07429752010748,49.462771150904224,48.68278450389074
2023-01-12,AAPL,108.60046381417185,110.81648173143398,107.22584471506838
2023-01-12,AMGN,198.76459265869275,200.45701786386664,196.87225822786132
2023-01-12,CRM,377.8918016130552,383.39382344312764,371.79951117222123
2023-01-12,CSCO,31.52203638237477,31.76835537833037,31.20621766022545
2023-01-12,IBM,74.20250549402967,74.77960131300193,73.50306612750285
2023-01-12,INTC,37.824536547935594,38.3478345230427,37.26759752559039
2023-01-12,MSFT,252.12673131190954,255.7192293202647,248.9684595904028
2023-01-12,NKE,99.45439326360373,100.65780881448099,98.19036858090516
2023-01-12,VZ,24.715454412426386,24.938285295196955,24.41840562155523
2023-01-12,WMT,49.191673203595684,49.56325563318116,48.80624721397852
2023-01-13,AAPL,108.18366475651992,109.91760430491252,106.66607351778578
2023-01-13,AMGN,198.78631888953413,200.52217164255012,196.82774244495945
2023-01-13,CRM,377.788849181854,382.93504844602285,371.27045620821167
2023-01-13,CSCO,31.54778947007316,31.80388509723333,31.229913708431873
2023-01-13,IBM,74.24532235178462,74.84640939715734,73.49035543732936
2023-01-13,INTC,37.780830662611294,38.28502404686095,37.19467860024741
2023-01-13,MSFT,251.75192731255527,254.76773710908572,248.33495210404035
2023-01-13,NKE,100.01520084901439,101.25466317000121,98.66246412549222
2023-01-13,VZ,24.77440344679667,25.011126655821936,24.49084778805054
2023-01-13,WMT,49.19673031514027,49.597122269148144,48.809090257509084
2023-01-17,AAPL,107.22941196380766,109.42364874774046,105.82853926333524
2023-01-17,AMGN,198.68512560324135,200.2659582064526,196.70128480851906
2023-01-17,CRM,378.59049056624485,383.8683426423796,372.2844594865336
2023-01-17,CSCO,31.59695995763309,31.82594241423455,31.26379694823996
2023-01-17,IBM,74.33006256596194,74.8686806170386,73.6012189537398
2023-01-17,INTC,37.804175828077426,38.30425888959374,37.22757682587674
2023-01-17,MSFT,251.3855635115367,254.89458311339635,248.13257206887306
2023-01-17,NKE,100.70717068958568,101.86227202992018,99.37829589128458
2023-01-17,VZ,24.890058359874907,25.10275805043323,24.579388701787064
2023-01-17,WMT,49.29040197456554,49.637238834131594,48.88173444554099
2023-01-18,AAPL,106.68046438178489,108.51102083512389,105.20901866032665
2023-01-18,AMGN,198.67217943403162,200.36580117755813,196.7060058238638
2023-01-18,CRM,378.7091731410596,383.89325390730585,372.22745303963364
2023-01-18,CSCO,31.628138372294302,31.87755315313122,31.30534679856481
2023-01-18,IBM,74.38227260198185,74.96770490011606,73.63208983965036
2023-01-18,INTC,37.776651530674236,38.27915405279465,37.19262799289038
2023-01-18,MSFT,251.00862152070883,254.13993416595028,247.63950015871134
2023-01-18,NKE,101.30571500794547,102.53620793282091,99.94288145265901
2023-01-18,VZ,24.963665659803386,25.195604005864233,24.671190345046348
2023-01-18,WMT,49.317422499812494,49.70458712794966,48.92322258206697
2023-01-19,AAPL,106.16286113712732,108.10345041186687,104.76904544221414
2023-01-19,AMGN,198.79890342596036,200.56680258734715,196.91840246369156
2023-01-19,CRM,379.39480108916916,384.85823258609395,373.1659628958012
2023-01-19,CSCO,31.69112272971489,31.9521979406697,31.380761705013157
2023-01-19,IBM,74.50229227239527,75.11263632999493,73.78659058221824
2023-01-19,INTC,37.801634980263366,38.326602032984034,37.24007662984696
2023-01-19,MSFT,250.86733348087068,254.20108105760474,247.64660114983823
2023-01-19,NKE,102.02968193614291,103.31006668298602,100.7162066127836
2023-01-19,VZ,25.06036952797562,25.29869592879151,24.77189660220153
2023-01-19,WMT,49.39207238999313,49.7918596278177,49.01492609851605
2023-01-20,AAPL,105.73921924326882,107.65174999728362,104.36884193855978
2023-01-20,AMGN,199.01296055907022,200.84246429676546,197.17324786286324
2023-01-20,CRM,380.194830597224,385.7818213219682,374.0363167935914
2023-01-20,CSCO,31.765961241680394,32.036811476748625,31.462960137115466
2023-01-20,IBM,74.6463517782209,75.27945425901781,73.941062618649
2023-01-20,INTC,37.8397505993716,38.37579895006325,37.287160327165346
2023-01-20,MSFT,250.8296471024765,254.18174532178824,247.65040041959512
2023-01-20,NKE,102.7975956702764,104.12037698794053,101.49776853122344
2023-01-20,VZ,25.15933240728407,25.4048677811085,24.87592754494543
2023-01-20,WMT,49.47575405876927,49.89057671714587,49.10973455278924
2023-01-23,AAPL,105.20989759066077,106.95918963621979,103.73556163259674
2023-01-23,AMGN,198.9687020373884,200.6523178114966,196.97633747060442
2023-01-23,CRM,380.1134874725013,385.2399744523429,373.5234545955422
2023-01-23,CSCO,31.787811577654878,32.03648473177095,31.460340869766107
2023-01-23,IBM,74.67787676319661,75.26207291275948,73.91349849013031
2023-01-23,INTC,37.79447289163085,38.29120097116971,37.20370395987351
2023-01-23,MSFT,250.38733488398742,253.43287052487327,246.97857239064265
2023-01-23,NKE,103.36985112102249,104.61767174794477,101.96191195331
2023-01-23,VZ,25.22483182419428,25.45866962396739,24.928892550558107
2023-01-23,WMT,49.486028592138155,49.873671814541524,49.08672600257156
2023-01-24,AAPL,104.45232663262348,106.47954796701497,103.07844103556702
2023-01-24,AMGN,198.95096199885486,200.60565333137427,196.99989450717405
2023-01-24,CRM,380.81290722881926,386.1709535930989,374.4819118693187
2023-01-24,CSCO,31.840248528612896,32.08311636708669,31.51327007969631
2023-01-24,IBM,74.77124458895939,75.3406186023472,74.04081042656975
2023-01-24,INTC,37.81328342432473,38.32179537749694,37.24080177940317
2023-01-24,MSFT,250.09389904157516,253.49385586281676,246.8538782427021
2023-01-24,NKE,104.0835508249009,105.32034242726273,102.71878215730358
2023-01-24,VZ,25.331806123148695,25.557946341085625,25.02538265988018
2023-01-24,WMT,49.56756552530292,49.937248802225795,49.168677814188676
2023-01-25,AAPL,104.07432169947627,105.85651760304856,102.6795897568957
2023-01-25,AMGN,199.10146307601983,200.9067866513071,197.22099469875303
2023-01-25,CRM,381.25088299692607,386.69743787473686,374.9235914126853
2023-01-25,CSCO,31.896202378004713,32.16542172224959,31.587002793866315
2023-01-25,IBM,74.87849508211046,75.50652634986304,74.15089333901497
2023-01-25,INTC,37.819353868441596,38.344739963475725,37.25393350485265
2023-01-25,MSFT,249.94131586316334,253.12991849413527,246.68690063321174
2023-01-25,NKE,104.788080834755,106.1254249566157,103.42750038944494
2023-01-25,VZ,25.414435770125767,25.662294358060905,25.128234589874666
2023-01-25,WMT,49.61805103944867,50.03264351847764,49.243372575614735
2023-01-26,AAPL,103.39301779558414,105.41146767289638,102.05867955663119
2023-01-26,AMGN,199.17024094447757,200.881492803471,197.26519759635198
2023-01-26,CRM,382.15427895275064,387.6614525175712,375.9161471712642
2023-01-26,CSCO,31.96318548072852,32.2157579377285,31.643381639038928
2023-01-26,IBM,75.00328384210158,75.5937832861162,74.28647717561363
2023-01-26,INTC,37.85856042037084,38.37970768816033,37.29639093882751
2023-01-26,MSFT,249.7696605022214,253.2197078014713,246.59338564287643
2023-01-26,NKE,105.56373294110797,106.85041965002752,104.20806444454696
2023-01-26,VZ,25.52830584546177,25.761792377525744,25.224979427729544
2023-01-26,WMT,49.71556123274621,50.09844438306633,49.32697079320269
2023-01-27,AAPL,102.95353078902797,104.7489447786613,101.57379443030553
2023-01-27,AMGN,199.28298186635433,201.05954581883933,197.3831078312687
2023-01-27,CRM,382.6035048119888,388.03772856924996,376.2354587502797
2023-01-27,CSCO,32.016704140472854,32.28179005926417,31.70237115704382
2023-01-27,IBM,75.10430563413702,75.72270505430373,74.37163209908692
2023-01-27,INTC,37.863578771867495,38.38534126322122,37.294799329911676
2023-01-27,MSFT,249.57889682895237,252.7853571578322,246.3230239275463
2023-01-27,NKE,106.27257029234104,107.61021224089889,104.88643092176616
2023-01-27,VZ,25.614320921983364,25.86015965353254,25.3218796445774
2023-01-27,WMT,49.768451977999476,50.17583723647564,49.387256576183134
2023-01-30,AAPL,102.21573151473922,104.10162387049326,100.82148286994845
2023-01-30,AMGN,199.17778599470273,200.79275948810093,197.16605901786568
2023-01-30,CRM,382.87484107762225,388.07487180485595,376.31668757302367
2023-01-30,CSCO,32.04700610499194,32.28494615719383,31.709515671258224
2023-01-30,IBM,75.14951107119394,75.70865710002596,74.38953736526011
2023-01-30,INTC,37.843443857520306,38.33739267952863,37.254819055533446
2023-01-30,MSFT,249.12614947212958,252.35478706779605,245.7921346310546
2023-01-30,NKE,106.91486467611476,108.16014539217258,105.47010180365801
2023-01-30,VZ,25.704570662764443,25.93131793450387,25.391196079266084
2023-01-30,WMT,49.81426831337475,50.18027211545069,49.402504254036266
2023-01-31,AAPL,101.79276134315401,103.57557515108377,100.43656984676527
2023-01-31,AMGN,199.31326743851108,201.103656516428,197.42469908654905
2023-01-31,CRM,383.38318841849866,388.86587272813443,377.0326569765673
2023-01-31,CSCO,32.10490240726001,32.372615520881524,31.791643093348355
2023-01-31,IBM,75.2588045475831,75.88319474214833,74.52879141980787
2023-01-31,INTC,37.85408622997834,38.3786282080497,37.28859469262722
2023-01-31,MSFT,248.9656362368584,252.18438888179253,245.73379180640416
2023-01-31,NKE,107.64889276254908,109.0110124444349,106.25320608066443
2023-01-31,VZ,25.793498003250686,26.042193895962583,25.500113236165948
2023-01-31,WMT,49.87256830892007,50.28359864768545,49.49354978996865
2023-02-01,AAPL,101.34998986919983,103.16884809554855,100.0161019413586
2023-02-01,AMGN,199.46540377920144,201.2610389362015,197.5892234541617
2023-02-01,CRM,384.0407765861296,389.58462832671694,377.7381172385155
2023-02-01,CSCO,32.169519904668505,32.43828942535983,31.85715814977933
2023-02-01,IBM,75.38244180128608,76.00844446831786,74.65896425293987
2023-02-01,INTC,37.877441168122026,38.405941839854115,37.315922231206464
2023-02-01,MSFT,248.84626226508726,252.12380565785784,245.64960193562717
2023-02-01,NKE,108.41679346020707,109.79102500197118,107.02346775492464
2023-02-01,VZ,25.889850848787745,26.139107454283693,25.594902787275906
2023-02-01,WMT,49.94376019701236,50.35445300720292,49.56605395272595
2023-02-02,AAPL,100.67748450863527,102.57776726579506,99.34004830510382
2023-02-02,AMGN,199.45724307925204,201.1315713926187,197.50111797444697
2023-02-02,CRM,384.62257769101154,390.0113962210775,378.1925342362907
2023-02-02,CSCO,32.218821107677215,32.46738539773564,31.889206753152187
2023-02-02,IBM,75.46940757357004,76.05069586325764,74.72774419667466
2023-02-02,INTC,37.886782601385,38.395999567467875,37.311318111082116
2023-02-02,MSFT,248.54544598913816,251.86222468473824,245.30244707484687
2023-02-02,NKE,109.1452886015676,110.45219408453323,107.70800213411376
2023-02-02,VZ,25.992202936494945,26.227048113640343,25.680694631995916
2023-02-02,WMT,50.01427152049586,50.393251203082976,49.613578934837214
2023-02-03,AAPL,101.2475574696824,102.39475739081368,99.6888569515257
2023-02-03,AMGN,198.81139513160878,200.71404896043114,196.33112875243876
2023-02-03,CRM,387.2127772973996,392.9905638717103,380.2285263439206
2023-02-03,CSCO,32.30672636176547,32.558307507083214,31.938463603361853
2023-02-03,IBM,75.4254518313481,76.06652972695808,74.74067710574805
2023-02-03,INTC,38.08278413107134,38.49431372519686,37.22084857811181
2023-02-03,MSFT,250.8309702699794,253.21375819579137,246.7920499667387
2023-02-03,NKE,109.56627527595428,110.81693092547616,108.11223849709693
2023-02-03,VZ,26.05683236217132,26.272372442878563,25.733892968030666
2023-02-03,WMT,50.02707941792258,50.441298447420934,49.597346865265166
2023-02-06,AAPL,101.95457464184715,103.05241790112717,100.36208860779384
2023-02-06,AMGN,198.16939730176816,199.9539897546145,195.3985529211409
2023-02-06,CRM,389.90391574165443,395.8391408984263,382.97326282079604
2023-02-06,CSCO,32.40856529580157,32.65289773511494,32.022908133188515
2023-02-06,IBM,75.40543864094555,76.01645195329962,74.70553389061061
2023-02-06,INTC,38.33247550200807,38.72815137251272,37.41603445314289
2023-02-06,MSFT,253.550358727595,255.81415276061736,249.29478308572766
2023-02-06,NKE,109.92493504085633,111.19934807074227,108.47462103692548
2023-02-06,VZ,26.119205250499224,26.325638627722924,25.790038045312947
2023-02-06,WMT,50.01342208682219,50.42394629492605,49.588697666644606
2023-02-07,AAPL,102.54896257058653,103.72077375086859,100.97827868017292
2023-02-07,AMGN,197.54876106863856,199.45826697569169,195.11938575298288
2023-02-07,CRM,392.60030596668287,398.49208026825187,385.55521494504205
2023-02-07,CSCO,32.5007336342549,32.756496651372586,32.13330187462955
2023-02-07,IBM,75.37064971283442,76.01683045535951,74.69190011985656
2023-02-07,INTC,38.53797175676452,38.958681766362695,37.67133734385844
2023-02-07,MSFT,255.92409997839567,258.3797113968865,251.8303680171395
2023-02-07,NKE,110.36617037548359,111.6348832606305,108.90933652649619
2023-02-07,VZ,26.18638138308977,26.404842519190257,25.86346158606074
2023-02-07,WMT,50.03198793353726,50.449067881341264,49.60493429517962
2023-02-08,AAPL,103.05647525774293,104.16368836873393,101.41666141733161
2023-02-08,AMGN,196.7683612435953,198.54894690908088,194.1990868345267
2023-02-08,CRM,394.8230499721682,400.4948218760732,387.4905005473714
2023-02-08,CSCO,32.565065339922285,32.802851232840844,32.176887793530184
2023-02-08,IBM,75.27204180793846,75.87722975237973,74.55594074735768
2023-02-08,INTC,38.70516755351742,39.09881187246925,37.80337659840853
2023-02-08,MSFT,258.1300746182238,260.4326326970876,253.829043685967
2023-02-08,NKE,110.67960678868043,111.89067977929665,109.1585731119392
2023-02-08,VZ,26.236551802849963,26.443207379876515,25.901823807090118
2023-02-08,WMT,50.00813559442756,50.40337651006115,49.56052357044555
2023-02-09,AAPL,103.675673714167,104.81676981869,102.06121082697969
2023-02-09,AMGN,196.10826144598386,197.9203383269318,193.52041485962096
2023-02-09,CRM,397.42816380552057,403.3682505456875,390.2565536719287
2023-02-09,CSCO,32.655244916291636,32.90310594842556,32.273065517388375
2023-02-09,IBM,75.22689967136041,75.84852811428232,74.53122196630042
2023-02-09,INTC,38.91876363704033,39.32681937750027,38.01367829297012
2023-02-09,MSFT,260.63129716880957,263.02212643222487,256.3343464216848
2023-02-09,NKE,111.06166002763158,112.32635901378183,109.5822873656552
2023-02-09,VZ,26.29827381156648,26.50985750084982,25.968218280556833
2023-02-09,WMT,50.004170160013054,50.41357772747793,49.57351330496075
2023-02-10,AAPL,104.03221149913817,105.20410359916336,102.39363168951776
2023-02-10,AMGN,195.30865338251732,197.18322981678463,193.06703110966492
2023-02-10,CRM,399.52889670829404,405.10065608744935,391.96725838594733
2023-02-10,CSCO,32.7007708213133,32.94630013671947,32.32662897811124
2023-02-10,IBM,75.09485413798701,75.72559363906295,74.3927508506703
2023-02-10,INTC,39.02558659054017,39.439835523782925,38.16675720230857
2023-02-10,MSFT,262.3990315857309,264.8791474111835,258.2032975055006
2023-02-10,NKE,111.42953388562475,112.62023517328934,109.88016139175731
2023-02-10,VZ,26.34886654753779,26.565639928952805,26.01743841036983
2023-02-10,WMT,50.0033117181403,50.39934704804929,49.547438124188545
2023-02-13,AAPL,104.85687700060798,105.99701741686394,103.24041350686754
2023-02-13,AMGN,194.75888060858054,196.52319081400472,191.9834335584239
2023-02-13,CRM,402.57522800742987,408.8833482569696,395.58054943061603
2023-02-13,CSCO,32.82381293664638,33.07660686028924,32.435814533438
2023-02-13,IBM,75.11510785430787,75.73131197631848,74.42941178183558
2023-02-13,INTC,39.32189176048343,39.733590848806436,38.37676069033651
2023-02-13,MSFT,265.50852236232913,267.90502689849046,261.05962916435595
2023-02-13,NKE,111.83246112424293,113.16610832583189,110.39097480274144
2023-02-13,VZ,26.41956311969958,26.630080400422443,26.089590307768237
2023-02-13,WMT,49.9997712379937,50.419507520909626,49.587600530680604
2023-02-14,AAPL,105.12943927504993,106.34293883830654,103.48257467875435
2023-02-14,AMGN,193.95183019245906,195.86702640035006,191.88957104451055
2023-02-14,CRM,404.6064490285749,410.15949320702947,396.8640476828306
2023-02-14,CSCO,32.85944418547305,33.10922335722387,32.49132559180164
2023-02-14,IBM,74.963997958709,75.6080140915477,74.26852392723082
2023-02-14,INTC,39.394857277633996,39.82150929421494,38.55545312227941
2023-02-14,MSFT,267.0417229867436,269.6415553081547,262.8630652299358
2023-02-14,NKE,112.23099505780722,113.41292379272467,110.66088116210399
2023-02-14,VZ,26.47049653022642,26.692878534849754,26.139739688521583
2023-02-14,WMT,50.011158054807055,50.407696090469116,49.55082639443586
2023-02-15,AAPL,105.92812085353464,107.00614791271038,104.23639920843922
2023-02-15,AMGN,193.27131191307402,194.90315144967587,190.35126014529993
2023-02-15,CRM,407.3042538316779,413.49404775694427,400.0484447207642
2023-02-15,CSCO,32.96231766392634,33.199261956273006,32.55283065115439
2023-02-15,IBM,74.93813407295615,75.51272404926428,74.21993858124588
2023-02-15,INTC,39.6770380548831,40.064408188479376,38.68692636114687
2023-02-15,MSFT,270.1763008608325,272.4282915124059,265.4661762275494
2023-02-15,NKE,112.51085655799464,113.80745153040549,111.01086009566389
2023-02-15,VZ,26.52623432949929,26.72554750938851,26.18457646778057
2023-02-15,WMT,49.96599031930187,50.366292532719264,49.537649547052524
2023-02-16,AAPL,106.33686731900596,107.52616631598379,104.66159540685244
2023-02-16,AMGN,192.49847256233974,194.32746732889902,190.2348082334386
2023-02-16,CRM,409.5173045593379,415.28611240906,401.81372081854516
2023-02-16,CSCO,33.01470056838418,33.26183838680935,32.634272246159824
2023-02-16,IBM,74.81785746938124,75.4423593009764,74.11718395985852
2023-02-16,INTC,39.80362289404699,40.22337897553416,38.918510144390794
2023-02-16,MSFT,272.14484002497767,274.69444357808106,267.7603065202811
2023-02-16,NKE,112.87866140708707,114.09472608421642,111.31715628548363
2023-02-16,VZ,26.578223436315803,26.795310629313466,26.243308563842895
2023-02-16,WMT,49.9622225455236,50.358988710417364,49.50996249095214
2023-02-17,AAPL,106.92364413827194,108.15803975239994,105.29120796443517
2023-02-17,AMGN,191.89667987885696,193.7701018925814,189.5925774445266
2023-02-17,CRM,412.31420128461,418.47947611111437,404.88456920615414
2023-02-17,CSCO,33.106060176984265,33.367670447512594,32.734548379583444
2023-02-17,IBM,74.77719419563066,75.42452203434719,74.10568322533284
2023-02-17,INTC,40.003886665707824,40.44360845572994,39.1149273986852
2023-02-17,MSFT,274.5901824912474,277.2577252434508,270.2306451558733
2023-02-17,NKE,113.3458675125841,114.64260178503432,111.84844592103543
2023-02-17,VZ,26.647198450797156,26.871127587231893,26.319372850073428
2023-02-17,WMT,49.98636981012884,50.40394412518621,49.558900855968304
2023-02-21,AAPL,107.50527461385882,108.78732348413604,105.89377495017617
2023-02-21,AMGN,191.35706107607677,193.28734242314846,189.16261473505895
2023-02-21,CRM,415.27843010232436,421.5619801186432,407.8544535137837
2023-02-21,CSCO,33.20547185138095,33.4759072371945,32.843175931258216
2023-02-21,IBM,74.7526881112823,75.42140411844319,74.09728389035392
2023-02-21,INTC,40.20329475862408,40.659341282274035,39.33258465558102
2023-02-21,MSFT,276.99631217746634,279.7923026479974,272.69961598642686
2023-02-21,NKE,113.88043993253154,115.19906000228524,112.39773292234084
2023-02-21,VZ,26.72360612655854,26.95441835739958,26.399832208369144
2023-02-21,WMT,50.03247134128767,50.45953381506272,49.611488081937026
2023-02-22,AAPL,107.8435677055186,109.04564542511692,106.13204240295913
2023-02-22,AMGN,190.5419825364536,192.34903707079698,188.3413770479247
2023-02-22,CRM,417.3412192485765,423.09519194025575,409.37222214907587
2023-02-22,CSCO,33.24463978865929,33.49015291356226,32.86034618630986
2023-02-22,IBM,74.60507873717107,75.2246144700826,73.89922867462231
2023-02-22,INTC,40.30035066325558,40.72199858640026,39.40968054499132
2023-02-22,MSFT,278.7988037759246,281.4016508603631,274.3078396928202
2023-02-22,NKE,114.23172478095933,115.43575054255133,112.62912416622738
2023-02-22,VZ,26.77125022182221,26.989079515230475,26.432067307849778
2023-02-22,WMT,50.02371751039513,50.41529605400179,49.56277580480378
2023-02-23,AAPL,108.54645368765368,109.70938903878404,106.83983746418406
2023-02-23,AMGN,189.88791075017534,191.59013919926034,187.2628409700738
2023-02-23,CRM,420.0906766565867,426.3953023450186,412.53530037356524
2023-02-23,CSCO,33.33972002919094,33.587877670083046,32.94116316794336
2023-02-23,IBM,74.56486571857769,75.16522183248813,73.86607781459351
2023-02-23,INTC,40.54384861294092,40.95856972245752,39.57775952122265
2023-02-23,MSFT,281.68715318912604,284.1880122980879,276.9514220812078
2023-02-23,NKE,114.58578483713997,115.89412305476569,113.05695779746073
2023-02-23,VZ,26.83147745745926,27.04236456517586,26.491527934402924
2023-02-23,WMT,50.00488899247727,50.41069371709919,49.57419060012824
2023-02-24,AAPL,109.003078498895,110.29651928252383,107.34453941771967
2023-02-24,AMGN,189.2560718690637,191.16920762385044,187.19736791382837
2023-02-24,CRM,422.7651632143342,428.91391101962705,414.99379909381435
2023-02-24,CSCO,33.41309055035932,33.679984960821784,33.04787973022348
2023-02-24,IBM,74.48988973707581,75.15067084826917,73.82544877018867
2023-02-24,INTC,40.691232548172366,41.1485826378926,39.82382681022199
2023-02-24,MSFT,283.7808794868894,286.63154432018325,279.3990258560247
2023-02-24,NKE,115.08562873989644,116.37053750334766,113.5428616168735
2023-02-24,VZ,26.89908354285222,27.130815575806135,26.570402916294192
2023-02-24,WMT,50.041726243083566,50.45771744582438,49.60468963070492
2023-02-27,AAPL,109.74955847489994,110.96164620732239,108.05546400909732
2023-02-27,AMGN,188.68015485713687,190.42496760802754,186.13435471957544
2023-02-27,CRM,425.78489382799734,432.30188872406416,418.24311892793503
2023-02-27,CSCO,33.52205195704647,33.78023890188732,33.13077188269122
2023-02-27,IBM,74.47777673296302,75.09664830389734,73.79703045052855
2023-02-27,INTC,40.95306917161287,41.38597261682237,39.993012915205924
2023-02-27,MSFT,286.79090271478003,289.43069396270704,282.056997204059
2023-02-27,NKE,115.50750395122544,116.85434796904649,113.9959997795895
2023-02-27,VZ,26.968027999721762,27.185753812186373,26.631599109277737
2023-02-27,WMT,50.04339415621027,50.45986814549983,49.62213722388024
2023-02-28,AAPL,110.2424704260563,111.5260631199305,108.55189554000378
2023-02-28,AMGN,188.03801434556735,189.89870157022028,185.90009492574492
2023-02-28,CRM,428.4740912045524,434.7153626919161,420.6053424984323
2023-02-28,CSCO,33.59700007975728,33.861334209753444,33.223219155941464
2023-02-28,IBM,74.403728140516,75.05170402356661,73.73246837408017
2023-02-28,INTC,41.11379007791096,41.567585932742105,40.21944946805421
2023-02-28,MSFT,289.03325805315444,291.8718366282593,284.49779333938085
2023-02-28,NKE,115.97960568929396,117.27460588765688,114.42133537909599
2023-02-28,VZ,27.033592766320357,27.262569537476896,26.700664138246545
2023-02-28,WMT,50.06880857437658,50.48195667435128,49.63091217106643
2023-03-01,AAPL,110.81089511474018,111.97861402301275,109.03437536586848
2023-03-01,AMGN,187.27791217161246,188.93501235483495,184.757423797106
2023-03-01,CRM,430.856946560361,437.0453001862221,422.8492673065443
2023-03-01,CSCO,33.663543715424595,33.905137658200545,33.255983870586846
2023-03-01,IBM,74.30447025840597,74.89063451853833,73.58956971763152
2023-03-01,INTC,41.30055803984099,41.712351990078915,40.32311052465327
2023-03-01,MSFT,291.61283276014876,294.1538166061552,286.6862328161195
2023-03-01,NKE,116.27780999559639,117.54728011725327,114.67470793953163
2023-03-01,VZ,27.08276629407703,27.292317932781707,26.734559814195748
2023-03-01,WMT,50.03401638546975,50.426141301065805,49.5849397136746
2023-03-02,AAPL,111.32297869385188,112.62796492717086,109.62448756429805
2023-03-02,AMGN,186.6624702967496,188.5202518062825,184.54697151861134
2023-03-02,CRM,433.64471815174346,440.0045818160788,425.71606504718926
2023-03-02,CSCO,33.74334500853057,34.01089321375747,33.36993273213183
2023-03-02,IBM,74.23911323976617,74.8903591461815,73.5734400631721
2023-03-02,INTC,41.46878128834037,41.929625770280985,40.56969190520221
2023-03-02,MSFT,293.92672666929445,296.8362112053298,289.3319700753396
2023-03-02,NKE,116.77032585163434,118.08235037910018,115.21069881714796
2023-03-02,VZ,27.15105466518089,27.38225419586838,26.817907441346673
2023-03-02,WMT,50.0646250255579,50.480707489557936,49.62985926342608
2023-03-03,AAPL,111.89981293933931,113.21012832920314,110.19975777191952
2023-03-03,AMGN,186.0824898572902,187.92924192700625,183.92287980518427
2023-03-03,CRM,436.5937404934726,443.0943349455574,428.7021827198256
2023-03-03,CSCO,33.83366840100273,34.10367566498905,33.45890392469714
2023-03-03,IBM,74.19401654741976,74.84503716294302,73.5325685353363
2023-03-03,INTC,41.66291761459431,42.126869197804176,40.75165084240067
2023-03-03,MSFT,296.44175468596546,299.371090815149,291.79250351247504
2023-03-03,NKE,117.27517924460663,118.6127256398856,115.7250975225148
2023-03-03,VZ,27.222644204780977,27.45432614609576,26.889500420916026
2023-03-03,WMT,50.096885935330036,50.51689673746079,49.66771146079853
2023-03-06,AAPL,112.56061024944356,113.78323691830018,110.79329713806305
2023-03-06,AMGN,185.42553264013068,187.11689474678877,182.96164471547047
2023-03-06,CRM,439.36968307248276,445.878840648867,431.3903024187888
2023-03-06,CSCO,33.9213803047568,34.17503281254712,33.52032378561463
2023-03-06,IBM,74.13746542482127,74.74166161885323,73.44439173218711
2023-03-06,INTC,41.88742059280346,42.3204482467665,40.9072262076465
2023-03-06,MSFT,299.2992173019857,302.00212106974703,294.3270160730253
2023-03-06,NKE,117.65027990765327,118.97779062929844,116.06961162411369
2023-03-06,VZ,27.282839867950504,27.4998651022696,26.93812133203844
2023-03-06,WMT,50.08379022575154,50.48917603409443,49.64807321315593
2023-03-07,AAPL,112.8673174022706,114.14443321873203,111.65788329899918
2023-03-07,AMGN,185.0281850610369,186.58635467270054,183.5841844535109
2023-03-07,CRM,441.67473538274027,448.58038507548906,436.0463327056135
2023-03-07,CSCO,33.931729455037015,34.21886185483427,33.66389000802049
2023-03-07,IBM,74.03173088932041,74.57950060269124,73.52596110001619
2023-03-07,INTC,41.773430444765474,42.42878329145686,41.2058479219554
2023-03-07,MSFT,299.4457083132023,302.6692686356231,296.4929533971884
2023-03-07,NKE,117.64054161466817,118.79546124331526,116.44005971029512
2023-03-07,VZ,27.245818063933307,27.48082893115748,27.009038298627917
2023-03-07,WMT,49.9975499111017,50.35696443467632,49.57972259286768
2023-03-08,AAPL,113.23726072307818,114.53093050618003,112.05675835305398
2023-03-08,AMGN,184.63036404412102,186.10976203979342,183.1849452270811
2023-03-08,CRM,443.4552205697962,450.5989669458491,438.0017655815605
2023-03-08,CSCO,33.93950594059511,34.22217928072666,33.67511144948875
2023-03-08,IBM,73.93318260197698,74.46476194778805,73.42914594325305
2023-03-08,INTC,41.622811712044275,42.28147037320594,41.075132611382564
2023-03-08,MSFT,299.6143692225598,302.83094601122957,296.72132446271144
2023-03-08,NKE,117.5677126739707,118.73867912382681,116.40293929760023
2023-03-08,VZ,27.20311526073791,27.440872977171185,26.972719285836178
2023-03-08,WMT,49.90733545947998,50.24977413732862,49.49517822081723
2023-03-09,AAPL,113.56272671447677,114.85587730101449,112.35345559176696
2023-03-09,AMGN,184.25401914174762,185.82149402521114,182.82912466961997
2023-03-09,CRM,445.8812414453601,452.8900246315066,440.2399757977835
2023-03-09,CSCO,33.95396773231238,34.24389357571592,33.68840288370218
2023-03-09,IBM,73.8370724869708,74.38816448628522,73.3375086866199
2023-03-09,INTC,41.518043676778646,42.17315731768159,40.956895325298674
2023-03-09,MSFT,299.8036907800118,303.0531241593626,296.8695968087032
2023-03-09,NKE,117.57567397063798,118.73843943817107,116.38375306501649
2023-03-09,VZ,27.16855114540641,27.404372130974497,26.933869463624927
2023-03-09,WMT,49.826254392585895,50.187622780986835,49.412512161739514
2023-03-10,AAPL,113.77460965420191,115.00633709735926,112.5058228576206
2023-03-10,AMGN,183.7270283793518,185.1821406256494,182.21347543261223
2023-03-10,CRM,447.6489568407577,454.4124629404139,441.71812516651556
2023-03-10,CSCO,33.93611203412931,34.20735003057047,33.653480769845636
2023-03-10,IBM,73.67512024325252,74.18827886372809,73.14210207219122
2023-03-10,INTC,41.354917649555766,41.98113937129102,40.774697219396565
2023-03-10,MSFT,299.69043232233514,302.7656132796563,296.6046825875537
2023-03-10,NKE,117.44739493752749,118.5449814300537,116.19765002497772
2023-03-10,VZ,27.115738177838665,27.34083838281804,26.872026403862105
2023-03-10,WMT,49.70720735289885,50.043997962929,49.273850191676
2023-03-13,AAPL,114.08907131473536,115.37563304318194,112.8712915417676
2023-03-13,AMGN,183.31077029296765,184.80646583040323,181.8623412002367
2023-03-13,CRM,449.6672278225999,456.7419823805943,443.9679097473592
2023-03-13,CSCO,33.94074062118771,34.22295836435038,33.67120264248471
2023-03-13,IBM,73.56132277980558,74.09417347169945,73.05318323058758
2023-03-13,INTC,41.21789718128904,41.862164997351314,40.661754005981535
2023-03-13,MSFT,299.7930881311573,302.9917148693352,296.8342227685466
2023-03-13,NKE,117.39288061991653,118.54223724033258,116.2001076080248
2023-03-13,VZ,27.074022745550696,27.306977152478776,26.83940804455724
2023-03-13,WMT,49.61445189537337,49.9612370994653,49.19876670190135
2023-03-14,AAPL,114.22073990844589,115.43449753044895,112.90263759878367
2023-03-14,AMGN,182.76632387227238,184.28320227751686,181.2550602843497
2023-03-14,CRM,451.97054911149223,458.52703679061875,445.7345189849604
2023-03-14,CSCO,33.921070392300926,34.19500260745595,33.63280963651567
2023-03-14,IBM,73.38492469499253,73.90762516959906,72.8489484584848
2023-03-14,INTC,41.08912164657639,41.7022832430698,40.490453502370436
2023-03-14,MSFT,299.62144994880015,302.6807160035968,296.4526289944646
2023-03-14,NKE,117.31423928560018,118.3837462018955,116.01949024267647
2023-03-14,VZ,27.0250118873058,27.244844032450303,26.774589811605754
2023-03-14,WMT,49.49494636119793,49.84467719858896,49.055175913223074
2023-03-15,AAPL,114.67481120568097,116.02236951243519,113.52212230889319
2023-03-15,AMGN,182.44803565768876,183.92914581498067,181.06089594285817
2023-03-15,CRM,453.8830144783865,461.4230801451964,448.51046585956334
2023-03-15,CSCO,33.94394813708969,34.23345608525612,33.689000239967214
2023-03-15,IBM,73.32074971312467,73.85980156169265,72.83739030461929
2023-03-15,INTC,40.95304404281733,41.61557279023015,40.43204962992316
2023-03-15,MSFT,299.94070366499346,303.24384767965006,297.14112332823277
2023-03-15,NKE,117.28333901238797,118.48984801741389,116.16549485685216
2023-03-15,VZ,26.989386067033283,27.231315306194528,26.767647035303632
2023-03-15,WMT,49.42288224802204,49.76702707182735,49.027022532165475
2023-03-16,AAPL,114.75992700420296,115.96735754589976,113.41212239866547
2023-03-16,AMGN,181.89564442594116,183.43922309758767,180.38578228499838
2023-03-16,CRM,456.4703906545087,462.9471933196874,450.02989112314907
2023-03-16,CSCO,33.92334533903638,34.19824275933862,33.63145616648392
2023-03-16,IBM,73.13488702114638,73.66197577348493,72.59699195452784
2023-03-16,INTC,40.84107077511818,41.44492683690643,40.234402238604446
2023-03-16,MSFT,299.728415318769,302.78089628651384,296.5089154241784
2023-03-16,NKE,117.23121618694866,118.28529367028897,115.91292485136091
2023-03-16,VZ,26.942464376640082,27.158902475657104,26.688500007356716
2023-03-16,WMT,49.303363178345315,49.65940960915452,48.86095954750723
2023-03-17,AAPL,115.13873970653896,116.4396335128984,113.94020103445416
2023-03-17,AMGN,181.45112642625955,182.82164179122827,179.99639079589494
2023-03-17,CRM,457.7261980865859,465.1464236437286,452.1404079158176
2023-03-17,CSCO,33.9180887574643,34.19132779755724,33.65028823541987
2023-03-17,IBM,73.01975078401657,73.52218214948665,72.51092333775182
2023-03-17,INTC,40.65116088880628,41.28924197781493,40.12056038573171
2023-03-17,MSFT,299.8082758898005,302.96031156314115,296.9017802831298
2023-03-17,NKE,117.0706959954567,118.22536863394835,115.91320909338374
2023-03-17,VZ,26.890212329863523,27.123788587332474,26.66321524958006
2023-03-17,WMT,49.19850387787177,49.51763592573751,48.78820662096253
2023-03-20,AAPL,115.2969699401841,116.53156076133125,113.98093460935232
2023-03-20,AMGN,180.9257084680585,182.4163059965119,179.43514609581516
2023-03-20,CRM,459.9808442017865,466.7390675149538,453.7090463720809
2023-03-20,CSCO,33.90075376458108,34.17469739786558,33.614837141151924
2023-03-20,IBM,72.8512106749194,73.3695093407375,72.32189142091929
2023-03-20,INTC,40.519178548626726,41.127164850276166,39.935502288293215
2023-03-20,MSFT,299.66441269229074,302.7378865296502,296.52250986900833
2023-03-20,NKE,116.98854271923447,118.06509342057295,115.71230232072756
2023-03-20,VZ,26.841734222913946,27.061626155855887,26.595274786124286
2023-03-20,WMT,49.08242206975376,49.42728577587917,48.64950870644399
2023-03-21,AAPL,115.6115040787982,116.92614784988129,114.37434782917663
2023-03-21,AMGN,180.55864124524777,182.10673209223933,179.1604728425925
2023-03-21,CRM,462.5920541634187,469.8227482440097,456.68788618653696
2023-03-21,CSCO,33.916038084326615,34.20601277817043,33.64951612495443
2023-03-21,IBM,72.75307971000356,73.29948136376645,72.25959586682237
2023-03-21,INTC,40.42285365009395,41.058764598960636,39.873276134597546
2023-03-21,MSFT,299.8399309228409,303.09329295804963,296.8880532516491
2023-03-21,NKE,117.01036293226409,118.1642380879913,115.81785146030464
2023-03-21,VZ,26.80893386365555,27.040686822389468,26.57583656388391
2023-03-21,WMT,49.00386171177105,49.36271259668866,48.59619455238864
2023-03-22,AAPL,115.9498061709418,117.29081018418037,114.72391221236875
2023-03-22,AMGN,180.2504216215031,181.8475639213966,178.8859837592445
2023-03-22,CRM,465.57442262165654,472.9099220315756,459.6723206250004
2023-03-22,CSCO,33.944505723291115,34.241948354884194,33.682641362203746
2023-03-22,IBM,72.67505989107134,73.23832437826128,72.19320738546104
2023-03-22,INTC,40.35378297853799,40.99584029903786,39.80911413480721
2023-03-22,MSFT,300.1110215740453,303.4369379202753,297.1923526271528
2023-03-22,NKE,117.09875951971661,118.27360278888293,115.92015141407124
2023-03-22,VZ,26.78445366537945,27.018624975202762,26.553204656273866
2023-03-22,WMT,48.940939688099554,49.31187171558314,48.540604319534154
2023-03-23,AAPL,116.0514780128115,117.26958617442209,114.69753609888657
2023-03-23,AMGN,179.6823244031537,181.1525861003132,178.17478367204322
2023-03-23,CRM,467.8248216242553,474.5364482318542,461.29008285439954
2023-03-23,CSCO,33.917825713530554,34.187501889215206,33.62520429000087
2023-03-23,IBM,72.48459495758203,72.99375033536326,71.94687086223108
2023-03-23,INTC,40.21608449575412,40.80967135915011,39.62465666032552
2023-03-23,MSFT,299.8642262815732,302.88812810253074,296.6520808424998
2023-03-23,NKE,116.99391137410815,118.04513742877005,115.68781369545721
2023-03-23,VZ,26.732295567725274,26.94710517121697,26.481967172162907
2023-03-23,WMT,48.8149932279892,49.15571108779623,48.37652536517951
2023-03-24,AAPL,116.38992642822335,117.70113552484456,115.1558667624494
2023-03-24,AMGN,179.25989343463155,180.68426982038145,177.8342825002219
2023-03-24,CRM,469.64740314134224,477.1016505562542,463.7612823190296
2023-03-24,CSCO,33.91814979013514,34.19680597470118,33.64886241582844
2023-03-24,IBM,72.37025149060969,72.88469714254884,71.86801059110337
2023-03-24,INTC,40.063772435468685,40.69021087332448,39.528384209790254
2023-03-24,MSFT,299.9515792081713,303.13085197500885,297.0046344797762
2023-03-24,NKE,116.90052013345615,118.0459263211573,115.72142391421994
2023-03-24,VZ,26.687066142160692,26.917155113147185,26.457552674361605
2023-03-24,WMT,48.7185004481721,49.05026994929066,48.31028562807863
2023-03-27,AAPL,116.62658537276494,117.92641648458788,115.33577478705435
2023-03-27,AMGN,178.86249125763283,180.43510108713497,177.4610599625309
2023-03-27,CRM,472.64422704328103,479.7727967689371,466.3699716815152
2023-03-27,CSCO,33.928013141413395,34.217819367150135,33.65457709533826
2023-03-27,IBM,72.25250075642015,72.79957065864384,71.75397531838071
2023-03-27,INTC,39.98621702007026,40.60494662483913,39.4230833366299
2023-03-27,MSFT,300.04090001289404,303.2630202927284,297.0006554610909
2023-03-27,NKE,116.94401067442422,118.06817566695354,115.70857482350263
2023-03-27,VZ,26.65501690497301,26.88059136203022,26.416170576870382
2023-03-27,WMT,48.63515861495323,48.999463087349035,48.2216984779831
2023-03-28,AAPL,117.01746988870828,118.3668651864955,115.80402722353003
2023-03-28,AMGN,178.51227532006297,179.97907536402766,177.13324442972169
2023-03-28,CRM,474.8143102322844,482.4826312763719,468.98335470223674
2023-03-28,CSCO,33.943837168802034,34.23114584421076,33.6819823203479
2023-03-28,IBM,72.16736561610492,72.69780386792759,71.68172571480012
2023-03-28,INTC,39.8607852199033,40.49530105452729,39.337422609277695
2023-03-28,MSFT,300.26395837042776,303.5296265484378,297.3808438975038
2023-03-28,NKE,116.91641672384645,118.09152005398032,115.76437421348813
2023-03-28,VZ,26.61859535613507,26.852531594627518,26.393654834559424
2023-03-28,WMT,48.55687920242017,48.898823190121334,48.15953428777903
2023-03-29,AAPL,117.26313351088693,118.56742557320311,115.96915782553526
2023-03-29,AMGN,178.1023791219342,179.63875372231354,176.69783671571545
2023-03-29,CRM,477.6194044215732,484.85822725958235,471.3134017694715
2023-03-29,CSCO,33.94995245543145,34.23706011892629,33.67581768196982
2023-03-29,IBM,72.04623723611252,72.58416443719294,71.54647620181551
2023-03-29,INTC,39.76881504332696,40.38348355726382,39.211531463974644
2023-03-29,MSFT,300.33312774915106,303.5396093102945,297.29371764642895
2023-03-29,NKE,116.92965999891075,118.05241637655642,115.69846839858477
2023-03-29,VZ,26.58338178393846,26.808321996936005,26.346000916336138
2023-03-29,WMT,48.46920696905485,48.82566189507249,48.05659459584221
2023-03-30,AAPL,117.48306458906693,118.75045079066285,116.17427891195938
2023-03-30,AMGN,177.57604053419618,178.9535583385988,176.10144967051886
2023-03-30,CRM,479.29649058345547,486.5589481787898,472.9626385834099
2023-03-30,CSCO,33.92782346636828,34.19574000232434,33.64402684369755
2023-03-30,IBM,71.88212392895265,72.37525496642759,71.35829400027426
2023-03-30,INTC,39.59788044596828,40.195747270436115,39.04403898246819
2023-03-30,MSFT,300.18864122046153,303.24715349228,297.0939248547742
2023-03-30,NKE,116.772268352671,117.86011094241839,115.53125047127624
2023-03-30,VZ,26.5283762820705,26.74811330468098,26.290217956746954
2023-03-30,WMT,48.34825396073729,48.66961276375647,47.92558487153908
2023-03-31,AAPL,117.74510249583064,119.06442969948732,116.45509483494338
2023-03-31,AMGN,177.18878038510167,178.72757837735853,175.80190283507454
2023-03-31,CRM,482.19703772400595,489.5527584635885,475.8692028184132
2023-03-31,CSCO,33.938404250278076,34.227488341733256,33.666475701170654
2023-03-31,IBM,71.76920649353241,72.30964947467457,71.27536507436541
2023-03-31,INTC,39.51215781906402,40.12595713254438,38.96179090230919
2023-03-31,MSFT,300.29403557591127,303.52428453472584,297.27449787807365
2023-03-31,NKE,116.80264679063711,117.93325101100588,115.58202291348154
2023-03-31,VZ,26.49562742078604,26.721079341998497,26.260253239894222
2023-03-31,WMT,48.266042117708615,48.6237561743534,47.85810933614939
2023-04-03,AAPL,118.051606636953,119.39232292006217,116.78076437245109
2023-04-03,AMGN,176.83346298215886,178.37098460245167,175.46733323285883
2023-04-03,CRM,485.1047548887464,492.63367942021114,478.86188621432933
2023-04-03,CSCO,33.9552429393477,34.247175093494924,33.68787061895718
2023-04-03,IBM,71.67217867449588,72.21535610647636,71.1865218571364
2023-04-03,INTC,39.42870013840161,40.048111587773754,38.88865380195021
2023-04-03,MSFT,300.47092861270085,303.73805018008375,297.4998937699922
2023-04-03,NKE,116.84450564251043,117.99397127564485,115.64596811791883
2023-04-03,VZ,26.46519404152312,26.69339491357967,26.233729027672677
2023-04-03,WMT,48.190816099611745,48.54845879559632,47.78917835165722
2023-04-04,AAPL,118.35622972680288,119.67670268349208,117.08078302379536
2023-04-04,AMGN,176.40123682986234,177.81979681627558,174.98971295042108
2023-04-04,CRM,487.1467259757666,494.7529465387946,480.9219198219203
2023-04-04,CSCO,33.95281405510092,34.23140220071574,33.67985296746801
2023-04-04,IBM,71.54894559235439,72.05937610139856,71.04808811967739
2023-04-04,INTC,39.28686704860895,39.89612714845292,38.75286130631447
2023-04-04,MSFT,300.51429908419317,303.68279378637186,297.5196154655112
2023-04-04,NKE,116.76049939411989,117.8905084337968,115.56222564671936
2023-04-04,VZ,26.420559296033318,26.64598691016796,26.189958220929743
2023-04-04,WMT,48.092835463255,48.42398225552082,47.685652293235556
2023-04-05,AAPL,119.12646895909678,120.01746450563505,117.42725777876355
2023-04-05,AMGN,176.43259356569678,177.78389617525866,174.66574209422808
2023-04-05,CRM,489.7286817698112,494.7542521935433,482.02512057904653
2023-04-05,CSCO,34.043309559816706,34.29672520670227,33.70974624369282
2023-04-05,IBM,71.69162702834414,72.2196441794246,71.03181369816276
2023-04-05,INTC,39.607404346783035,40.1084089662983,38.74278404388469
2023-04-05,MSFT,301.2781474473649,303.8621230572866,297.3393734353338
2023-04-05,NKE,116.6061198486008,117.78472976990007,115.38366839781115
2023-04-05,VZ,26.43753935811672,26.64562922323547,26.20766941064682
2023-04-05,WMT,48.256496796343065,48.54309873480385,47.828280334705866
2023-04-06,AAPL,119.98425491592668,120.9534656400885,118.398789921425
2023-04-06,AMGN,176.70802963534072,178.1079187139132,174.98764605938393
2023-04-06,CRM,492.94221887297203,498.2994814140243,485.7946521042065
2023-04-06,CSCO,34.160272928225616,34.42969730103983,33.846966574490565
2023-04-06,IBM,71.88348707853478,72.43724753685919,71.26787965819868
2023-04-06,INTC,39.97881437725734,40.527601813421526,39.154412524093395
2023-04-06,MSFT,302.3215828636072,305.129630623378,298.6365940731175
2023-04-06,NKE,116.6706377946729,117.87626192021871,115.47081966813037
2023-04-06,VZ,26.483819693989737,26.693085769553704,26.261245201355216
2023-04-06,WMT,48.42834080376018,48.74646909252875,48.035673613355094
2023-04-10,AAPL,120.94655516124612,121.93177904084578,119.26039641427793
2023-04-10,AMGN,176.84286771855818,178.32127395965944,175.195237740302
2023-04-10,CRM,496.2975869372267,501.8215911843374,488.6872759816539
2023-04-10,CSCO,34.29226209729855,34.56847024072376,33.97380426593637
2023-04-10,IBM,72.11070987672288,72.68630008176599,71.47680798519094
2023-04-10,INTC,40.36360559050882,40.892551650765256,39.49432170368172
2023-04-10,MSFT,303.4585187100151,306.23303801449845,299.60785354975974
2023-04-10,NKE,116.60017182885036,117.88007128283809,115.47935259568864
2023-04-10,VZ,26.512521439015128,26.738462343256607,26.2953554710229
2023-04-10,WMT,48.65161797107744,48.95700554842669,48.23367378856442
2023-04-11,AAPL,121.73206178500004,122.66172994034638,120.05660496920137
2023-04-11,AMGN,176.98377864228183,178.33271470630393,175.20653434302827
2023-04-11,CRM,499.0797164895165,504.25635693936346,491.51926736894785
2023-04-11,CSCO,34.38763139969983,34.646561045716666,34.05806047977988
2023-04-11,IBM,72.25971008765582,72.79387048615447,71.61264472216635
2023-04-11,INTC,40.70472278810246,41.239239854314185,39.840514338511355
2023-04-11,MSFT,304.28898026321986,306.9744430875002,300.43049423844195
2023-04-11,NKE,116.54580472240082,117.7116934932071,115.31031670316558
2023-04-11,VZ,26.542851600816775,26.747672749229224,26.312865432797278
2023-04-11,WMT,48.80591252160047,49.108562193122395,48.39006752559808
2023-04-12,AAPL,122.39301636872898,123.28065006055432,120.71569172251058
2023-04-12,AMGN,177.11337121763077,178.373134882983,175.2459356439724
2023-04-12,CRM,501.4302362102209,506.35500007809867,493.86062585131793
2023-04-12,CSCO,34.456468788742605,34.702702650125495,34.11781244814719
2023-04-12,IBM,72.35264409075988,72.85724453490042,71.69357723201495
2023-04-12,INTC,41.01311857360602,41.5496513527038,40.14813613345516
2023-04-12,MSFT,304.8928537020992,307.50325161548477,301.0113911996695
2023-04-12,NKE,116.48882370790854,117.5772802405042,115.17622060164851
2023-04-12,VZ,26.572464972230115,26.76344045914198,26.33325766275401
2023-04-12,WMT,48.913970811842894,49.21273632291455,48.49723792634964
2023-04-13,AAPL,123.40281678129847,124.41179969237666,121.65882705080027
2023-04-13,AMGN,177.2128278100266,178.71559888374298,175.58223712419172
2023-04-13,CRM,504.8891420461397,510.55036324364124,497.03697985546745
2023-04-13,CSCO,34.59406827024962,34.87457107323676,34.272139275702585
2023-04-13,IBM,72.59167864445983,73.17696356486778,71.9498560070244
2023-04-13,INTC,41.41160036918731,41.94777321982952,40.50956081409318
2023-04-13,MSFT,306.0693559035447,308.85971947961053,302.14707663505743
2023-04-13,NKE,116.38395864429565,117.68146267416068,115.28590914772815
2023-04-13,VZ,26.59675001639938,26.827620312736343,26.380555494766387
2023-04-13,WMT,49.152810563681705,49.45789899650114,48.72445722873827
2023-04-14,AAPL,124.40999772491976,125.49780892311135,122.88743007044567
2023-04-14,AMGN,177.7240440979449,179.2034497612321,176.06731125853793
2023-04-14,CRM,508.92431169128156,514.8263135184782,502.12872316874905
2023-04-14,CSCO,34.74583631611081,35.03803713248537,34.44979974724288
2023-04-14,IBM,72.84858001420388,73.4419434850999,72.27155362254186
2023-04-14,INTC,41.857235393949445,42.47495698041854,41.040752675320476
2023-04-14,MSFT,307.4607118831042,310.54436662585215,303.9738609067323
2023-04-14,NKE,116.65450000037151,117.90801760497696,115.50105881694606
2023-04-14,VZ,26.671212845681694,26.887301398759124,26.4569905975629
2023-04-14,WMT,49.34978693035758,49.70429027161914,48.985364819739665
2023-04-17,AAPL,125.37288786996815,126.34462711905793,123.50880896046543
2023-04-17,AMGN,177.6509559582257,179.12200172998362,175.97904115232677
2023-04-17,CRM,511.977061959952,517.4931980438118,503.57329127823317
2023-04-17,CSCO,34.86513326884546,35.13675495789909,34.52527660833909
2023-04-17,IBM,73.05321683067639,73.62407367576458,72.37433302011434
2023-04-17,INTC,42.22754844189122,42.74227048797204,41.271822934994105
2023-04-17,MSFT,308.4428690868165,311.0993491627975,304.29822713724843
2023-04-17,NKE,116.3962803424794,117.67338288347717,115.27932207199794
2023-04-17,VZ,26.674885138781967,26.905353945327455,26.452385763334583
2023-04-17,WMT,49.583858304212,49.86971019587529,49.12505188389371
2023-04-18,AAPL,126.09148757500665,127.01276158599877,124.33944476075234
2023-04-18,AMGN,177.74618433537063,179.0379489512888,175.89865107059686
2023-04-18,CRM,514.4635664078147,519.5763246432463,506.58563130982975
2023-04-18,CSCO,34.941153408866526,35.1935834378712,34.59756809392056
2023-04-18,IBM,73.16132733317865,73.67944449851983,72.49180686667539
2023-04-18,INTC,42.55362642367954,43.10379993360632,41.64557609380189
2023-04-18,MSFT,309.0994259745994,311.7423444460751,305.1267255895328
2023-04-18,NKE,116.30558859367484,117.41782716183894,115.02128556737945
2023-04-18,VZ,26.700226804708063,26.89744223075609,26.462114959334897
2023-04-18,WMT,49.71073410992372,50.01117852047737,49.28110844899089
2023-04-19,AAPL,127.08194356851966,128.1222675645043,125.35057294295929
2023-04-19,AMGN,177.94793583273403,179.4181851855902,176.27385713887293
2023-04-19,CRM,517.9941693818041,523.7528538901543,510.24096022906156
2023-04-19,CSCO,35.074633510327715,35.3570128929104,34.75226988087967
2023-04-19,IBM,73.38742567676222,73.96991264439399,72.75187257909366
2023-04-19,INTC,42.96535978917358,43.54086227164417,42.056796935909624
2023-04-19,MSFT,310.2646191895404,313.13682125890335,306.4004852716573
2023-04-19,NKE,116.29632406647653,117.55416665710791,115.15861393591827
2023-04-19,VZ,26.73730346458839,26.960538673848117,26.517461693668984
2023-04-19,WMT,49.92583341235379,50.24658892017705,49.5078219087455
2023-04-20,AAPL,128.03506277519767,129.07412617472463,126.31514768624264
2023-04-20,AMGN,178.18401914339208,179.62391763439769,176.47646534925707
2023-04-20,CRM,521.452362491534,527.1750134146912,513.7604566481992
2023-04-20,CSCO,35.20103787274729,35.481069303455726,34.877330950230274
2023-04-20,IBM,73.59727991970291,74.17198983650914,72.96252283064396
2023-04-20,INTC,43.373160178623735,43.960606397251254,42.466797348110205
2023-04-20,MSFT,311.3785104825938,314.2609567308225,307.5374731271669
2023-04-20,NKE,116.32050572101596,117.54903344440113,115.1520598422837
2023-04-20,VZ,26.778804695095392,26.996214123600215,26.555928675235908
2023-04-20,WMT,50.121970046499804,50.44701235622173,49.708395374322166
2023-04-21,AAPL,128.87281820368,129.84278385567808,127.04758008559524
2023-04-21,AMGN,178.23887266521484,179.6057685459928,176.4560152449132
2023-04-21,CRM,524.2666531676693,529.6690115633119,516.0815605005309
2023-04-21,CSCO,35.296685939229135,35.56055905897533,34.952741100057516
2023-04-21,IBM,73.74723192086628,74.29189353325515,73.07272435145643
2023-04-21,INTC,43.731083809504256,44.28867753368237,42.781562935187594
2023-04-21,MSFT,312.19102986379465,314.8877531608894,308.1354847024634
2023-04-21,NKE,116.18738847916086,117.36192058997963,114.96912426310254
2023-04-21,VZ,26.798820889231955,27.009361520154055,26.566297704731614
2023-04-21,WMT,50.29175763934316,50.59336070139442,49.84913766435775
2023-04-24,AAPL,129.9166202045342,130.99161698065288,128.14491265226528
2023-04-24,AMGN,178.44390365773668,179.93907432197696,176.7856878063515
2023-04-24,CRM,527.9723822409773,533.9087007563941,520.0636515838867
2023-04-24,CSCO,35.437833433099534,35.726253207633086,35.11412300959947
2023-04-24,IBM,73.98833916523544,74.58268486780264,73.35021237424155
2023-04-24,INTC,44.16299195316092,44.755055223826375,43.2276975691229
2023-04-24,MSFT,313.421733328624,316.3421517249893,309.52198652359624
2023-04-24,NKE,116.1788039076983,117.45296180232228,115.06002760415929
2023-04-24,VZ,26.83621644871975,27.06354256272701,26.61763710900824
2023-04-24,WMT,50.52043258275015,50.84609698286765,50.09744706717939
2023-04-25,AAPL,130.81738059203474,131.8577451676939,129.0783710407741
2023-04-25,AMGN,178.69905386461198,180.0928031899128,176.93741466892948
2023-04-25,CRM,531.2887726442875,536.9783818180503,523.5341228765307
2023-04-25,CSCO,35.551877826948896,35.82829830795218,35.22225115551254
2023-04-25,IBM,74.1708180618353,74.73399990302414,73.5293795587584
2023-04-25,INTC,44.56507975598311,45.17227001078306,43.642590733701184
2023-04-25,MSFT,314.43680814343537,317.3223727742999,310.57723765441926
2023-04-25,NKE,116.22386643630927,117.40752040963973,115.01130597375415
2023-04-25,VZ,26.880499605019406,27.08998428459374,26.652155415679427
2023-04-25,WMT,50.69005901157319,51.019423759695194,50.27571255216387
2023-04-26,AAPL,131.78777251526802,132.79595222434597,129.8375529977974
2023-04-26,AMGN,178.63333659027842,180.08450988397084,176.92470189992338
2023-04-26,CRM,534.3476720588238,540.0214480477225,525.6175917090884
2023-04-26,CSCO,35.665958768711356,35.939990401692135,35.31641793029594
2023-04-26,IBM,74.36224865704311,74.93414188242886,73.66955922224753
2023-04-26,INTC,44.948844769217594,45.498269635114355,43.936263557507594
2023-04-26,MSFT,315.37558009775825,318.07427123413817,311.14560607487846
2023-04-26,NKE,115.97606687149316,117.22450633965728,114.83865075199128
2023-04-26,VZ,26.885358640679275,27.113015896826695,26.658442521052052
2023-04-26,WMT,50.914906368721056,51.208349926447255,50.4456394342394
2023-04-27,AAPL,132.74539672364827,133.7947324706537,130.91147838118746
2023-04-27,AMGN,178.7806236224777,180.20965622003393,177.05063230109607
2023-04-27,CRM,537.6783937988605,543.4652430989554,529.506597788482
2023-04-27,CSCO,35.78492995093269,36.06408403041669,35.44787195473235
2023-04-27,IBM,74.55745075231788,75.13096446187699,73.89726710179491
2023-04-27,INTC,45.356257038925406,45.95282603186839,44.38838620382156
2023-04-27,MSFT,316.405767852598,319.25423374193576,312.4012116096466
2023-04-27,NKE,115.92127862014883,117.13740426311212,114.7496484301152
2023-04-27,VZ,26.916292434572814,27.13475938045338,26.689568200983956
2023-04-27,WMT,51.11287211358209,51.4327474723537,50.67688745651177
2023-04-28,AAPL,133.6876183665396,134.71332839234506,131.7689522590298
2023-04-28,AMGN,178.80630274597456,180.2269608739186,177.0659188946683
2023-04-28,CRM,540.7739389609523,546.4805920309898,532.2167673490571
2023-04-28,CSCO,35.89521151055239,36.16962948461386,35.54742525087429
2023-04-28,IBM,74.73758006872767,75.30504783189394,74.0539342940278
2023-04-28,INTC,45.74658678912768,46.324010465247255,44.74144222494216
2023-04-28,MSFT,317.3339748000573,320.09251729354435,313.1799860424032
2023-04-28,NKE,115.75828022698431,116.97209590870136,114.58921247236123
2023-04-28,VZ,26.932487515234303,27.15292380105944,26.703234428897748
2023-04-28,WMT,51.31543704411513,51.621286575315025,50.85803770421671
2023-05-01,AAPL,134.57248007878331,135.60619381154817,132.72038267972647
2023-05-01,AMGN,178.95118746124362,180.32571598463437,177.16459485481914
2023-05-01,CRM,543.8612891578277,549.5365970024957,535.6237433311717
2023-05-01,CSCO,35.998232826216956,36.270882753476734,35.654265001512464
2023-05-01,IBM,74.89876547961049,75.45602406475153,74.22947579031052
2023-05-01,INTC,46.137811746610794,46.74416023796452,45.157962560200666
2023-05-01,MSFT,318.22959087217566,321.04787864020926,314.1973501515711
2023-05-01,NKE,115.705828986308,116.87239470965581,114.48837232674866
2023-05-01,VZ,26.96354719835536,27.17335646823332,26.730956359777796
2023-05-01,WMT,51.48413381545206,51.80405537789499,51.04567504031558
2023-05-02,AAPL,135.4882365252721,136.52503410411663,133.58111879622132
2023-05-02,AMGN,179.0313507903997,180.42570160687788,177.26193910649528
2023-05-02,CRM,546.94945174342,552.6719740326743,538.4676821276449
2023-05-02,CSCO,36.10380904160769,36.37774353865808,35.75569218382073
2023-05-02,IBM,75.06689614144277,75.62948062570703,74.38686946210024
2023-05-02,INTC,46.53115476700663,47.12952890504268,45.52494189295539
2023-05-02,MSFT,319.1313270631543,321.9243817404496,315.0147189785399
2023-05-02,NKE,115.59402446304965,116.77920894088284,114.39857017600718
2023-05-02,VZ,26.986609481911337,27.201395792021486,26.754870562438043
2023-05-02,WMT,51.6685270462444,51.98226358784129,51.21746703787895
2023-05-03,AAPL,136.6308402619242,137.7548122709902,134.6927703497476
2023-05-03,AMGN,179.12410981131467,180.65925238775327,177.49168637333892
2023-05-03,CRM,550.7893310643398,557.0105791174492,542.191258023659
2023-05-03,CSCO,36.252339483373625,36.548341160880376,35.91575201998499
2023-05-03,IBM,75.32431524031871,75.93676179269454,74.65857145076457
2023-05-03,INTC,46.98884162250908,47.59562828351453,45.96187075970492
2023-05-03,MSFT,320.3973155256716,323.3250883804664,316.2830449836702
2023-05-03,NKE,115.48186659585656,116.78355957996914,114.40685946037529
2023-05-03,VZ,27.010229709249224,27.24758058697504,26.792135725309013
2023-05-03,WMT,51.93055337387482,52.25248162589793,51.476399832021144
2023-05-04,AAPL,137.4270552739557,138.42746627519247,135.49154634008477
2023-05-04,AMGN,179.179957494179,180.4923518666434,177.32695942673877
2023-05-04,CRM,553.4425743806243,558.9449041096811,544.8468994601066
2023-05-04,CSCO,36.33215248756383,36.59463396537185,35.97272770791089
2023-05-04,IBM,75.43871606844205,75.97482531364064,74.74230067325591
2023-05-04,INTC,47.34998757555919,47.95388822686972,46.32861312329918
2023-05-04,MSFT,321.0757941642122,323.798145248614,316.903643405378
2023-05-04,NKE,115.35563684770618,116.46991225753965,114.09354199703832
2023-05-04,VZ,27.030955021372698,27.23344785983436,26.790348620858765
2023-05-04,WMT,52.07234597165535,52.38240755902997,51.615497644911684
2023-05-05,AAPL,137.66509958102355,138.78540455482556,136.29967415301664
2023-05-05,AMGN,178.04764272645406,179.95732910250263,176.65466599581808
2023-05-05,CRM,552.4968482641992,558.2753865249001,546.956404444956
2023-05-05,CSCO,36.22457838633889,36.528394910111174,35.909031741294456
2023-05-05,IBM,75.27423197846402,75.84867444519632,74.71243083783222
2023-05-05,INTC,47.14599681229421,48.087204462723584,46.681753838726145
2023-05-05,MSFT,321.67888559334335,325.09016943026234,318.3414841835696
2023-05-05,NKE,115.63798150036675,116.46479675510238,114.15931273575526
2023-05-05,VZ,27.03498231869705,27.227536486256927,26.775500844036216
2023-05-05,WMT,52.05865268970023,52.38188218340303,51.70293965071007
2023-05-08,AAPL,137.98539645109776,139.18839173845498,136.70364829958672
2023-05-08,AMGN,177.20484986633133,179.11247406496778,175.8768272471012
2023-05-08,CRM,552.2996149748532,558.49826600942,547.1853108693118
2023-05-08,CSCO,36.148175811680176,36.46461173202416,35.86116893002982
2023-05-08,IBM,75.16304836305692,75.77332267038467,74.64081916357159
2023-05-08,INTC,47.05755173128232,48.018738806948384,46.58486083375676
2023-05-08,MSFT,322.6392022364348,326.20885082738033,319.5244296267159
2023-05-08,NKE,115.90528745779095,116.82841573017333,114.52034252252597
2023-05-08,VZ,27.035733338876632,27.24936156431944,26.79609317940567
2023-05-08,WMT,52.09177712350544,52.43113947331577,51.76007790853301
2023-05-09,AAPL,138.43944309469728,139.66007354798555,137.1509886707107
2023-05-09,AMGN,176.16232408908397,178.19896803049312,174.902067403801
2023-05-09,CRM,552.148807983044,558.3493359740861,547.0072008672412
2023-05-09,CSCO,36.08236579972677,36.40875344500625,35.783127555924
2023-05-09,IBM,75.08548578702292,75.69794692996925,74.56245280799304
2023-05-09,INTC,46.88413942737809,47.860520588304986,46.47798407563069
2023-05-09,MSFT,323.6010013706264,327.26809639775263,320.4055806014253
2023-05-09,NKE,116.41686908016962,117.30768252260529,114.98328617202131
2023-05-09,VZ,27.071989357421362,27.269509756481376,26.8178705349433
2023-05-09,WMT,52.11726885966577,52.46929224643695,51.78644776513004
2023-05-10,AAPL,138.66850546074372,139.8169498537622,137.31937717967978
2023-05-10,AMGN,175.1845281480065,177.02849776663012,173.815348106457
2023-05-10,CRM,551.4117740798905,557.3026365094761,546.0139437521683
2023-05-10,CSCO,35.98188376307781,36.284757735316234,35.679945705028814
2023-05-10,IBM,74.9284193580513,75.5102957674965,74.3808735567424
2023-05-10,INTC,46.738001778037166,47.67255018055826,46.257859716488156
2023-05-10,MSFT,324.3150758045345,327.7755290504181,321.03776636917826
2023-05-10,NKE,116.63211399192647,117.5035140289188,115.18082320449027
2023-05-10,VZ,27.065659655260024,27.26898516842372,26.81548314408672
2023-05-10,WMT,52.11942932992943,52.4444033170142,51.770198296343516
2023-05-11,AAPL,138.74149990991626,139.83496094691316,137.34606131147686
2023-05-11,AMGN,174.23593202449797,175.95131930930768,172.7932434059109
2023-05-11,CRM,550.2291647489624,555.8755062887288,544.6364057590295
2023-05-11,CSCO,35.8562450024481,36.14208099484166,35.55115158060655
2023-05-11,IBM,74.71481956691424,75.2728161738044,74.14894475329245
2023-05-11,INTC,46.60401558804164,47.50853698236074,46.07743670764936
2023-05-11,MSFT,324.8364544673318,328.1480064062817,321.48721965562174
2023-05-11,NKE,116.65455179148135,117.50547457613058,115.18630910633078
2023-05-11,VZ,27.031902291403934,27.237817906562917,26.783533039639003
2023-05-11,WMT,52.10258592316564,52.40824374702922,51.73938492948776
2023-05-12,AAPL,139.2346853936439,140.46760664991425,137.93982944230237
2023-05-12,AMGN,173.15758126112755,175.19461421455262,171.93547898293184
2023-05-12,CRM,550.1058985916656,556.2924263081002,544.9835809904769
2023-05-12,CSCO,35.794333060975134,36.1211443337453,35.49444163252049
2023-05-12,IBM,74.6476117386542,75.25795378547288,74.12798695457441
2023-05-12,INTC,46.409713149177634,47.38154038227159,46.02334093529824
2023-05-12,MSFT,325.8112898765103,329.5295955057854,322.5785254453283
2023-05-12,NKE,117.23058480945402,118.11918471027136,115.7767840218984
2023-05-12,VZ,27.076943271330883,27.270055824337312,26.819021036880876
2023-05-12,WMT,52.126864680678956,52.48258313408896,51.796727610609786
2023-05-15,AAPL,139.68393276645727,140.9929703186811,138.48101926799492
2023-05-15,AMGN,172.59130162724864,174.49264787707202,171.3750478758045
2023-05-15,CRM,550.7267081206613,557.3677194139823,546.0781473874538
2023-05-15,CSCO,35.754707696570115,36.08454030768254,35.49772724948304
2023-05-15,IBM,74.6025845080147,75.24870231441675,74.12555721241392
2023-05-15,INTC,46.426509478516294,47.40298218684654,45.9673062938412
2023-05-15,MSFT,327.17704046872257,330.9832730638887,324.25670988926834
2023-05-15,NKE,117.54945583292638,118.580697188048,116.2420141630381
2023-05-15,VZ,27.083719285249256,27.31708591108016,26.86211882393289
2023-05-15,WMT,52.20926099915541,52.56983220199002,51.90356105681844
2023-05-16,AAPL,140.11771103381142,141.30059201276845,138.75226175622396
2023-05-16,AMGN,171.33151471815876,173.3386939814621,170.0806126890686
2023-05-16,CRM,550.0754332503772,555.9620898408294,544.6548788102788
2023-05-16,CSCO,35.67104137658856,35.98722735081917,35.352901341209545
2023-05-16,IBM,74.49759386047741,75.0807583697048,73.95186578442836
2023-05-16,INTC,46.153927260147405,47.10474542433579,45.77435926872431
2023-05-16,MSFT,327.90104147742466,331.5337687819105,324.4814319616945
2023-05-16,NKE,118.13449100707814,118.96242001412124,116.5997588504291
2023-05-16,VZ,27.130105039468816,27.30872258241967,26.85767392473549
2023-05-16,WMT,52.200324485654676,52.54496646326922,51.85240487919899
2023-05-17,AAPL,140.23928408735063,141.353411035727,138.8326366347974
2023-05-17,AMGN,170.3513774792271,172.07225283781563,168.96249821496534
2023-05-17,CRM,548.9505066293226,554.6064824271714,543.3837018277098
2023-05-17,CSCO,35.551411531577294,35.838883740581814,35.24617081481064
2023-05-17,IBM,74.29881146698808,74.85648235980997,73.73767765301996
2023-05-17,INTC,45.999202655200065,46.89903510358459,45.49911365950371
2023-05-17,MSFT,328.44645295999436,331.8311797797585,325.04851657253306
2023-05-17,NKE,118.23531170387258,119.0905790117727,116.73791410370079
2023-05-17,VZ,27.107386537954522,27.309381196189502,26.854554596467263
2023-05-17,WMT,52.1833507477103,52.4944033374857,51.82117936850765
2023-05-18,AAPL,140.67067053607778,141.91509815766187,139.37098191500687
2023-05-18,AMGN,169.43328286940488,171.35427260120122,168.2103717178622
2023-05-18,CRM,548.8611006052195,555.0662145560251,543.8002463077836
2023-05-18,CSCO,35.486817173537034,35.80614337329462,35.198879203610645
2023-05-18,IBM,74.21784505779253,74.8260987346545,73.70503831112507
2023-05-18,INTC,45.865152193836195,46.81722755120801,45.44882802472002
2023-05-18,MSFT,329.4627866606125,333.1863955409052,326.2541274517445
2023-05-18,NKE,118.6845886032773,119.61311483742888,117.24567930100194
2023-05-18,VZ,27.13328708574825,27.33819390507615,26.884743051089117
2023-05-18,WMT,52.21584301213425,52.56652810735406,51.88655720440897
2023-05-19,AAPL,141.04711684636695,142.28350575255718,139.7381425135238
2023-05-19,AMGN,168.5722814676185,170.43362520534038,167.3302494789728
2023-05-19,CRM,548.6982799168225,554.8685241317551,543.6174655775012
2023-05-19,CSCO,35.41627642511087,35.730168090582836,35.13147943318904
2023-05-19,IBM,74.12080738406924,74.72450458379555,73.60625746230706
2023-05-19,INTC,45.753943949676234,46.69537584931443,45.316066911163404
2023-05-19,MSFT,330.45520903461164,334.1458827269335,327.2457753802893
2023-05-19,NKE,119.04502573101402,119.98279710368799,117.61031792062623
2023-05-19,VZ,27.146371566857496,27.355905766036237,26.90148440702214
2023-05-19,WMT,52.247641922651994,52.59270620684044,51.91593240198769
2023-05-22,AAPL,141.29467212946233,142.4508531278448,139.9005606109225
2023-05-22,AMGN,167.53277637034327,169.32655489225016,166.22507889983666
2023-05-22,CRM,547.819968768164,553.5835718996847,542.3614173145448
2023-05-22,CSCO,35.31361085634285,35.6105797355518,35.00850028508675
2023-05-22,IBM,73.96260803609205,74.52990846197828,73.4137389594849
2023-05-22,INTC,45.567583194451856,46.47852643596865,45.11635141343821
2023-05-22,MSFT,331.1056886437863,334.62705715013476,327.6916436730452
2023-05-22,NKE,119.32806260422313,120.19003402235852,117.81133342566856
2023-05-22,VZ,27.149133348705753,27.344554964122306,26.890473650862074
2023-05-22,WMT,52.23790688498423,52.56323063152239,51.88292058542051
2023-05-23,AAPL,141.76588451348246,143.033026964854,140.46677014673722
2023-05-23,AMGN,166.6247320749458,168.53995199999338,165.43982748342742
2023-05-23,CRM,547.8326669308022,554.0791117264394,542.8284847428312
2023-05-23,CSCO,35.255175563977225,35.5760191677211,34.97007193040279
2023-05-23,IBM,73.89488352846377,74.50552967742765,73.3888151964263
2023-05-23,INTC,45.43221265320268,46.381410967332876,45.03058370258144
2023-05-23,MSFT,332.17581176115283,335.9662841880657,328.95638817825017
2023-05-23,NKE,119.827093959023,120.76944219470955,118.37828217347513
2023-05-23,VZ,27.181416563096946,27.386038422651712,26.932093441529116
2023-05-23,WMT,52.27480633532911,52.63030595033505,51.94839118714455
2023-05-24,AAPL,142.05704018513202,143.27753340401912,140.7208956800414
2023-05-24,AMGN,165.81737795171887,167.5793619839565,164.55494775653037
2023-05-24,CRM,547.4886323819707,553.5530187361263,542.3436427278283
2023-05-24,CSCO,35.17341379065463,35.477165234614056,34.89104535466808
2023-05-24,IBM,73.7704108478841,74.36206570010968,73.25084692080799
2023-05-24,INTC,45.33953092280608,46.25863555611683,44.87547156907348
2023-05-24,MSFT,333.097688677194,336.7391154256953,329.8484459751165
2023-05-24,NKE,120.0656248001755,121.00949911960952,118.61907004959824
2023-05-24,VZ,27.176897862427875,27.390328732301622,26.934556922355156
2023-05-24,WMT,52.300390538040894,52.63599594816823,51.962558236006714
2023-05-25,AAPL,142.44880949982982,143.63612898742304,141.049145682687
2023-05-25,AMGN,164.62717469115856,166.5194322707591,163.40227289663198
2023-05-25,CRM,546.7272426312201,552.5201391636119,541.2904796449318
2023-05-25,CSCO,35.08417515034203,35.39055148784309,34.77115543919172
2023-05-25,IBM,73.65033887772414,74.22119494840534,73.1060137481969
2023-05-25,INTC,45.08242415583413,46.00331362663298,44.69631345859047
2023-05-25,MSFT,333.78495744909344,337.43696842549406,330.2922391157168
2023-05-25,NKE,120.59762183281784,121.44024397184438,119.02980722587269
2023-05-25,VZ,27.21433658874721,27.39549037275475,26.942517550986864
2023-05-25,WMT,52.28721564415801,52.62675571174704,51.93510747231132
2023-05-26,AAPL,142.80173208653383,144.02439605705644,141.4446665220509
2023-05-26,AMGN,163.6954286706391,165.50264307731373,162.47089303564246
2023-05-26,CRM,546.3044542756342,552.2995272288113,541.0970830750722
2023-05-26,CSCO,35.00395628412753,35.30979618598273,34.71275465730787
2023-05-26,IBM,73.53618694072557,74.12241768351363,73.01228257075768
2023-05-26,INTC,44.93310169119132,45.85049944006623,44.507289580581705
2023-05-26,MSFT,334.6592105324816,338.3433793577501,331.32261191184483
2023-05-26,NKE,120.9737907347097,121.89138820925974,119.47925233093422
2023-05-26,VZ,27.229180123219287,27.431579592784928,26.97624597079909
2023-05-26,WMT,52.30226775617491,52.642215561707175,51.9615865639592
2023-05-30,AAPL,143.1395615884722,144.3335061949842,141.7424848100634
2023-05-30,AMGN,162.63484327563077,164.44475968858234,161.40401529610537
2023-05-30,CRM,545.589832551315,551.4082448220324,540.2157700964381
2023-05-30,CSCO,34.91321734819879,35.214486318781766,34.610055460608905
2023-05-30,IBM,73.40581856557354,73.97685200231524,72.86735775306377
2023-05-30,INTC,44.72746215493407,45.63470843377878,44.31510620837655
2023-05-30,MSFT,335.38517318618045,339.02716013041993,331.9327828256731
2023-05-30,NKE,121.39075962778482,122.2659601656807,119.84325991610365
2023-05-30,VZ,27.249952963903517,27.441313204309782,26.98651438515315
2023-05-30,WMT,52.29713595619478,52.63230913263649,51.946756249468656
2023-05-31,AAPL,143.3951921688294,144.58943149484054,142.0055664506224
2023-05-31,AMGN,161.7316253806907,163.44755396862908,160.47625900311422
2023-05-31,CRM,544.912667063401,550.7604347295128,539.6023535076837
2023-05-31,CSCO,34.81880336338312,35.11369031497324,34.5271901661295
2023-05-31,IBM,73.25871159052872,73.83011218610469,72.7256400342972
2023-05-31,INTC,44.58766764803326,45.48222410705901,44.13555198595288
2023-05-31,MSFT,336.14827459183107,339.75329491783424,332.7598404863004
2023-05-31,NKE,121.6406217190712,122.55219296142798,120.12927684394278
2023-05-31,VZ,27.247069428629263,27.451616234046917,26.995186124478067
2023-05-31,WMT,52.30151594524562,52.62986236503894,51.95268297894016
2023-06-01,AAPL,143.6849608726369,144.8789659392478,142.28423361992088
2023-06-01,AMGN,160.75432123148167,162.4966472818519,159.51831924738943
2023-06-01,CRM,544.1890919214318,549.9950996185943,538.8425864770489
2023-06-01,CSCO,34.725155976375966,35.02121659957412,34.428341272800566
2023-06-01,IBM,73.11737627796461,73.68549188025348,72.58182343603544
2023-06-01,INTC,44.414196412652664,45.30882030957197,43.98217184010338
2023-06-01,MSFT,336.88129260979065,340.5080778659815,333.4426636043883
2023-06-01,NKE,121.96626555299605,122.86038042433398,120.42863822906283
2023-06-01,VZ,27.254756175850183,27.45242242902842,26.99669203948741
2023-06-01,WMT,52.299605970443196,52.63035758263782,51.94904512472565
2023-06-02,AAPL,144.2244542026477,145.50936805395312,142.8886491684159
2023-06-02,AMGN,159.74544961603144,161.64678792902694,158.63047748096898
2023-06-02,CRM,544.1225128810393,550.2688923854524,539.0782733842373
2023-06-02,CSCO,34.668758780527654,34.98781731178949,34.37799711859572
2023-06-02,IBM,73.06040444096966,73.66050170528901,72.55406241015929
2023-06-02,INTC,44.222779916961045,45.153078485822135,43.86456431199463
2023-06-02,MSFT,337.9158512032481,341.797365029001,334.56638409121706
2023-06-02,NKE,122.61140792544953,123.54090071716097,121.09003939904039
2023-06-02,VZ,27.306074159917795,27.499464832381157,27.044901551486458
2023-06-02,WMT,52.325705975990466,52.68592652260878,51.996039128605204
2023-06-05,AAPL,144.3675619791003,145.5115507690484,142.91327563416786
2023-06-05,AMGN,158.78472646639688,160.4103841208954,157.49586173865038
2023-06-05,CRM,542.9706776886428,548.5381545411442,537.4330998728093
2023-06-05,CSCO,34.55222936150526,34.83253444187043,34.25181221826313
2023-06-05,IBM,72.86772894032958,73.41276624122929,72.31479070358702
2023-06-05,INTC,44.054300109835026,44.917724706270064,43.58665460485855
2023-06-05,MSFT,338.453006395438,341.9459165278757,334.92337146025676
2023-06-05,NKE,122.7622785676132,123.63743626119536,121.19326560013245
2023-06-05,VZ,27.289668587401096,27.48887822101152,27.031444420540822
2023-06-05,WMT,52.304296833610614,52.617191562136824,51.939856624603834
2023-06-06,AAPL,144.8219346240222,145.27322052700336,143.5328512670065
2023-06-06,AMGN,157.95145046106316,159.61031723329836,156.3331878600905
2023-06-06,CRM,544.1062870087541,549.5001870821283,536.9363412386734
2023-06-06,CSCO,34.54235142963904,34.775229040766014,34.190718380454356
2023-06-06,IBM,72.9180270403642,73.43157566210385,72.21100903247813
2023-06-06,INTC,44.67474443340704,45.13961437364569,43.728677232610714
2023-06-06,MSFT,339.712323888482,342.68276754766976,335.66583394566896
2023-06-06,NKE,122.66943014292389,123.64251712857896,121.333856962718
2023-06-06,VZ,27.20742928383799,27.40030612405773,26.92219026438473
2023-06-06,WMT,52.25861905841122,52.54975026058577,51.84484842028543
2023-06-07,AAPL,145.3713338123873,146.06325520209515,144.16439130004943
2023-06-07,AMGN,157.40457459242862,159.09976830308142,155.835379981462
2023-06-07,CRM,545.5454999410073,551.3935198820303,538.7321805913446
2023-06-07,CSCO,34.57254035836731,34.82448828676753,34.24890817885915
2023-06-07,IBM,73.03930904212456,73.58913747952475,72.38747210890187
2023-06-07,INTC,45.22787052975542,45.79673152342581,44.33539008872397
2023-06-07,MSFT,341.29981240017304,344.4711010369954,337.54184295372767
2023-06-07,NKE,122.58069478890621,123.71337104586819,121.37305176174392
2023-06-07,VZ,27.143081081507823,27.360478002202733,26.880825464883277
2023-06-07,WMT,52.269997957901204,52.59285466558326,51.89119235648771
2023-06-08,AAPL,146.05219775585962,146.49218221153563,144.84427860666784
2023-06-08,AMGN,156.6246042449975,158.37950184230945,155.1295514219357
2023-06-08,CRM,547.7389707413122,553.5769681719995,540.939447558055
2023-06-08,CSCO,34.59569966292228,34.847878756702805,34.25684473916588
2023-06-08,IBM,73.16184348889533,73.71572225922839,72.47633873008171
2023-06-08,INTC,46.005232658083415,46.463312396150386,45.03644034233516
2023-06-08,MSFT,342.9809141190471,346.2105256467038,339.0253209469676
2023-06-08,NKE,122.7167311468675,123.70873800502123,121.42229739544864
2023-06-08,VZ,27.08142790913381,27.275234899403237,26.80154065369006
2023-06-08,WMT,52.25727833370535,52.56687613976644,51.86196252771463
2023-06-09,AAPL,146.50509684304438,147.100371572429,145.22569500652074
2023-06-09,AMGN,155.94649050816662,157.57878569756753,154.34411411344433
2023-06-09,CRM,548.7738045302218,554.3534252195419,541.642032717977
2023-06-09,CSCO,34.59941460190994,34.8381880018699,34.259464657581354
2023-06-09,IBM,73.23289739759306,73.75832869558045,72.5479940694894
2023-06-09,INTC,46.57060292063695,47.11750968489069,45.62053310018759
2023-06-09,MSFT,344.3307274968549,347.38599757584507,340.36759714755374
2023-06-09,NKE,122.56538890933085,123.62217639314166,121.29089576213914
2023-06-09,VZ,27.004283294046132,27.209140908077895,26.73249049108583
2023-06-09,WMT,52.23469450277639,52.53849643175051,51.83575651046784
2023-06-12,AAPL,146.79852604864493,147.4953036909267,145.4647340528131
2023-06-12,AMGN,155.32399394700312,156.8707594059186,153.64965563520786
2023-06-12,CRM,549.0154003209105,554.385021327103,541.6390448662727
2023-06-12,CSCO,34.587224451739424,34.8155482565268,34.24485701820262
2023-06-12,IBM,73.26420240265958,73.7678601155199,72.57631584374015
2023-06-12,INTC,47.00654260840923,47.61777778824292,46.06585598296281
2023-06-12,MSFT,345.43396324122943,348.35966809160743,341.4440877224934
2023-06-12,NKE,122.22644187500111,123.31795787077881,120.96040241703719
2023-06-12,VZ,26.915646232320512,27.126712058760898,26.648578000085312
2023-06-12,WMT,52.20165464449158,52.49933809776877,51.79811077921196
2023-06-13,AAPL,147.5221648396008,147.8887819845678,146.30497056305603
2023-06-13,AMGN,154.49013386893492,156.2394482826681,153.03338249655442
2023-06-13,CRM,551.424756437726,557.3008239279537,544.5976678986094
2023-06-13,CSCO,34.60918201939129,34.86182305306669,34.26644745622469
2023-06-13,IBM,73.38870862640346,73.94579841364744,72.69277185794046
2023-06-13,INTC,47.86507821424734,48.300533901381286,46.83902478855275
2023-06-13,MSFT,347.1649012304238,350.4490088599839,343.1149230766647
2023-06-13,NKE,122.41878935337417,123.36850895952865,121.10509763341595
2023-06-13,VZ,26.855514892764177,27.04114698183668,26.572981918364018
2023-06-13,WMT,52.18323517669299,52.489270543263395,51.78443746600326
2023-06-14,AAPL,148.21830201122262,149.13877453266042,147.08543693568706
2023-06-14,AMGN,154.2043581415587,155.92741626886453,152.73039794814204
2023-06-14,CRM,553.4084915728906,559.8178330047485,546.9189910218962
2023-06-14,CSCO,34.68112766378955,34.954329348501275,34.38369342469846
2023-06-14,IBM,73.58821478864496,74.18178699529969,72.98534786022869
2023-06-14,INTC,48.43192987908221,49.13403291685051,47.538852328094315
2023-06-14,MSFT,349.16918892371524,352.63259189620373,345.62281754862244
2023-06-14,NKE,122.3935173949511,123.66783888095192,121.30619946979687
2023-06-14,VZ,26.811437786320493,27.048231251567287,26.572331188549516
2023-06-14,WMT,52.25049440550943,52.60450608588846,51.9058305624962
2023-06-15,AAPL,148.87815155542592,149.07423345537998,147.5863196524678
2023-06-15,AMGN,153.18364109569566,154.8872870767114,151.70743589286832
2023-06-15,CRM,555.6019302256814,561.2048929973803,548.4519756000421
2023-06-15,CSCO,34.67484867653968,34.91459817753938,34.31160915169595
2023-06-15,IBM,73.66265886035912,74.19636614293223,72.92438065099621
2023-06-15,INTC,49.36790809846773,49.73965060662613,48.25938639051833
2023-06-15,MSFT,350.68047448073395,353.86032982071265,346.3686172566419
2023-06-15,NKE,122.57727087966157,123.41571134345452,121.17279658409399
2023-06-15,VZ,26.73920383553742,26.906673669537525,26.442490394034035
2023-06-15,WMT,52.19214889709645,52.475999060037815,51.768788150586246
2023-06-16,AAPL,149.22438587095866,149.85334781028783,147.8747569367154
2023-06-16,AMGN,152.50831394678488,154.0505331991817,150.88736740284244
2023-06-16,CRM,556.1092685452958,561.5603638902677,548.6717997600829
2023-06-16,CSCO,34.66244249422224,34.89229535329429,34.31580756361408
2023-06-16,IBM,73.69832449257625,74.20785539887939,72.99837041223434
2023-06-16,INTC,49.89915378794463,50.505902945305515,48.88145354627356
2023-06-16,MSFT,351.8502849062219,354.85466388770755,347.74146852661937
2023-06-16,NKE,122.3101557394823,123.36215178738196,121.02109071242226
2023-06-16,VZ,26.653188458957754,26.855601362290233,26.38374652024188
2023-06-16,WMT,52.15416045096065,52.44883750920758,51.74731215726498
2023-06-20,AAPL,149.8947523148429,150.44872858452655,148.6626805560795
2023-06-20,AMGN,151.8463613764653,153.53298197681545,150.38278751393514
2023-06-20,CRM,558.1566719649969,564.1606701620817,551.2535960036727
2023-06-20,CSCO,34.69166958935912,34.946394778237284,34.35905097425713
2023-06-20,IBM,73.82872185931683,74.3903371642072,73.15216135935725
2023-06-20,INTC,50.679292056192956,51.234549195699834,49.63917147162395
2023-06-20,MSFT,353.59155535013684,356.9278839209212,349.5987847116093
2023-06-20,NKE,122.3821904969868,123.42895964504058,121.12881922898943
2023-06-20,VZ,26.59363072646985,26.793075263588445,26.3262002557795
2023-06-20,WMT,52.154054383885054,52.47001534137148,51.76778185152032
2023-06-21,AAPL,150.51159818765763,151.14811764463602,149.2658917646446
2023-06-21,AMGN,151.25142943031983,152.9041850388707,149.7668461227748
2023-06-21,CRM,559.9053025847118,565.9067884378888,552.9358631187857
2023-06-21,CSCO,34.72049233685632,34.9739715419874,34.39103688982796
2023-06-21,IBM,73.95351747268467,74.51221412835754,73.28372427314396
2023-06-21,INTC,51.388663335328275,51.994382216969726,50.35388411314344
2023-06-21,MSFT,355.28310429605233,358.60442959044303,351.3159380620103
2023-06-21,NKE,122.37149574530413,123.45900640956853,121.14037268866934
2023-06-21,VZ,26.531978336078183,26.737594445945945,26.270183560822275
2023-06-21,WMT,52.15855374602784,52.47703478200466,51.77574632598514
2023-06-22,AAPL,150.9897201452867,151.4847003543033,149.65295437318048
2023-06-22,AMGN,150.48408974872157,152.0660768716308,148.9440290844664
2023-06-22,CRM,561.0810268620513,566.6807624635229,553.7177747050758
2023-06-22,CSCO,34.714009986591485,34.94958518093925,34.363276703995716
2023-06-22,IBM,74.0103935839895,74.53447081506232,73.29815068533254
2023-06-22,INTC,52.09755222741315,52.650592783172904,51.00169372445254
2023-06-22,MSFT,356.6302504916885,359.76338164747267,352.4124505429281
2023-06-22,NKE,122.27301640680777,123.25867476071967,120.95385302571175
2023-06-22,VZ,26.45335923734869,26.643288214822487,26.17814961222507
2023-06-22,WMT,52.118177936226274,52.411391599265414,51.70873618292383
2023-06-23,AAPL,151.7060371786299,152.2431000035734,150.47134620373114
2023-06-23,AMGN,149.81933697688197,151.50089417015894,148.3926076844233
2023-06-23,CRM,563.3333395601051,569.4429989867581,556.4230060872756
2023-06-23,CSCO,34.746941289148204,35.00445739000089,34.41438051252717
2023-06-23,IBM,74.1505710680687,74.71973256703033,73.47169155212097
2023-06-23,INTC,52.948104286734214,53.51315151786135,51.85672417705588
2023-06-23,MSFT,358.45496092895,361.8703006576047,354.4106564079172
2023-06-23,NKE,122.38820853020457,123.42642911613284,121.13366858315608
2023-06-23,VZ,26.39687727564183,26.59330778601659,26.130567761681387
2023-06-23,WMT,52.12047346224279,52.43758991821512,51.73556503404505
2023-06-26,AAPL,152.2405477455171,152.96122267326294,150.95840101435653
2023-06-26,AMGN,149.28662384180564,150.87603238496692,147.78001916481583
2023-06-26,CRM,564.6358760400531,570.6075207989562,557.5031219352496
2023-06-26,CSCO,34.77081390084709,35.0205861144347,34.44240228483697
2023-06-26,IBM,74.25999996511375,74.81162838416283,73.59183221810638
2023-06-26,INTC,53.57911531255016,54.25373868813284,52.51881584604739
2023-06-26,MSFT,360.0499992637297,363.3504918262855,356.05494066306164
2023-06-26,NKE,122.26183446387587,123.38446845030663,121.04728532876773
2023-06-26,VZ,26.3307798701894,26.54075959199742,26.07518083741798
2023-06-26,WMT,52.12497559488724,52.44309934906238,51.743309973552655
2023-06-27,AAPL,152.86731805336674,153.11677581440193,151.52698772588099
2023-06-27,AMGN,148.32832309577552,149.95472737576162,146.87592577761023
2023-06-27,CRM,566.6173131842068,572.2788280314586,559.2602476970525
2023-06-27,CSCO,34.761030370614556,34.99876353803281,34.39736437301529
2023-06-27,IBM,74.32494797214565,74.85763239551956,73.58181054665671
2023-06-27,INTC,54.56171424326233,55.00225109837478,53.34755821082944
2023-06-27,MSFT,361.5360089469921,364.7745747819861,357.1010305383655
2023-06-27,NKE,122.38424343677825,123.24186528499368,120.98961557263846
2023-06-27,VZ,26.25681066637661,26.424707262463755,25.967751268527334
2023-06-27,WMT,52.06591341728499,52.34855044326663,51.643580151623475
2023-06-28,AAPL,153.46337857263936,154.01878998949275,152.160679044785
2023-06-28,AMGN,147.6500597473723,149.25025381066968,146.18713767485727
2023-06-28,CRM,568.2926902310759,574.2209139021534,561.0810626029138
2023-06-28,CSCO,34.77555456729688,35.02272710737629,34.43528970232077
2023-06-28,IBM,74.42502667967848,74.9745062345755,73.73017145028902
2023-06-28,INTC,55.36472651452756,55.972594244601495,54.22037175450927
2023-06-28,MSFT,363.14446062397496,366.4692009725534,358.97105060373303
2023-06-28,NKE,122.375561390413,123.40425648848611,121.0981884472932
2023-06-28,VZ,26.18995695213106,26.384021543210633,25.92364710617114
2023-06-28,WMT,52.04998122839344,52.356428875186104,51.655389486049046
2023-06-29,AAPL,154.04017963273154,154.44885641393705,152.69582743252275
2023-06-29,AMGN,146.83325465082478,148.41723782609577,145.37032583370558
2023-06-29,CRM,569.9505427748503,575.7045309614492,562.5651620436923
2023-06-29,CSCO,34.77274835378256,35.01223383018795,34.41873921633031
2023-06-29,IBM,74.49610212739856,75.03187810104929,73.77233276843316
2023-06-29,INTC,56.250260234011776,56.791035493705635,55.042547521021724
2023-06-29,MSFT,364.63238805630823,367.89596450467775,360.28031421272675
2023-06-29,NKE,122.39455148550252,123.33586311217249,121.05253150832685
2023-06-29,VZ,26.116747124629146,26.296891154473627,25.839715449628297
2023-06-29,WMT,52.00754522183345,52.29903144980735,51.59671483514828
2023-06-30,AAPL,154.53766887193396,155.15922211003257,153.19435725506904
2023-06-30,AMGN,146.19473584646005,147.7336204356623,144.7011300401953
2023-06-30,CRM,571.1253850063521,576.9576858108678,563.7322185825412
2023-06-30,CSCO,34.77837878389287,35.019598250164435,34.43708549440572
2023-06-30,IBM,74.57316393974202,75.11076834026493,73.87633212991747
2023-06-30,INTC,56.96653672600907,57.63200930541988,55.80298521629933
2023-06-30,MSFT,366.0978683610495,369.3630996271765,361.8875859500799
2023-06-30,NKE,122.26686224041566,123.3188050673196,120.99569219637264
2023-06-30,VZ,26.043660890259982,26.24080863916703,25.781337581827145
2023-06-30,WMT,51.98644424889369,52.28955835400007,51.59008782785525
2023-07-03,AAPL,155.06935199691353,155.5842939133561,153.7151236013088
2023-07-03,AMGN,145.46886681637372,147.01555418232186,143.99755207398127
2023-07-03,CRM,572.5084224381004,578.3055151798748,565.0778091659113
2023-07-03,CSCO,34.77852144145045,35.018194605080474,34.43023370906383
2023-07-03,IBM,74.64463288735728,75.18067586696151,73.93212313818945
2023-07-03,INTC,57.7751668715317,58.38900546098982,56.563886476772815
2023-07-03,MSFT,367.56765338359435,370.84284910464356,363.25391589227644
2023-07-03,NKE,122.20414445671501,123.1977288807634,120.89665811622221
2023-07-03,VZ,25.97012035740825,26.157691200760755,25.70128981876686
2023-07-03,WMT,51.9533283597344,52.24960362100344,51.54927895211311
2023-07-05,AAPL,155.86361209330684,156.22311983942345,154.58442317068406
2023-07-05,AMGN,144.66909054991567,146.32025857146834,143.31781736889607
2023-07-05,CRM,575.1750653878635,581.328185185346,568.0869931809053
2023-07-05,CSCO,34.80205055141801,35.057348506953375,34.45676069984883
2023-07-05,IBM,74.77640638614675,75.34689470261462,74.0655561965487
2023-07-05,INTC,58.87305763508733,59.39204462078235,57.60371841627181
2023-07-05,MSFT,369.4475357454289,372.96311716143094,365.1273406201592
2023-07-05,NKE,122.43503679230173,123.3720287915162,121.11527710621941
2023-07-05,VZ,25.913607722949195,26.090643765486615,25.639498496504483
2023-07-05,WMT,51.93471393010868,52.239145384990735,51.537347763718806
2023-07-06,AAPL,156.24348200672387,156.84025915718954,154.82505337829951
2023-07-06,AMGN,143.9788781415984,145.4429599255324,142.4563433402084
2023-07-06,CRM,575.8162386091299,581.4240515489927,568.0973015537743
2023-07-06,CSCO,34.78583460582862,35.01530856223467,34.433621021534066
2023-07-06,IBM,74.80817552565773,75.32352702369137,74.0884191622829
2023-07-06,INTC,59.56461480659744,60.2547363233053,58.331072622191336
2023-07-06,MSFT,370.6725822601345,373.832089987346,366.29021902871966
2023-07-06,NKE,122.20705956136575,123.22447026039703,120.89661835331789
2023-07-06,VZ,25.82959451440783,26.020552037280194,25.56422688034219
2023-07-06,WMT,51.88927933362485,52.178204815898894,51.479512034065905
2023-07-07,AAPL,156.7770407785976,157.64114285672517,155.47373297711832
2023-07-07,AMGN,143.87414020171613,145.04995640491774,142.4178746054759
2023-07-07,CRM,576.6288950138126,582.4159677748447,570.0319459032747
2023-07-07,CSCO,34.82504658508322,35.01972429206081,34.538389770206486
2023-07-07,IBM,74.85152247747101,75.3708963569058,74.29908658485147
2023-07-07,INTC,59.49772407955714,60.37046577131398,58.56368198223975
2023-07-07,MSFT,371.96251517969415,374.9013383234447,368.191117926846
2023-07-07,NKE,121.80093762540696,123.0122947039964,120.63343278572945
2023-07-07,VZ,25.852443264566123,26.008375727048648,25.649655904369784
2023-07-07,WMT,51.976540758883296,52.249625039165345,51.65066003799746
2023-07-10,AAPL,157.16733669851982,157.93514776604667,155.76043823534806
2023-07-10,AMGN,143.61257228532838,144.75370753822847,142.12104733764912
2023-07-10,CRM,576.4746775592118,581.9500715300773,569.5703759909642
2023-07-10,CSCO,34.82699932859807,35.00279614815987,34.52479593887987
2023-07-10,IBM,74.80032034355801,75.30571652862662,74.22701196932576
2023-07-10,INTC,59.33862821709149,60.15266812283393,58.370971520732475
2023-07-10,MSFT,373.01592277964295,375.7531982160786,368.9856613479762
2023-07-10,NKE,121.22638334621448,122.3728965716503,119.99163143638546
2023-07-10,VZ,25.852874048115325,26.001904868723855,25.646869246984444
2023-07-10,WMT,52.01872315432574,52.2769294755673,51.68222921117671
2023-07-11,AAPL,157.6496526341161,158.47661864326588,156.29532422446258
2023-07-11,AMGN,143.4393608784536,144.60646114572813,141.9806279795005
2023-07-11,CRM,576.84575860434,582.5274685647994,570.135477072779
2023-07-11,CSCO,34.85002904537079,35.03676043117154,34.557255585668855
2023-07-11,IBM,74.79929837059275,75.3182214955018,74.2412858320629
2023-07-11,INTC,59.230715814712646,60.07297213854513,58.28630234534133
2023-07-11,MSFT,374.2442687233322,377.1151084693512,370.33776076088236
2023-07-11,NKE,120.74636509179405,121.9251620047812,119.5583963410425
2023-07-11,VZ,25.86537757909483,26.019419574043688,25.66289148633357
2023-07-11,WMT,52.086190124535435,52.35550176203499,51.75800867803169
2023-07-12,AAPL,158.11787163389113,158.95479186359032,156.77085358503115
2023-07-12,AMGN,143.30141153790936,144.4394380725851,141.8220472062478
2023-07-12,CRM,577.4059279269393,583.0299071582449,570.6391091133434
2023-07-12,CSCO,34.87727926608197,35.065793681305436,34.582972972143345
2023-07-12,IBM,74.82105471610456,75.32520241495153,74.25364968890756
2023-07-12,INTC,59.13795461530535,59.993055110009685,58.195033285356715
2023-07-12,MSFT,375.3777409406256,378.2608945820451,371.5011661374141
2023-07-12,NKE,120.30067574377757,121.46904305192645,119.12177784881531
2023-07-12,VZ,25.882682616210833,26.035063853639514,25.675181661662386
2023-07-12,WMT,52.160043820513636,52.4260043283082,51.82235708119024
2023-07-13,AAPL,158.62276660029255,159.4517803223457,157.25348188517137
2023-07-13,AMGN,143.11081534184973,144.30060748053288,141.68072032288384
2023-07-13,CRM,577.6365090744509,583.394408358806,570.9737752325686
2023-07-13,CSCO,34.89787731035592,35.084092373370105,34.606481160716925
2023-07-13,IBM,74.80187820548225,75.33672507153557,74.25276713977593
2023-07-13,INTC,59.01997337262933,59.847845100778294,58.080300148906424
2023-07-13,MSFT,376.7102451557836,379.60489258743667,372.7484977478844
2023-07-13,NKE,119.80038556958469,120.97765016069539,118.62020161971638
2023-07-13,VZ,25.89151935071269,26.048268628401175,25.693778230391978
2023-07-13,WMT,52.22356846409254,52.49906553654448,51.902737587698745
2023-07-14,AAPL,158.97609636468903,159.76348991254315,157.57212502154664
2023-07-14,AMGN,142.91672071822137,143.99247093209055,141.38343377627857
2023-07-14,CRM,577.8448684495522,583.1813701298635,570.8004151771072
2023-07-14,CSCO,34.90692547620408,35.08561855510965,34.600372719163126
2023-07-14,IBM,74.79598689644766,75.26911965307734,74.20213619315997
2023-07-14,INTC,58.88968430921021,59.7258056386096,57.92738742447163
2023-07-14,MSFT,377.55438028519956,380.3209521087626,373.55313097031825
2023-07-14,NKE,119.29663256836447,120.40880050756164,118.08765056459447
2023-07-14,VZ,25.901293036266093,26.046331192466145,25.684518095365412
2023-07-14,WMT,52.277209968184884,52.52759713678911,51.919603635895605
2023-07-17,AAPL,159.47110837290697,160.29563797157192,158.0853911083752
2023-07-17,AMGN,142.70977553204094,143.89414070152006,141.27942419470006
2023-07-17,CRM,577.989534532009,583.7247143535925,571.2962782394436
2023-07-17,CSCO,34.92421550225384,35.10888075863044,34.63124507897881
2023-07-17,IBM,74.76848124324451,75.30149436729612,74.21795120682808
2023-07-17,INTC,58.7640430944823,59.58339225831499,57.82529495097082
2023-07-17,MSFT,378.875530301099,381.7679273823104,374.86842792934596
2023-07-17,NKE,118.78569741130751,119.9479856047324,117.6091891591349
2023-07-17,VZ,25.90813775498493,26.064181967227658,25.7099222482359
2023-07-17,WMT,52.336820092663785,52.61114603676367,52.01462498945111
2023-07-18,AAPL,159.9326953848422,160.78317511312332,158.57686253290365
2023-07-18,AMGN,142.58983644526276,143.70466115470194,141.10111023652482
2023-07-18,CRM,578.6725120455964,584.2640616314937,571.8546738836636
2023-07-18,CSCO,34.95397551793466,35.14379223850538,34.65798342369784
2023-07-18,IBM,74.80536446266356,75.29870473203843,74.23200176473746
2023-07-18,INTC,58.68123450413466,59.539153250089264,57.745195720611534
2023-07-18,MSFT,379.9569360635419,382.87522375107636,376.0594739009404
2023-07-18,NKE,118.36756871159841,119.51257548514077,117.2099238469327
2023-07-18,VZ,25.928592374714114,26.079627111634977,25.717368313015108
2023-07-18,WMT,52.41485622746226,52.678641798578894,52.069789604323496
2023-07-19,AAPL,160.29898470692711,161.05800230822956,158.8390368966559
2023-07-19,AMGN,142.29668703408024,143.42403543818227,140.81664552086625
2023-07-19,CRM,578.2709317282975,583.7006687178671,571.2807910071729
2023-07-19,CSCO,34.946776600271185,35.11860388022603,34.64013647638091
2023-07-19,IBM,74.72967419898033,75.23545524936355,74.15335763548877
2023-07-19,INTC,58.501510098619484,59.28959023856069,57.539322437855965
2023-07-19,MSFT,380.99074448828566,383.7367989386983,376.8107018174873
2023-07-19,NKE,117.7672892209656,118.86870563489589,116.55091684865081
2023-07-19,VZ,25.92325278994014,26.07184728407799,25.71714973071509
2023-07-19,WMT,52.4460893092601,52.704535222906756,52.105773413847245
2023-07-20,AAPL,160.76920891942734,161.60276254368802,159.37912821288447
2023-07-20,AMGN,142.11820596127157,143.26333878182183,140.66371358349414
2023-07-20,CRM,578.5799016252673,584.2251759221974,571.7995630501847
2023-07-20,CSCO,34.96661889180085,35.152187353402226,34.67068341272238
2023-07-20,IBM,74.7236846038006,75.23706745937064,74.16126915517995
2023-07-20,INTC,58.38842862133755,59.21595816464856,57.45327008165665
2023-07-20,MSFT,382.1892812916017,385.0968047727424,378.1814268368376
2023-07-20,NKE,117.29018373336916,118.42692871016044,116.12917591685716
2023-07-20,VZ,25.93443884311345,26.087767041264595,25.729880490238074
2023-07-20,WMT,52.51045395907684,52.77951347778979,52.17593313432262
2023-07-21,AAPL,161.13271498344687,161.8998771836542,159.6709924699442
2023-07-21,AMGN,141.84431848373004,142.95764241091092,140.36213204953805
2023-07-21,CRM,578.2669016334326,583.6748339742238,571.2602565510929
2023-07-21,CSCO,34.96154438156962,35.13431854366585,34.65441867126595
2023-07-21,IBM,74.65853680807557,75.1588758612477,74.0793747590101
2023-07-21,INTC,58.21663498932941,59.00727287970585,57.259528568123685
2023-07-21,MSFT,383.19209208024586,385.95785734815104,379.0081320126378
2023-07-21,NKE,116.71009458133835,117.79988992804115,115.5072523408106
2023-07-21,VZ,25.931328254003553,26.079532123390432,25.723493797069537
2023-07-21,WMT,52.54483634295125,52.802858563410155,52.200441238894555
2023-07-24,AAPL,161.56188123081648,162.37836554881392,160.14513067072122
2023-07-24,AMGN,141.6452908799387,142.76679344524345,140.17727287973068
2023-07-24,CRM,578.4282185557855,583.9676280802695,571.5515443019877
2023-07-24,CSCO,34.974216574169645,35.15595054620939,34.67382427754082
2023-07-24,IBM,74.64030655942965,75.14352952578562,74.06929515167457
2023-07-24,INTC,58.08892252482895,58.905353240099544,57.149956578328876
2023-07-24,MSFT,384.2924876921598,387.16494033601174,380.2201447826643
2023-07-24,NKE,116.21221986291738,117.32205899707446,115.04697223893346
2023-07-24,VZ,25.939289227673,26.090209287901466,25.731856964822708
2023-07-24,WMT,52.601118359508504,52.865325803810144,52.259510457411174
2023-07-25,AAPL,162.073239296194,162.95414194928708,160.71642176698285
2023-07-25,AMGN,141.55163693717154,142.68103591400507,140.09970670408197
2023-07-25,CRM,579.2240478701559,584.929133935651,572.5000546130995
2023-07-25,CSCO,35.01022085565313,35.20378730843297,34.71810673577542
2023-07-25,IBM,74.68537988187892,75.19214259320249,74.12299567866765
2023-07-25,INTC,58.01929302265866,58.871965673628445,57.10197077737364
2023-07-25,MSFT,385.50369902385324,388.51261365068166,381.58342128100173
2023-07-25,NKE,115.82225276983927,116.95904739025237,114.70295827557388
2023-07-25,VZ,25.962127393579472,26.11676345128366,25.754811380495244
2023-07-25,WMT,52.686411621485384,52.95900031934268,52.34703372305024
2023-07-26,AAPL,162.56823037719442,163.41832909344168,161.16867911327844
2023-07-26,AMGN,141.37761916988393,142.52858380021138,139.94129407979477
2023-07-26,CRM,579.5629836404748,585.2682007863158,572.817135228059
2023-07-26,CSCO,35.03228594554788,35.219483340750436,34.737721584521296
2023-07-26,IBM,74.68071450585845,75.19989962599126,74.12360018307035
2023-07-26,INTC,57.9108692251163,58.732190641771844,56.98673908043801
2023-07-26,MSFT,386.7728920606565,389.73492718262077,382.7272704967028
2023-07-26,NKE,115.3580711604113,116.48337497206566,114.22133432393754
2023-07-26,VZ,25.973868550998645,26.128690858415357,25.77085604772705
2023-07-26,WMT,52.75334228516942,53.02638949349794,52.421168974315826
2023-07-27,AAPL,162.9538146399263,163.77225421583293,161.5253407284975
2023-07-27,AMGN,141.2036671819252,142.2775886284058,139.70238525849126
2023-07-27,CRM,579.8508585553863,585.2623416956854,572.8348676297577
2023-07-27,CSCO,35.04518046972178,35.22664214362578,34.73976782581196
2023-07-27,IBM,74.68143720426335,75.16118687430084,74.09356054678163
2023-07-27,INTC,57.791054811578995,58.61528335335948,56.851270922090734
2023-07-27,MSFT,387.69747742772,390.5657770130408,383.6115400663451
2023-07-27,NKE,114.88618219461223,115.96595819719127,113.72971579178761
2023-07-27,VZ,25.98540585464914,26.13277558744848,25.770067349447146
2023-07-27,WMT,52.811893382624085,53.068911066008425,52.4542892616909
2023-07-28,AAPL,163.40932744271387,164.24749059530527,161.98842762859587
2023-07-28,AMGN,141.01985890594653,142.1433932586792,139.56483527208133
2023-07-28,CRM,580.1132032323038,585.7167251287935,573.2627496485287
2023-07-28,CSCO,35.062207607419296,35.24666919126608,34.76324967897628
2023-07-28,IBM,74.6722729278303,75.17867030964854,74.10477100214034
2023-07-28,INTC,57.67399389703281,58.489757857827726,56.746295775699494
2023-07-28,MSFT,388.854518855611,391.7890930821814,384.7617221378827
2023-07-28,NKE,114.41279859518676,115.51337966637877,113.2739421259669
2023-07-28,VZ,25.995654758031012,26.147916499449963,25.788573967714107
2023-07-28,WMT,52.87360321105185,53.1414121544055,52.53253377943616
2023-07-31,AAPL,163.86291663167137,164.700152760284,162.43456148148067
2023-07-31,AMGN,140.8330507143744,141.95590956485842,139.38167568589793
2023-07-31,CRM,580.3392482266455,585.9401101719974,573.4805510597105
2023-07-31,CSCO,35.077990920406755,35.261919498258976,34.77854224666377
2023-07-31,IBM,74.65939526142982,75.16703414075074,74.09196439825963
2023-07-31,INTC,57.5539508215818,58.36583777439972,56.62721669996707
2023-07-31,MSFT,390.0143782102818,392.9514474881317,385.8999552766589
2023-07-31,NKE,113.93538466526721,115.03018308329669,112.79916894411595
2023-07-31,VZ,26.005041450402267,26.15749625661128,25.798314082772485
2023-07-31,WMT,52.933779550527454,53.20218462612121,52.59260044541809
2023-08-01,AAPL,164.2966560930128,165.0948278716968,162.81683143047624
2023-08-01,AMGN,140.55605744377715,141.70577012286367,139.12943091932226
2023-08-01,CRM,580.002424487419,585.599426718581,573.1286615191764
2023-08-01,CSCO,35.07666736262967,35.25265607714269,34.774552765645254
2023-08-01,IBM,74.58539073298749,75.11063063786666,74.02532877281078
2023-08-01,INTC,57.38689806457435,58.16017368527004,56.452654677894124
2023-08-01,MSFT,391.24938933575555,394.1261503283016,386.9824255758671
2023-08-01,NKE,113.3688175673386,114.45023653652467,112.21200234285254
2023-08-01,VZ,26.00075534586379,26.15405458029474,25.800260876365343
2023-08-01,WMT,52.97125983750816,53.24158995266558,52.63960588254183
2023-08-02,AAPL,164.8053291272009,165.68399074943622,163.406280965657
2023-08-02,AMGN,140.4199648495313,141.54966915661313,138.9821717711337
2023-08-02,CRM,580.5797024579946,586.2897811217762,573.825249382348
2023-08-02,CSCO,35.10584533003288,35.29668420034501,34.811598247419006
2023-08-02,IBM,74.60680838898197,75.11675687016445,74.04684210136818
2023-08-02,INTC,57.29941261701856,58.12755294958377,56.3890216891944
2023-08-02,MSFT,392.50103864566836,395.5344935504029,388.45427338275124
2023-08-02,NKE,112.95278399271375,114.05722813521113,111.85036045778365
2023-08-02,VZ,26.018314223471886,26.172772945320485,25.8120247328092
2023-08-02,WMT,53.04804119649268,53.32130930705703,52.70947983330641
2023-08-03,AAPL,165.1449698640246,165.94158383073363,163.66423562310462
2023-08-03,AMGN,140.1996589169166,141.25284321295874,138.69415065119424
2023-08-03,CRM,580.5715850153888,585.8816236036533,573.4404233834896
2023-08-03,CSCO,35.10698941535045,35.282746871979235,34.795814908233524
2023-08-03,IBM,74.57927827735486,75.05208285130104,73.98438375106787
2023-08-03,INTC,57.153500322686874,57.952429579789595,56.212768542337365
2023-08-03,MSFT,393.3461704710998,396.18472273756953,389.12019386438595
2023-08-03,NKE,112.4427219334414,113.4811094630091,111.28937529033821
2023-08-03,VZ,26.02304233032069,26.16807270468072,25.805750301934644
2023-08-03,WMT,53.09259058761237,53.34532628098686,52.72872112913252
2023-08-04,AAPL,165.79839484628155,166.7335890381093,164.43363717646415
2023-08-04,AMGN,140.09095149272426,141.3027760077447,138.73542141110673
2023-08-04,CRM,581.3414352973763,587.4211572390456,574.9082578879571
2023-08-04,CSCO,35.15133058745352,35.351321267996475,34.870422780504185
2023-08-04,IBM,74.60817703433881,75.16378570745907,74.08406692474462
2023-08-04,INTC,57.0910739860453,57.91894730654645,56.2074434554655
2023-08-04,MSFT,395.02034308262404,398.2143802252423,391.0178468455471
2023-08-04,NKE,112.06206384852949,113.20819705794601,111.00322637375241
2023-08-04,VZ,26.04400724228694,26.20810516722317,25.851516832000986
2023-08-04,WMT,53.185142618514426,53.47985953611489,52.87420904291194
2023-08-07,AAPL,165.83538280038252,167.49053386836943,164.8787687577955
2023-08-07,AMGN,141.15749707021612,142.35467652644886,139.7965043021445
2023-08-07,CRM,581.316197939828,587.3517421270614,575.1826723256906
2023-08-07,CSCO,35.237697786900995,35.46801781107807,34.959153230232396
2023-08-07,IBM,74.87319576541755,75.32079247106066,74.35571614489466
2023-08-07,INTC,57.23263422791158,58.06662540485447,56.31653430373711
2023-08-07,MSFT,395.053166816936,399.838850179095,391.63818255731974
2023-08-07,NKE,111.95640354909192,113.0262812936378,111.03414665088103
2023-08-07,VZ,25.991805231930737,26.288951292092356,25.799562137104044
2023-08-07,WMT,53.24207536910231,53.5811151420748,52.962210359608434
2023-08-08,AAPL,165.45590818962003,167.13667444451855,164.45396482454362
2023-08-08,AMGN,142.35831829036533,143.52967058639416,140.85173770152
2023-08-08,CRM,580.5889380815876,586.3187606544265,574.2082381975006
2023-08-08,CSCO,35.282907172447246,35.50673307531558,34.99635767308398
2023-08-08,IBM,75.07243643175043,75.50935094207266,74.53814272278244
2023-08-08,INTC,57.33246792822392,58.13212672745257,56.37979077817132
2023-08-08,MSFT,394.80283233719535,399.5376524254749,391.3092592159009
2023-08-08,NKE,111.76063473617437,112.7915563704297,110.79937321469693
2023-08-08,VZ,25.916421420023585,26.20560233407133,25.720425723125345
2023-08-08,WMT,53.25518839682553,53.58631778175423,52.96121867109999
2023-08-09,AAPL,165.28228115710058,166.9718960366929,164.3202462122105
2023-08-09,AMGN,143.5532116697693,144.76199564612395,142.10229356824277
2023-08-09,CRM,580.2907865623516,586.220660847479,574.0961368205326
2023-08-09,CSCO,35.35029619706066,35.58106450025373,35.07018289539182
2023-08-09,IBM,75.31066478764184,75.7615027027848,74.78829347767143
2023-08-09,INTC,57.46259718203628,58.28581004965349,56.5288607436819
2023-08-09,MSFT,394.73773206100424,399.5355777397077,391.3173947256229
2023-08-09,NKE,111.62587940680818,112.68380514186472,110.69350073647584
2023-08-09,VZ,25.853299963090887,26.14638269693464,25.661672662251657
2023-08-09,WMT,53.29243379477057,53.63180468149504,53.008720737061964
2023-08-10,AAPL,165.2919583052361,166.88268450333248,164.2999565441706
2023-08-10,AMGN,144.55609430340326,145.74901019538586,143.14769309208455
2023-08-10,CRM,580.0043953175458,585.8724083305942,573.7331103514094
2023-08-10,CSCO,35.42526086053111,35.64894683721381,35.13749775324354
2023-08-10,IBM,75.5525031568444,75.98861630623911,75.0157241070995
2023-08-10,INTC,57.57200744727462,58.39791456868504,56.63769232785362
2023-08-10,MSFT,394.59582741174484,399.25929094100366,391.08131312076324
2023-08-10,NKE,111.47559593318412,112.51527940889216,110.52903408998384
2023-08-10,VZ,25.795914992139647,26.086545667578427,25.600855002257443
2023-08-10,WMT,53.33486740657113,53.66493566062818,53.045318595274885
2023-08-11,AAPL,164.96704966406998,166.73206694462672,164.0430452879194
2023-08-11,AMGN,145.91359421893696,147.16642012140593,144.39921903442837
2023-08-11,CRM,579.7886279073085,585.8148654973421,573.7151260108074
2023-08-11,CSCO,35.488340083944415,35.72800255072935,35.21515260782341
2023-08-11,IBM,75.79437237536798,76.26557659389319,75.28340151677497
2023-08-11,INTC,57.72416970202273,58.5548578264168,56.78916068219762
2023-08-11,MSFT,394.61792825266764,399.5317520598355,391.2875110109203
2023-08-11,NKE,111.36970205057888,112.44712409258098,110.45587115052939
2023-08-11,VZ,25.729065170432005,26.02281414411077,25.54273719565378
2023-08-11,WMT,53.370013458816295,53.72035137669721,53.09347124012333
2023-08-14,AAPL,164.98541141292517,166.46492129526962,163.9180141838131
2023-08-14,AMGN,146.76778861430648,147.92004096147915,145.32542302829935
2023-08-14,CRM,579.0211766188742,584.5788797763505,572.4613065748304
2023-08-14,CSCO,35.54694626677219,35.75584964509183,35.24248876567476
2023-08-14,IBM,75.99663244900825,76.4034529951804,75.42702129474605
2023-08-14,INTC,57.7764388000535,58.581252568412985,56.815814164004365
2023-08-14,MSFT,394.1798291161545,398.62780549943386,390.48485981471055
2023-08-14,NKE,111.13216015399459,112.1177506479739,110.14010906682563
2023-08-14,VZ,25.664996579913467,25.94692760176955,25.462340546699668
2023-08-14,WMT,53.39081337898887,53.70176349133397,53.082657283226226
2023-08-15,AAPL,164.62242274155284,166.39093913859693,163.6946410793447
2023-08-15,AMGN,148.1716917072383,149.44110347123592,146.6198860322928
2023-08-15,CRM,578.7263960902579,584.7063440842771,572.6336152471838
2023-08-15,CSCO,35.606444490565075,35.8462003145102,35.33140904572319
2023-08-15,IBM,76.23357265015532,76.7060421462469,75.71773415697326
2023-08-15,INTC,57.92579195820452,58.75527497817717,56.98369312376321
2023-08-15,MSFT,394.17784049339315,399.08618727479814,390.8465072254739
2023-08-15,NKE,111.01598465996628,112.08554303792562,110.10173718928387
2023-08-15,VZ,25.59642881533208,25.888051840186797,25.410544313983813
2023-08-15,WMT,53.42198371820046,53.771692950563725,53.143479903597544
2023-08-16,AAPL,164.76163834938544,166.2929482268788,163.74928196717133
2023-08-16,AMGN,149.10651826138047,150.32038092489998,147.68901531817093
2023-08-16,CRM,578.4065484683799,584.1972160142751,572.0801451569149
2023-08-16,CSCO,35.686374565132624,35.906348779729704,35.39117315312041
2023-08-16,IBM,76.47861518000022,76.9083282219763,75.92546815433553
2023-08-16,INTC,58.021696486841236,58.85263361113789,57.07909085684264
2023-08-16,MSFT,393.98062858879706,398.5560540990084,390.4109795812947
2023-08-16,NKE,110.8495373161467,111.8694062214887,109.89760098397586
2023-08-16,VZ,25.54313862335737,25.829612357782015,25.34712286518253
2023-08-16,WMT,53.46718965882194,53.791102441655994,53.17209145378651
2023-08-17,AAPL,164.28214836670492,165.97288298033823,163.2849106007859
2023-08-17,AMGN,150.43992201089085,151.67210111907804,148.81290773909788
2023-08-17,CRM,577.5496618103609,583.2072250068741,571.172358101778
2023-08-17,CSCO,35.72117543175063,35.94798612028862,35.43116426357666
2023-08-17,IBM,76.66588637018906,77.1133812071565,76.12009195265018
2023-08-17,INTC,58.11555323189684,58.91911102538943,57.14278477739387
2023-08-17,MSFT,393.67342752129866,398.4019743679317,390.1837115392933
2023-08-17,NKE,110.64252159550131,111.65987976545897,109.68329437997316
2023-08-17,VZ,25.46292868008768,25.745612858147044,25.270392667348606
2023-08-17,WMT,53.469111184111874,53.80215397736328,53.1725432459398
2023-08-18,AAPL,164.11483476509346,165.76981373026834,163.1478310547747
2023-08-18,AMGN,151.66163155529892,152.92750249536607,150.12857133534595
2023-08-18,CRM,577.1874599904557,583.0425825486981,570.982129932138
2023-08-18,CSCO,35.786577677345335,36.01762401341176,35.50053321078937
2023-08-18,IBM,76.90224332964885,77.35745273016511,76.36416188350776
2023-08-18,INTC,58.236895248245844,59.06791324362753,57.28731811368025
2023-08-18,MSFT,393.5556388730089,398.2985659327381,390.1110564482588
2023-08-18,NKE,110.49669461125809,111.53632822260887,109.56505478719745
2023-08-18,VZ,25.399750043106213,25.68641939833445,25.210156117281937
2023-08-18,WMT,53.50281808069642,53.84042687664305,53.215252560439225
2023-08-21,AAPL,163.72357480763714,165.37135713272028,162.7199360465278
2023-08-21,AMGN,152.94036240387032,154.1828839891814,151.31265562453075
2023-08-21,CRM,576.3536261914525,581.9848984273445,569.9662221435746
2023-08-21,CSCO,35.824773793659816,36.049548431870775,35.531485840875725
2023-08-21,IBM,77.09225758687715,77.53651050560792,76.53903270320517
2023-08-21,INTC,58.322705204204794,59.13044485579319,57.34773033727632
2023-08-21,MSFT,393.2188829546439,397.8903329292621,389.69582343846827
2023-08-21,NKE,110.28673581415151,111.29554922521237,109.3245903808878
2023-08-21,VZ,25.322381069984228,25.60281409303882,25.1296183635891
2023-08-21,WMT,53.507039684056494,53.83700306844118,53.208517532423954
2023-08-22,AAPL,163.55173538723736,165.16873135713408,162.56468232900775
2023-08-22,AMGN,154.1326133019513,155.39881760656948,152.56790951088558
2023-08-22,CRM,575.8358755865279,581.58339419388,569.5525086053183
2023-08-22,CSCO,35.88391613178963,36.11081108309292,35.59230164301786
2023-08-22,IBM,77.3151566941411,77.76309759015729,76.76503312504784
2023-08-22,INTC,58.4251617107697,59.250915196848524,57.46482826239978
2023-08-22,MSFT,393.0013656544619,397.67146588853296,389.5025426643619
2023-08-22,NKE,110.1140245901527,111.13452562719792,109.16956941230997
2023-08-22,VZ,25.256758315151398,25.53940230328954,25.06567562460083
2023-08-22,WMT,53.53273406960242,53.86466922785231,53.2393368221118
2023-08-23,AAPL,163.69190977519764,165.2586425333952,162.72206533869118
2023-08-23,AMGN,155.1815154532979,156.4692905480555,153.7137398034041
2023-08-23,CRM,575.736855146912,581.6402076223479,569.578730113515
2023-08-23,CSCO,35.97024109992238,36.1991166677562,35.680158375986146
2023-08-23,IBM,77.57959774962164,78.03081951394765,77.03270893531871
2023-08-23,INTC,58.54461751245437,59.3942291953866,57.60388285208111
2023-08-23,MSFT,392.91768952493396,397.56588727950657,389.4309198144769
2023-08-23,NKE,109.98937941849243,111.02490098927585,109.06334087439339
2023-08-23,VZ,25.20637920539936,25.49178471080881,25.01690945815016
2023-08-23,WMT,53.58576079988808,53.91959422447486,53.29859950192104
2023-08-24,AAPL,163.50282389422068,165.17860726259977,162.5542692631726
2023-08-24,AMGN,156.4901408442223,157.80913653472516,154.90363876339006
2023-08-24,CRM,575.4461938659898,581.3353316146624,569.3133469670765
2023-08-24,CSCO,36.037971850231294,36.273828968332694,35.75311499926723
2023-08-24,IBM,77.82505373782905,78.29247410512967,77.28655622015755
2023-08-24,INTC,58.67845765059112,59.51932316213469,57.724992762191754
2023-08-24,MSFT,392.85529259300944,397.63715747545837,389.4561722336068
2023-08-24,NKE,109.85919832985692,110.90226896332844,108.94219665939227
2023-08-24,VZ,25.144332045262548,25.429432808471073,24.95832926727115
2023-08-24,WMT,53.62246205943718,53.964835924412824,53.33765590846779
2023-08-25,AAPL,163.5429740344225,165.03063691420977,162.50326500923111
2023-08-25,AMGN,157.44586344106352,158.6937340863638,155.90853060300856
2023-08-25,CRM,574.8074858993997,580.3987588713076,568.3680166808849
2023-08-25,CSCO,36.10106986649923,36.316850609897465,35.79566462062101
2023-08-25,IBM,78.04146824028484,78.46698581989583,77.46380302586944
2023-08-25,INTC,58.74251635130823,59.56712563907186,57.771767261191314
2023-08-25,MSFT,392.4747152848379,396.94264113912317,388.82984695170916
2023-08-25,NKE,109.64643128240063,110.6310121411638,108.67658927647912
2023-08-25,VZ,25.08327512483203,25.360153017235405,24.887209613427395
2023-08-25,WMT,53.64779045354125,53.964869377224986,53.34261977369579
2023-08-28,AAPL,163.39224533546556,165.01152321561574,162.4148203103454
2023-08-28,AMGN,158.66672020587944,159.9785252431005,157.0658128272578
2023-08-28,CRM,574.3760832696864,580.1520405720853,568.1482346137877
2023-08-28,CSCO,36.16534201364473,36.395521544836065,35.873072603222276
2023-08-28,IBM,78.27594420654572,78.73246961198856,77.72221426765104
2023-08-28,INTC,58.8539797098531,59.690238753058075,57.89081862627196
2023-08-28,MSFT,392.304516707501,396.9856831930742,388.8326543366688
2023-08-28,NKE,109.48738778641818,110.50821892351416,108.55541409511778
2023-08-28,VZ,25.020511421900956,25.30164962946398,24.83207907397144
2023-08-28,WMT,53.678825601904876,54.01353515446954,53.386951702388615
2023-08-29,AAPL,163.2263009508314,164.850609915582,162.25150541898634
2023-08-29,AMGN,159.91708689232823,161.23881226962823,158.29788925901616
2023-08-29,CRM,573.932170861072,579.7035731425469,567.7113370417625
2023-08-29,CSCO,36.22767243798003,36.458714010674704,35.93536635453531
2023-08-29,IBM,78.50830377938925,78.96738298653968,77.95374587742533
2023-08-29,INTC,58.96485525963688,59.801961406366274,57.99910862282039
2023-08-29,MSFT,392.1262905718141,396.80985041253814,388.6572254805874
2023-08-29,NKE,109.32840518690314,110.34850272478923,108.39684074804549
2023-08-29,VZ,24.95679070857106,25.23700358867121,24.769076389799242
2023-08-29,WMT,53.70783049216898,54.04338798259495,53.416026400847755
2023-08-30,AAPL,162.6716454404362,164.42949589231594,161.7319370842786
2023-08-30,AMGN,161.50642804312918,162.8680817951796,159.74198773801942
2023-08-30,CRM,573.3012792579527,579.0817760524382,567.1428858853901
2023-08-30,CSCO,36.266835801632276,36.507467598086386,35.98283076115632
2023-08-30,IBM,78.71749067304204,79.19918454537734,78.17687597072593
2023-08-30,INTC,59.09424257195058,59.92242836995972,58.11537543344525
2023-08-30,MSFT,391.97748347697717,396.82849587406895,388.6197740595391
2023-08-30,NKE,109.17122852944831,110.20530051288809,108.25127494434659
2023-08-30,VZ,24.878884355618684,25.15878268854382,24.696172419519723
2023-08-30,WMT,53.71672093405953,54.064371278946005,53.42976190980239
2023-08-31,AAPL,162.65134348854386,164.25698266520672,161.69107578062275
2023-08-31,AMGN,162.72405361641535,164.08233074524756,161.1294790691294
2023-08-31,CRM,573.0703179411955,578.9156918879341,566.9264905946752
2023-08-31,CSCO,36.34466157344382,36.57791148897077,36.05306105108904
2023-08-31,IBM,78.97538592294205,79.43927860754174,78.42109460646523
2023-08-31,INTC,59.2199120928795,60.072042558544695,58.2612797954532
2023-08-31,MSFT,391.8946282930556,396.58742686694626,388.4521737274293
2023-08-31,NKE,109.037612213905,110.06423125642404,108.12179658894608
2023-08-31,VZ,24.823614541069187,25.104646621163397,24.63777495294569
2023-08-31,WMT,53.76153590913997,54.098895921847664,53.47312988237001
2023-09-01,AAPL,162.575690018086,164.05467280856567,161.52311247966267
2023-09-01,AMGN,163.7439692116419,165.0256703362833,162.1005148066919
2023-09-01,CRM,572.2047480720377,577.6654174395625,565.7011874939884
2023-09-01,CSCO,36.3953197977402,36.609696879924485,36.0839571898384
2023-09-01,IBM,79.172564511409,79.59812200126991,78.5795399148839
2023-09-01,INTC,59.268392003983564,60.08814796883797,58.27710886439542
2023-09-01,MSFT,391.4167752620926,395.8446901288582,387.7466415661229
2023-09-01,NKE,108.79517417077624,109.75812047625304,107.81862377991918
2023-09-01,VZ,24.7567293342961,25.02763877892287,24.561412316116527
2023-09-01,WMT,53.773171648896195,54.08718526598311,53.46188189699839
2023-09-05,AAPL,162.38154145112625,164.1815034577045,161.53059072061524
2023-09-05,AMGN,165.36727091035618,166.84288506669117,163.70750929064448
2023-09-05,CRM,572.476360541584,578.6873841104239,566.7272327257018
2023-09-05,CSCO,36.48476067645047,36.74282567932475,36.215760075486045
2023-09-05,IBM,79.4751485807402,79.99269598539063,78.9625056141021
2023-09-05,INTC,59.47671608828996,60.358162839569786,58.538203929763746
2023-09-05,MSFT,391.7148668283506,396.74375646358817,388.5522796006729
2023-09-05,NKE,108.76786110513756,109.86004554968376,107.91812260014599
2023-09-05,VZ,24.7040608092454,24.99267013687992,24.531252658471278
2023-09-05,WMT,53.83668552958123,54.20410344815011,53.57275692040543
2023-09-06,AAPL,162.96507711970784,164.00377739453353,161.53300951394337
2023-09-06,AMGN,165.53452014360496,166.9331850761478,164.3757490032262
2023-09-06,CRM,574.1311758955511,580.9708373169661,567.8415074736877
2023-09-06,CSCO,36.604862533555625,36.82581867827342,36.36118038771196
2023-09-06,IBM,79.72208028694439,80.12463941285687,79.22135140406795
2023-09-06,INTC,59.94061770452768,60.70304139814667,58.8662688302718
2023-09-06,MSFT,392.3359424719805,396.28044810422,388.6535391425845
2023-09-06,NKE,108.67184615112504,109.70121770406611,107.73750469267905
2023-09-06,VZ,24.750854712417723,24.97396265292251,24.563673779628324
2023-09-06,WMT,53.9349243846857,54.29105985635345,53.60107101794768
2023-09-07,AAPL,163.39131931580707,164.32630655372975,161.86648838281423
2023-09-07,AMGN,165.52551347893746,166.8835743870643,164.33487188748902
2023-09-07,CRM,574.8789105920738,581.308165368102,568.3769598742109
2023-09-07,CSCO,36.68055201990706,36.891227324237164,36.42810706879707
2023-09-07,IBM,79.90638160823427,80.28081039817783,79.38049254396815
2023-09-07,INTC,60.33511481705285,61.08235823229197,59.244258034932564
2023-09-07,MSFT,392.79580570425003,396.4799242882604,388.8639849850925
2023-09-07,NKE,108.40894927986004,109.40933501257231,107.45298053688703
2023-09-07,VZ,24.76982158857981,24.996336540576902,24.580689577375892
2023-09-07,WMT,53.98291299407007,54.33754309728048,53.639241430724695
2023-09-08,AAPL,163.91847157144292,164.92049670907053,162.44518205418657
2023-09-08,AMGN,165.6138352122805,167.00637000457422,164.4554013328823
2023-09-08,CRM,576.1380708717363,582.8299100777073,569.7864305350572
2023-09-08,CSCO,36.781148565921484,37.00106028891531,36.535901820888974
2023-09-08,IBM,80.13083969734053,80.52663725947092,79.62168222522777
2023-09-08,INTC,60.77692546236317,61.547287174956615,59.69141892789282
2023-09-08,MSFT,393.4190212420428,397.2591496722976,389.6260471550102
2023-09-08,NKE,108.23922410248014,109.26214343590799,107.30937943783807
2023-09-08,VZ,24.803158426112088,25.031381919662074,24.61694155375952
2023-09-08,WMT,54.058900252764104,54.419970134320536,53.724291867620224
2023-09-11,AAPL,164.43641826000373,165.45420860266555,162.96019660058565
2023-09-11,AMGN,165.7347246093209,167.09759745312414,164.5397699499555
2023-09-11,CRM,577.5443432781974,584.271502505473,571.0408768917533
2023-09-11,CSCO,36.89039850203256,37.105874421861685,36.636949952657474
2023-09-11,IBM,80.35144227452324,80.74360798774887,79.83255246658531
2023-09-11,INTC,61.220935081359535,61.983549705954744,60.106232210812884
2023-09-11,MSFT,393.8736852882204,397.7538899993323,390.1117061670612
2023-09-11,NKE,108.11223579472346,109.10712860770988,107.1565818813069
2023-09-11,VZ,24.84569488707995,25.064434134887353,24.65337664194775
2023-09-11,WMT,54.143907628871446,54.48958867617231,53.79884724445834
2023-09-12,AAPL,164.98047852845997,165.98676654203047,163.5044453990063
2023-09-12,AMGN,165.79764565639624,167.21841241706957,164.67421156639554
2023-09-12,CRM,578.6997954675822,585.4149963181179,572.4397204792051
2023-09-12,CSCO,36.984946314498295,37.21197884812822,36.74616122685576
2023-09-12,IBM,80.58269155876773,80.98823482293096,80.08076062076427
2023-09-12,INTC,61.67197737003719,62.46842925600017,60.59083434575928
2023-09-12,MSFT,394.6730266548664,398.49953066717813,390.856200030271
2023-09-12,NKE,107.915754416889,108.95852791991061,107.01598844621407
2023-09-12,VZ,24.870940174355717,25.108065536941798,24.689674619951955
2023-09-12,WMT,54.21318342300865,54.58815743635256,53.88782049050059
2023-09-13,AAPL,165.38290080030188,166.3510896439704,163.83861924443113
2023-09-13,AMGN,165.85249391286362,167.1487641431273,164.5844235191763
2023-09-13,CRM,579.7323559307818,586.240105347185,572.8865317553475
2023-09-13,CSCO,37.07800777453091,37.279753105570514,36.8068792884632
2023-09-13,IBM,80.75702569454026,81.12392437877865,80.20689312135652
2023-09-13,INTC,62.07282855032065,62.81237182889195,60.90612453376737
2023-09-13,MSFT,394.77688941672227,398.5463080599488,390.88938627173815
2023-09-13,NKE,107.73950646333881,108.67812576130682,106.73302946776677
2023-09-13,VZ,24.909540877543773,25.117929475224013,24.70744511445671
2023-09-13,WMT,54.27887135079062,54.603334660566915,53.91231627628695
2023-09-14,AAPL,165.91635890418604,166.91669862697583,164.42209959571613
2023-09-14,AMGN,165.89989198633896,167.318953675226,164.77227862831202
2023-09-14,CRM,580.8111504999243,587.5139473139955,574.5144773277001
2023-09-14,CSCO,37.16904323352971,37.395979741161426,36.928138783261396
2023-09-14,IBM,80.98396783532374,81.38820885241512,80.47687371627059
2023-09-14,INTC,62.523639905503,63.32871911227454,61.42667282878456
2023-09-14,MSFT,395.5599149938385,399.371618254253,391.7080713864478
2023-09-14,NKE,107.5265128401154,108.56410665316429,106.62740201302876
2023-09-14,VZ,24.932470196195837,25.17073280416394,24.75059011877986
2023-09-14,WMT,54.34385926369148,54.720231698155786,54.01665684837173
2023-09-15,AAPL,166.43219951244026,167.46626251424817,164.93491472208058
2023-09-15,AMGN,166.04205084483797,167.38832401680853,164.81977510063115
2023-09-15,CRM,582.3214840068212,589.1133098149664,575.678013609963
2023-09-15,CSCO,37.28495768509289,37.498695390735485,37.02335721634874
2023-09-15,IBM,81.2034297944212,81.59490504307854,80.67220967629072
2023-09-15,INTC,62.97912298714649,63.75331446636416,61.817952098812704
2023-09-15,MSFT,395.8963338598022,399.8185836295106,392.1288570742338
2023-09-15,NKE,107.42405352214045,108.39625896641896,106.45568486820952
2023-09-15,VZ,24.981825345696727,25.19602599104288,24.784637988991562
2023-09-15,WMT,54.43508216545458,54.77338034218973,54.081090048576556
2023-09-18,AAPL,166.83319660767978,167.76671698631264,165.2603794835701
2023-09-18,AMGN,165.98929674188636,167.34713150533344,164.79830344940666
2023-09-18,CRM,582.8548845830078,589.2763200455137,576.2391242681905
2023-09-18,CSCO,37.35077711263174,37.56466622780595,37.09407174445433
2023-09-18,IBM,81.37754513198375,81.7550424829012,80.8396950387672
2023-09-18,INTC,63.37677936714031,64.1613826152904,62.23430893789046
2023-09-18,MSFT,396.3729671335777,400.0262184964173,392.3558608219158
2023-09-18,NKE,107.12785048550246,108.11493892631401,106.18544657638216
2023-09-18,VZ,24.99360137436992,25.225126524977348,24.803825057901953
2023-09-18,WMT,54.470998589125614,54.83111128592416,54.12494537342952
2023-09-19,AAPL,167.3495987947721,168.3649243242321,165.83682802937153
2023-09-19,AMGN,166.06606912986618,167.44953695769468,164.89262425617957
2023-09-19,CRM,584.0632673976347,590.8028984058735,577.5636256110311
2023-09-19,CSCO,37.450185963214516,37.67176072138428,37.197803565241095
2023-09-19,IBM,81.5974324680863,81.99638377796997,81.07443942747885
2023-09-19,INTC,63.831642338195785,64.63522981534437,62.68515578798145
2023-09-19,MSFT,396.94423328321926,400.79728808828264,393.10146197037363
2023-09-19,NKE,106.95419484326084,107.95489275779791,106.02659482620419
2023-09-19,VZ,25.026438710641763,25.254632304107,24.836952485838708
2023-09-19,WMT,54.54417114077951,54.904000612120306,54.20318085337744
2023-09-20,AAPL,167.75078067687588,168.69802657590023,166.17312268589748
2023-09-20,AMGN,166.02908045528213,167.37605856116724,164.8262694013132
2023-09-20,CRM,584.6706625153317,591.1260005871458,577.9843028735887
2023-09-20,CSCO,37.520419609246765,37.73381211916062,37.26014319855416
2023-09-20,IBM,81.77153647676343,82.15017130263408,81.22885674130744
2023-09-20,INTC,64.23536672076142,65.02634071107637,63.06989497849035
2023-09-20,MSFT,397.3671644263935,401.0479802723805,393.36197372701787
2023-09-20,NKE,106.68106418271893,107.65432039550485,105.7340168632178
2023-09-20,VZ,25.042506792020195,25.271013759825752,24.850385421042812
2023-09-20,WMT,54.584537888786095,54.93940881736197,54.23454914106217
2023-09-21,AAPL,168.22438360421611,169.22415576527976,166.68208274598268
2023-09-21,AMGN,166.07746204823192,167.43735685011387,164.88067354888193
2023-09-21,CRM,585.7222510190602,592.3840909868741,579.0912739632413
2023-09-21,CSCO,37.612964936050325,37.8305214124355,37.35409804688514
2023-09-21,IBM,81.97429154989885,82.36563985698137,81.43910010282094
2023-09-21,INTC,64.67654972496823,65.47927553416028,63.50281873977797
2023-09-21,MSFT,397.82561488067165,401.6376310096492,393.93013596966694
2023-09-21,NKE,106.48791210328608,107.46617612175905,105.54716138024824
2023-09-21,VZ,25.0729721959234,25.29834311399387,24.88020561296383
2023-09-21,WMT,54.649482525573355,55.00267529051621,54.301135645081686
2023-09-22,AAPL,168.79128678418056,169.86529324290578,167.29998431724258
2023-09-22,AMGN,166.24127895712377,167.61531862122868,165.0510177773717
2023-09-22,CRM,587.3725602974655,594.310621705524,580.7952542066785
2023-09-22,CSCO,37.73577482274645,37.959028826666575,37.47871428641659
2023-09-22,IBM,82.21397956665716,82.62299468677347,81.68930094648296
2023-09-22,INTC,65.16635958634834,65.9837259770515,63.98248291970991
2023-09-22,MSFT,398.3280448973188,402.31515422046743,394.5900598009743
2023-09-22,NKE,106.40835868911,107.39170537318304,105.47386445379445
2023-09-22,VZ,25.123446773886183,25.344135740076776,24.929510728322413
2023-09-22,WMT,54.74765888523029,55.09689291796207,54.401257048017996
2023-09-25,AAPL,169.33186073952712,170.36492456504152,167.80884638394636
2023-09-25,AMGN,166.3232838161621,167.72178841069663,165.16179759493386
2023-09-25,CRM,588.6254625898163,595.4497214672796,582.1356082437236
2023-09-25,CSCO,37.837504965906184,38.06398009368292,37.585622298544926
2023-09-25,IBM,82.4433528948099,82.85066728077746,81.919768341377
2023-09-25,INTC,65.64141392015048,66.47418032756607,64.47018001298115
2023-09-25,MSFT,398.9693401870647,402.85433874918965,395.11765124324427
2023-09-25,NKE,106.23675063575973,107.24095886526187,105.32554192643401
2023-09-25,VZ,25.155846942361386,25.387812113735794,24.96730278719843
2023-09-25,WMT,54.82281353440329,55.18939706600119,54.484018454287394
2023-09-26,AAPL,169.76930396648,170.7792514682864,168.20033478789983
2023-09-26,AMGN,166.39336074452575,167.70695212916922,165.13871228128025
2023-09-26,CRM,589.7610019228791,596.4327697731333,582.8592446452797
2023-09-26,CSCO,37.93661958596923,38.14679539193341,37.663293562296545
2023-09-26,IBM,82.63146441571938,83.01403988422977,82.07577118323609
2023-09-26,INTC,66.07878629358807,66.87486207714817,64.84597566706157
2023-09-26,MSFT,399.16081005007976,402.9982346439421,395.2642534903224
2023-09-26,NKE,106.08005279524023,107.01424914018986,105.10197697557541
2023-09-26,VZ,25.19630928440567,25.40979289642065,24.994138811060097
2023-09-26,WMT,54.893686916795446,55.22616226040929,54.52803989206703
2023-09-27,AAPL,170.27059724348612,171.29398033639288,168.72010154954867
2023-09-27,AMGN,166.45996733744136,167.8309940229733,165.26692847675562
2023-09-27,CRM,590.920445194594,597.6934271383511,584.270204547772
2023-09-27,CSCO,38.034901053656256,38.25663920857911,37.77474780859576
2023-09-27,IBM,82.84509622467984,83.24453953374815,82.30784145173092
2023-09-27,INTC,66.54278883141457,67.37249690267909,65.3381176890888
2023-09-27,MSFT,399.6539226754954,403.51297498956086,395.7654870056638
2023-09-27,NKE,105.90178204965342,106.88032420406114,104.9709898804178
2023-09-27,VZ,25.229157641647344,25.456094424829928,25.035828124970585
2023-09-27,WMT,54.96429164666814,55.32105919444776,54.61586600959961
2023-09-28,AAPL,170.77086275839756,171.79635607513785,169.21592769458226
2023-09-28,AMGN,166.520964708521,167.89405553450584,165.3315177522404
2023-09-28,CRM,592.0538074671343,598.8296624124072,585.3973490148818
2023-09-28,CSCO,38.13195582637148,38.3548798868856,37.87201043067656
2023-09-28,IBM,83.05829260467117,83.45944162606996,82.52063318829974
2023-09-28,INTC,67.00853422797871,67.8457165296422,65.79792150854061
2023-09-28,MSFT,400.1671238604523,404.0232684601351,396.27108673118204
2023-09-28,NKE,105.72065126829054,106.69903369955647,104.79439671840368
2023-09-28,VZ,25.260964753423572,25.489309453020702,25.068039701753456
2023-09-28,WMT,55.033377428109354,55.39183451672777,54.6856496292886
2023-09-29,AAPL,171.2391693811089,172.21897253586232,169.65302970837962
2023-09-29,AMGN,166.48162918522843,167.88507805125315,165.33555064220639
2023-09-29,CRM,592.6949236361271,599.3218122088804,586.1634730632371
2023-09-29,CSCO,38.20272895184169,38.43082786851704,37.9512132903504
2023-09-29,IBM,83.25904403550925,83.66056880703468,82.72604652051201
2023-09-29,INTC,67.45491933907792,68.31317077599297,66.26667697523574
2023-09-29,MSFT,400.8861295219019,404.61627089833394,396.86436589828037
2023-09-29,NKE,105.43496881593087,106.43923814997807,104.54285557474802
2023-09-29,VZ,25.270376499103843,25.51347447384176,25.085239924303565
2023-09-29,WMT,55.07405624161098,55.4542515460264,54.7380608179948
2023-10-02,AAPL,171.80001967149414,172.8670163099041,170.26430194507302
2023-10-02,AMGN,166.60616484826582,167.99280950793218,165.4221101400109
2023-10-02,CRM,594.1674818788118,601.119298385043,587.5544929330034
2023-10-02,CSCO,38.31696383080097,38.54378235876907,38.05755437429367
2023-10-02,IBM,83.49613627438355,83.90798092658989,82.96238643695132
2023-10-02,INTC,67.95559694713202,68.8099138225387,66.7288405696993
2023-10-02,MSFT,401.4331969675129,405.3976762064546,397.60459076323633
2023-10-02,NKE,105.30826467795436,106.29067297563128,104.38994077016515
2023-10-02,VZ,25.312733100765318,25.53960028014026,25.119381255384706
2023-10-02,WMT,55.161698879152254,55.52102937070185,54.815048316086376
2023-10-03,AAPL,172.18780890554902,173.17584132840923,170.5650234710499
2023-10-03,AMGN,166.62180083077777,167.92064094966167,165.35034195597032
2023-10-03,CRM,595.0217829916223,601.613255986831,587.9746765888502
2023-10-03,CSCO,38.40295539297227,38.611268966095714,38.122413995118535
2023-10-03,IBM,83.66443392256829,84.04088847106762,83.09229572085869
2023-10-03,INTC,68.38122620834125,69.19549312949891,67.09911343627857
2023-10-03,MSFT,401.5491689796803,405.3248681335443,397.5490740091212
2023-10-03,NKE,105.10329406925246,106.01777583722006,104.12329513817089
2023-10-03,VZ,25.34514228264616,25.559857777760442,25.140459175769163
2023-10-03,WMT,55.21713372916785,55.54931096094101,54.84483416553149
2023-10-04,AAPL,172.8897962035703,174.01186166028603,171.40750957365825
2023-10-04,AMGN,166.78445131760452,168.27017826043772,165.7068989349873
2023-10-04,CRM,596.76341928395,603.9866676387719,590.5845530209915
2023-10-04,CSCO,38.527586200115245,38.776478609217335,38.291471585790134
2023-10-04,IBM,83.95763901676581,84.40575582228827,83.45971670049691
2023-10-04,INTC,68.94649970950586,69.86574174554104,67.76531902808969
2023-10-04,MSFT,402.6253075450633,406.6934215130574,398.87645944742735
2023-10-04,NKE,104.98934421385295,106.04509750871986,104.1520602764272
2023-10-04,VZ,25.38302341158949,25.630915355080226,25.204232025655948
2023-10-04,WMT,55.31703287347105,55.714991746727954,55.00037680259376
2023-10-05,AAPL,172.40522933728738,173.90354246467524,170.92938181299044
2023-10-05,AMGN,166.85145983741663,168.13090519223587,165.3145671641797
2023-10-05,CRM,595.7579205885788,601.9000508555719,589.3902648084497
2023-10-05,CSCO,38.46099102044032,38.70154113647647,38.209978924592455
2023-10-05,IBM,83.89802480749961,84.44610658325054,83.4252964125308
2023-10-05,INTC,68.91026683706725,69.91217172442845,67.90236221769368
2023-10-05,MSFT,401.68101776783635,405.77502219988196,397.6022181046808
2023-10-05,NKE,104.80058589056235,105.80723559263342,103.91743103247659
2023-10-05,VZ,25.26748644340366,25.532978955213352,25.09454579305705
2023-10-05,WMT,55.25653390697032,55.55849684337344,54.90794417922902
2023-10-06,AAPL,171.88653860210454,173.2582487644195,170.2835993983751
2023-10-06,AMGN,166.96674506150976,168.14534870457922,165.29887850814967
2023-10-06,CRM,594.5747196209055,600.2237888217387,587.9152595171687
2023-10-06,CSCO,38.36630452276489,38.59496472376116,38.10567626582814
2023-10-06,IBM,83.80954045949208,84.30476780270067,83.30000209918934
2023-10-06,INTC,68.84118731250679,69.81597456989313,67.79531800688704
2023-10-06,MSFT,400.87723840712175,404.6499345920772,396.54707357951526
2023-10-06,NKE,104.59136404698513,105.52474007763551,103.67233749406736
2023-10-06,VZ,25.128625222750987,25.389598681897485,24.95306317092751
2023-10-06,WMT,55.2064850661706,55.478220092485266,54.8245347439375
2023-10-09,AAPL,171.2437368530152,172.64470706659802,169.69539476293937
2023-10-09,AMGN,166.91233838524482,168.12226166840105,165.30344801581504
2023-10-09,CRM,592.8833052573169,598.6381231308591,586.2046088800058
2023-10-09,CSCO,38.26959965017888,38.49185404618225,38.00175166801966
2023-10-09,IBM,83.68314229793626,84.1965470056385,83.1771032951597
2023-10-09,INTC,68.72992718629068,69.68831291373702,67.68590056022995
2023-10-09,MSFT,399.5804052658939,403.4516244569522,395.3445185830051
2023-10-09,NKE,104.30566872589208,105.25877970731342,103.37639623210866
2023-10-09,VZ,25.000398167552685,25.25410726474903,24.820788153420946
2023-10-09,WMT,55.111348077083505,55.394219611407024,54.74423468885533
2023-10-10,AAPL,170.77259016564227,172.23925528689074,169.2914050625998
2023-10-10,AMGN,166.99787948629236,168.26449248866652,165.43799030154986
2023-10-10,CRM,591.8867178235154,597.9247432035384,585.5351477461687
2023-10-10,CSCO,38.20162380108138,38.439237799582884,37.950726690603396
2023-10-10,IBM,83.62175264713552,84.16072204403369,83.14459216091261
2023-10-10,INTC,68.69528957753725,69.69107381450006,67.68531799425205
2023-10-10,MSFT,398.6966881379096,402.7091417334621,394.6184728865558
2023-10-10,NKE,104.12360598832022,105.1166006627304,103.24458722852087
2023-10-10,VZ,24.883296417104052,25.14462655223933,24.713008347451066
2023-10-10,WMT,55.055826321173996,55.3534773407238,54.704327090871395
2023-10-11,AAPL,170.2697892773651,171.63269751341383,168.68605681278717
2023-10-11,AMGN,167.12068587040326,168.3042164899697,165.45455737170673
2023-10-11,CRM,590.7374944738006,596.3687178839497,584.1458769566773
2023-10-11,CSCO,38.110029973718774,38.33775749278333,37.85162253207904
2023-10-11,IBM,83.5361033345096,84.03157110116302,83.02941130271536
2023-10-11,INTC,68.631857781301,69.60509140783296,67.59073463726892
2023-10-11,MSFT,397.92083473591214,401.67403030613167,393.63743495965076
2023-10-11,NKE,103.9223912233617,104.8542693673517,103.01313860125315
2023-10-11,VZ,24.747403663902872,25.004739728625744,24.57505040362857
2023-10-11,WMT,55.00812198724107,55.28063825362014,54.62929049298237
2023-10-12,AAPL,169.80263841962645,171.25024574565737,168.31749434032358
2023-10-12,AMGN,167.21869473215358,168.47723803120292,165.64483929661003
2023-10-12,CRM,589.7657277556979,595.7382653100491,583.4101045824069
2023-10-12,CSCO,38.03942138989053,38.275731103386114,37.78981555990846
2023-10-12,IBM,83.47543932535895,84.00830170430709,82.99696337410386
2023-10-12,INTC,68.59542700713374,69.58921422543709,67.58431623725947
2023-10-12,MSFT,397.07638868478335,401.04661382403015,392.9861042104305
2023-10-12,NKE,103.74194851556076,104.72281279901298,102.8626592825281
2023-10-12,VZ,24.629026646831228,24.887893274216633,24.460400129356458
2023-10-12,WMT,54.95570695854812,55.24914915972233,54.600943168786046
2023-10-13,AAPL,169.25020201016042,170.6325911749926,167.7100345497572
2023-10-13,AMGN,167.26330382672828,168.47176112739146,165.63480871204678
2023-10-13,CRM,588.4408211470794,594.1516333856044,581.8799772718779
2023-10-13,CSCO,37.94892844561437,38.17487648063959,37.69008486334286
2023-10-13,IBM,83.37847833893224,83.88625349040345,82.87872106886034
2023-10-13,INTC,68.51563232840753,69.48478720026998,67.4810877005648
2023-10-13,MSFT,396.0776194664612,399.89568708103945,391.86621873366306
2023-10-13,NKE,103.50918784659078,104.45128643788864,102.60027153058691
2023-10-13,VZ,24.500845038996506,24.75370117710138,24.328378918080894
2023-10-13,WMT,54.887559243811104,55.1663005491261,54.51792034302087
2023-10-16,AAPL,168.57711180818532,169.92022861032956,167.015778994852
2023-10-16,AMGN,167.19082922261072,168.37194108654776,165.54483111403965
2023-10-16,CRM,586.6166893606021,592.1630309832206,579.8878664518862
2023-10-16,CSCO,37.84179166451667,38.05679680054502,37.5725386495241
2023-10-16,IBM,83.23629279335101,83.73166880215159,82.72124981045538
2023-10-16,INTC,68.38318446203326,69.32538071345415,67.33107386477047
2023-10-16,MSFT,394.7433057541046,398.48243473455807,390.47668843987714
2023-10-16,NKE,103.20205598972964,104.12167042136188,102.2652973665979
2023-10-16,VZ,24.369164116179725,24.614448953444697,24.19185490519819
2023-10-16,WMT,54.78730013613028,55.0590098341334,54.41228577170764
2023-10-17,AAPL,168.19715016336954,169.59252214378938,166.67710040963544
2023-10-17,AMGN,167.41505538482187,168.6406889373381,165.78251190696136
2023-10-17,CRM,585.9733421586717,591.7655880550249,579.6483063979374
2023-10-17,CSCO,37.77017368825384,38.007133632952616,37.525996330918936
2023-10-17,IBM,83.19763882965104,83.70950605395944,82.71356399025093
2023-10-17,INTC,68.37255677065781,69.36942602937903,67.35934017041593
2023-10-17,MSFT,394.26690649550676,398.09330345487007,390.1216461137011
2023-10-17,NKE,103.07384244715676,104.02567371604869,102.20482186483012
2023-10-17,VZ,24.2433410219899,24.501666916477326,24.080236847297645
2023-10-17,WMT,54.76797514997991,55.04933807653491,54.40100108852968
2023-10-18,AAPL,167.59322598028655,168.99852540189664,166.11320827112635
2023-10-18,AMGN,167.3628084921779,168.60531896061988,165.7836852832609
2023-10-18,CRM,584.4230750038546,590.2353514043933,577.942537734151
2023-10-18,CSCO,37.684230400845586,37.90730697162918,37.42450157286947
2023-10-18,IBM,83.08597410421812,83.61023618279656,82.594946996001
2023-10-18,INTC,68.27756049409089,69.23961447332461,67.25278392747853
2023-10-18,MSFT,392.9987062585888,396.8907039614967,388.905941363733
2023-10-18,NKE,102.80743463211869,103.76687876083054,101.90507836413673
2023-10-18,VZ,24.12590213308644,24.37235559634337,23.95426778609332
2023-10-18,WMT,54.675067512317355,54.96386538704786,54.319940362366175
2023-10-19,AAPL,167.17699023229486,168.5979429888067,165.7067289683774
2023-10-19,AMGN,167.51594013784288,168.77236684553603,165.92743259568684
2023-10-19,CRM,583.6362712816446,589.5349298931178,577.378786376857
2023-10-19,CSCO,37.617021716838146,37.8530991072516,37.37305357862314
2023-10-19,IBM,83.03940627904107,83.56647327498932,82.56426320628908
2023-10-19,INTC,68.25762867429873,69.25246341858207,67.2534204747282
2023-10-19,MSFT,392.32141666739926,396.2247846844498,388.2714251083069
2023-10-19,NKE,102.65568098939156,103.62388870810767,101.79227948695068
2023-10-19,VZ,24.008857629223996,24.263206404438925,23.84627893448236
2023-10-19,WMT,54.63751938898471,54.92756649015608,54.282502316205196
2023-10-20,AAPL,166.49348132492898,167.82480643539319,164.95873545180535
2023-10-20,AMGN,167.4134105634209,168.60143625413434,165.77324171419036
2023-10-20,CRM,581.7294714303648,587.2491962939752,575.0547996212948
2023-10-20,CSCO,37.511289942204456,37.72311792922841,37.242399665830796
2023-10-20,IBM,82.89032260599738,83.38682530091785,82.3768697731281
2023-10-20,INTC,68.11984710290871,69.05516005147035,67.0713157354654
2023-10-20,MSFT,390.9150278538133,394.63073963459067,386.7067602277286
2023-10-20,NKE,102.33944704344725,103.25676293013962,101.40963645657244
2023-10-20,VZ,23.881460763239936,24.120708240759928,23.7069204835929
2023-10-20,WMT,54.52999588392761,54.803053694589764,54.159545753927745
2023-10-23,AAPL,166.0056237429776,167.4040869027771,164.53820274131397
2023-10-23,AMGN,167.48740984561323,168.73415791765945,165.897198328159
2023-10-23,CRM,580.6296284574829,586.439730223228,574.3073689911937
2023-10-23,CSCO,37.436133964808334,37.665155587398594,37.18664079217917
2023-10-23,IBM,82.8160499268637,83.33832695869614,82.33418592767795
2023-10-23,INTC,68.06908350531852,69.04662177762295,67.05778385974689
2023-10-23,MSFT,390.0163413334847,393.8766286857587,385.9670480601438
2023-10-23,NKE,102.14266076231253,103.09986267163394,101.26744414818616
2023-10-23,VZ,23.76476709410074,24.012718816075154,23.600439275889354
2023-10-23,WMT,54.47120574272716,54.75890899097339,54.11621276906066
2023-10-24,AAPL,165.43531054266808,166.7456501756668,163.8869361832158
2023-10-24,AMGN,167.53012213508134,168.70447975088277,165.8570578714154
2023-10-24,CRM,579.2065749268666,584.659510671937,572.623294461049
2023-10-24,CSCO,37.33531243937211,37.55297619878885,37.0765099459663
2023-10-24,IBM,82.70515066457713,83.19092581063522,82.19644640156665
2023-10-24,INTC,67.97073215011945,68.92123886926059,66.93005768389358
2023-10-24,MSFT,389.0288265447313,392.6783198345071,384.79932941324654
2023-10-24,NKE,101.89513352520507,102.79636811024868,100.98339564079905
2023-10-24,VZ,23.633388960912697,23.875632033971527,23.46508893245045
2023-10-24,WMT,54.402109509338544,54.66755859883056,54.023974229624216
2023-10-25,AAPL,164.77390049529905,166.160391072075,163.32910954154153
2023-10-25,AMGN,167.39585781925183,168.6433710100642,165.83331884094818
2023-10-25,CRM,577.4160585352583,583.1678088030944,570.9559016539165
2023-10-25,CSCO,37.24532357339785,37.46219359726466,36.984491827777994
2023-10-25,IBM,82.5734650710499,83.09815407381149,82.08408320240638
2023-10-25,INTC,67.8500897510475,68.79704215391858,66.8283925268202
2023-10-25,MSFT,387.54644144443614,391.4106953620879,383.51644011288863
2023-10-25,NKE,101.59018587194264,102.53940653860487,100.68682859713842
2023-10-25,VZ,23.520966767439507,23.758303614358137,23.350851032610517
2023-10-25,WMT,54.288087062461734,54.576441143900404,53.93811407716539
2023-10-26,AAPL,164.28611224377187,165.6352302951062,162.79576157084944
2023-10-26,AMGN,167.48999131545744,168.7061987570665,165.85993035808903
2023-10-26,CRM,576.295522340916,581.9239759859237,569.9379964451683
2023-10-26,CSCO,37.16296225853838,37.38743643138664,36.9128551376374
2023-10-26,IBM,82.49305159503187,82.99774690482523,82.0025872014033
2023-10-26,INTC,67.79190824237365,68.75876926557137,66.77376800395022
2023-10-26,MSFT,386.7113491880681,390.4482866671001,382.62109905676346
2023-10-26,NKE,101.39204972761259,102.32136206830069,100.51328079979737
2023-10-26,VZ,23.399264710540486,23.642833653256993,23.23670854878104
2023-10-26,WMT,54.23411780781524,54.511589708071135,53.8705532026411
2023-10-27,AAPL,163.67052540358148,165.07620696212854,162.26335681857535
2023-10-27,AMGN,167.38483682204918,168.656101349879,165.84894719520472
2023-10-27,CRM,574.6974588154077,580.5377938744017,568.369049486081
2023-10-27,CSCO,37.08238771714771,37.30326509175882,36.82789098431719
2023-10-27,IBM,82.38032905893495,82.91516958100648,81.90313692377735
2023-10-27,INTC,67.69226764931022,68.64896780367894,66.68509805315607
2023-10-27,MSFT,385.3196035103713,389.23035979173926,381.3712754581201
2023-10-27,NKE,101.11378868561357,102.07450546052891,100.22912933517317
2023-10-27,VZ,23.29255068223004,23.52991050391423,23.126306988973514
2023-10-27,WMT,54.12873943233498,54.422486990972274,53.78659420410293
2023-10-30,AAPL,163.31230023163596,164.70024669918405,161.87145863439298
2023-10-30,AMGN,167.59957283696357,168.85481812036448,166.0023774661571
2023-10-30,CRM,574.1439705513698,579.9492911377354,568.0278303667837
2023-10-30,CSCO,37.019191626980735,37.25511823955212,36.783651957691134
2023-10-30,IBM,82.35254704085028,82.87331385045219,81.88492898127825
2023-10-30,INTC,67.69074462189879,68.68638715250844,66.69926210262746
2023-10-30,MSFT,384.8278768488631,388.650300630505,380.84701296028743
2023-10-30,NKE,100.99444879753378,101.94420093387494,100.15252789985459
2023-10-30,VZ,23.178204276292593,23.426320800084664,23.023312591868205
2023-10-30,WMT,54.107738431646986,54.392958221485536,53.75367342295982
2023-10-31,AAPL,162.8454748896988,164.2620174603447,161.45401727279912
2023-10-31,AMGN,167.6525374098363,168.9402210851509,166.11078245573572
2023-10-31,CRM,573.1254449943225,579.0410206341853,566.9977392154424
2023-10-31,CSCO,36.955393168330424,37.185687673603766,36.71288823916584
2023-10-31,IBM,82.2899039582061,82.82878276353131,81.82524753048331
2023-10-31,INTC,67.65235288859955,68.63382261975147,66.66208038785072
2023-10-31,MSFT,383.88511694395925,387.80019444002653,379.99499409557535
2023-10-31,NKE,100.80716833367288,101.77812374059461,99.95721650894919
2023-10-31,VZ,23.073423388830395,23.315257219101554,22.915109517517728
2023-10-31,WMT,54.04488671407501,54.34153981239413,53.70529541457642
2023-11-01,AAPL,162.21336316568238,163.51804402422957,160.72330688751902
2023-11-01,AMGN,167.58784395887983,168.7825969212868,165.94957768654368
2023-11-01,CRM,571.409554487152,576.8632852808433,564.9001353016071
2023-11-01,CSCO,36.855177330085446,37.066380885341246,36.59465268353923
2023-11-01,IBM,82.15612893242051,82.65032314032166,81.65203889835344
2023-11-01,INTC,67.52985002579524,68.46471949584527,66.49579414562571
2023-11-01,MSFT,382.6143947520788,386.26735753375476,378.50721879186796
2023-11-01,NKE,100.51759199732774,101.42116730662165,99.61152212943227
2023-11-01,VZ,22.951568241696307,23.183360560832877,22.78543243441265
2023-11-01,WMT,53.94858614122558,54.21930829030795,53.58274086974483
2023-11-02,AAPL,161.51655233551836,162.7467419670137,159.96202953318002
2023-11-02,AMGN,167.49904176441032,168.63200305926665,165.79176288559327
2023-11-02,CRM,569.4268199418799,574.5774656643111,562.7129267214568
2023-11-02,CSCO,36.73423039947321,36.935681213634176,36.46600004280356
2023-11-02,IBM,81.99158455364667,82.4549695429769,81.46504948578514
2023-11-02,INTC,67.36872457392414,68.27954588522886,66.31105054110625
2023-11-02,MSFT,381.2790183770427,384.751416298897,377.0309704471008
2023-11-02,NKE,100.18762128308786,101.04476504638764,99.25315067801733
2023-11-02,VZ,22.818011394611577,23.044888517109538,22.64890908028948
2023-11-02,WMT,53.84438258146959,54.096752678572635,53.45989433184256
2023-11-03,AAPL,161.34880186040755,162.60138659997008,159.73451131020175
2023-11-03,AMGN,167.4686932790378,169.03273087702462,165.5896448669385
2023-11-03,CRM,568.4750561628291,574.1932112496953,562.3966926191202
2023-11-03,CSCO,36.688340751481064,36.91280618384137,36.452708264025375
2023-11-03,IBM,82.01477806022231,82.54925215049637,81.45517391923752
2023-11-03,INTC,67.39492976575444,68.31266757927311,66.28631390172737
2023-11-03,MSFT,381.45257714774067,384.9008989008453,377.6599927291133
2023-11-03,NKE,100.23497562522414,101.13325886219171,99.32125573454994
2023-11-03,VZ,22.892194417925886,23.08955062626355,22.670326174317495
2023-11-03,WMT,53.92718649007452,54.2261042281208,53.53976979097226
2023-11-06,AAPL,161.24327647902211,162.37294995739396,159.5492462601681
2023-11-06,AMGN,167.53530111735392,169.00877624174572,165.5618167195053
2023-11-06,CRM,567.6835561654592,572.8323769451586,561.3385183434833
2023-11-06,CSCO,36.64198155521895,36.84328137086092,36.38439486760472
2023-11-06,IBM,82.0349572849037,82.51677506342244,81.41350324432888
2023-11-06,INTC,67.40062700240247,68.25237804315827,66.24541557348991
2023-11-06,MSFT,381.48464508144866,384.63419321228656,377.54646571871314
2023-11-06,NKE,100.41891904211447,101.25711004421996,99.3506605984567
2023-11-06,VZ,22.96927747491041,23.152305172096803,22.73199600163715
2023-11-06,WMT,53.988658510672444,54.267669688088574,53.571563036427115
2023-11-07,AAPL,160.923492045475,162.09242680182535,159.23345429094212
2023-11-07,AMGN,167.38408499130918,168.87550586901253,165.43687114214663
2023-11-07,CRM,566.1003002045155,571.4570717385601,559.6986222711181
2023-11-07,CSCO,36.566252667709335,36.77434989374039,36.31479464407372
2023-11-07,IBM,81.99523594978612,82.49676428661262,81.4037533912575
2023-11-07,INTC,67.3529603053239,68.23514276490877,66.20769593238927
2023-11-07,MSFT,381.3236034588379,384.5924032197937,377.3558039933214
2023-11-07,NKE,100.37454861395638,101.2267841409559,99.41800153826064
2023-11-07,VZ,23.03071871328116,23.222207532194826,22.79987455663942
2023-11-07,WMT,54.03639216055047,54.31613357617376,53.62749317681986
2023-11-08,AAPL,160.78019839502588,162.0116800734913,159.1609887517388
2023-11-08,AMGN,167.38023728316773,168.93076361611125,165.49188150033413
2023-11-08,CRM,565.2376928255457,570.84126082327,559.151530099995
2023-11-08,CSCO,36.52324970747263,36.74343710707701,36.28510342548562
2023-11-08,IBM,82.02376738972802,82.55057652436253,81.45382992891581
2023-11-08,INTC,67.38272564437318,68.29272803636518,66.26784830708675
2023-11-08,MSFT,381.5055441571617,384.91807796558084,377.7016267281515
2023-11-08,NKE,100.4519944785752,101.3465629354051,99.51080224022047
2023-11-08,VZ,23.10724733442568,23.3046403115128,22.88084456745281
2023-11-08,WMT,54.1171695532427,54.414456741158006,53.723647718296895
2023-11-09,AAPL,160.6844376028324,161.8148346379942,158.99966236897998
2023-11-09,AMGN,167.45382188809646,168.929932107153,165.48711818296263
2023-11-09,CRM,564.4907666933756,569.6286600012855,558.1922308831369
2023-11-09,CSCO,36.47908296578337,36.68026951838743,36.22330736063872
2023-11-09,IBM,82.04816385207072,82.53179867665033,81.42818810527709
2023-11-09,INTC,67.39363572745751,68.24894506696057,66.2402874805185
2023-11-09,MSFT,381.56185142669614,384.72832141106903,377.6358371675611
2023-11-09,NKE,100.64146522319126,101.48580108419621,99.5743451802651
2023-11-09,VZ,23.185906129240752,23.371430874218962,22.946761298186587
2023-11-09,WMT,54.18012092005067,54.4609581574989,53.76240629556016
2023-11-10,AAPL,160.55693765778503,161.77465549712528,158.93438171500165
2023-11-10,AMGN,167.46962175015298,169.01326147847345,165.57001523438566
2023-11-10,CRM,563.6797063524028,569.2129132622931,557.6028215741775
2023-11-10,CSCO,36.43729506077606,36.654861287305195,36.198047372502984
2023-11-10,IBM,82.07878765129487,82.60083782895259,81.50261828956806
2023-11-10,INTC,67.42329346419972,68.32547163250854,66.30386920715434
2023-11-10,MSFT,381.7362367413484,385.1159510029346,377.91754404647406
2023-11-10,NKE,100.74388154492893,101.63373972255167,99.78148059324448
2023-11-10,VZ,23.263892487821344,23.460665633410677,23.03454106803
2023-11-10,WMT,54.260715311281764,54.557351614944366,53.863834041623655
2023-11-13,AAPL,160.36291845798792,161.5207855573151,158.6915458778637
2023-11-13,AMGN,167.44021551442688,168.93471394197763,165.49068549747616
2023-11-13,CRM,562.5770922887482,567.8492443669346,556.3092619515177
2023-11-13,CSCO,36.380374523144006,36.58650950829487,36.13030400022827
2023-11-13,IBM,82.07698927206475,82.57480851410622,81.47601354858446
2023-11-13,INTC,67.41207749536203,68.28504964736966,66.26753063303697
2023-11-13,MSFT,381.7166801909819,384.95669734633765,377.7858693993634
2023-11-13,NKE,100.82217434745384,101.67808397730813,99.81413195519066
2023-11-13,VZ,23.33578711546543,23.52693328093867,23.099744640514857
2023-11-13,WMT,54.32120716268912,54.60545668130198,53.909515335735094
2023-11-14,AAPL,160.02235640793606,161.14853746741116,158.31410945430414
2023-11-14,AMGN,167.2784063930731,168.74043108970451,165.30147773311205
2023-11-14,CRM,560.898992137173,566.0487655149765,554.4568947651389
2023-11-14,CSCO,36.298684000751365,36.498520294530515,36.042634586077824
2023-11-14,IBM,82.0231208200802,82.5096667118334,81.41535090958028
2023-11-14,INTC,67.34495267941134,68.20697350245239,66.18514595301232
2023-11-14,MSFT,381.4581019698835,384.63693494305136,377.4277924960666
2023-11-14,NKE,100.77823569703668,101.61218841056545,99.78151449101482
2023-11-14,VZ,23.39574159407398,23.585799660793736,23.157349233527615
2023-11-14,WMT,54.35950286878318,54.63393404071165,53.93971230442356
2023-11-15,AAPL,160.05342727642403,161.22421093066674,158.424624654051
2023-11-15,AMGN,167.46114714092977,168.9795585008814,165.53393977993255
2023-11-15,CRM,560.6654308693627,565.9491471858804,554.6298535481487
2023-11-15,CSCO,36.27755836211702,36.486379547033756,36.03252957461203
2023-11-15,IBM,82.09550543396716,82.59737945862439,81.49108941523104
2023-11-15,INTC,67.40966113926943,68.28341627486046,66.2780706459739
2023-11-15,MSFT,381.7513782109295,385.01462914186493,377.93657908215107
2023-11-15,NKE,101.06379206026374,101.93978221645459,100.00613339128718
2023-11-15,VZ,23.486195937483387,23.67769772038975,23.247824404231125
2023-11-15,WMT,54.446706467915064,54.741263887988,54.03856607752763
2023-11-16,AAPL,159.7387306923453,160.93344322141496,158.08688064068573
2023-11-16,AMGN,167.30044925104028,168.81821216104652,165.3819541411696
2023-11-16,CRM,559.1361234845411,564.577990167667,552.9076265680776
2023-11-16,CSCO,36.20602964537829,36.41849224872252,35.96339517434016
2023-11-16,IBM,82.0635054062133,82.58000153129787,81.48747554971932
2023-11-16,INTC,67.37489366630528,68.27486926247771,66.2431516360138
2023-11-16,MSFT,381.6591302505953,385.01350748807994,377.7396274689406
2023-11-16,NKE,100.99576322055982,101.87174637728315,100.06694776622246
2023-11-16,VZ,23.549896488111287,23.749632769956346,23.31773852582806
2023-11-16,WMT,54.50342277865636,54.7921241083847,54.099351892526556
2023-11-17,AAPL,159.68020959279835,160.88509529154575,158.0704334685479
2023-11-17,AMGN,167.3848328570372,168.92630753743867,165.48432622634544
2023-11-17,CRM,558.5878939812607,564.0317014738785,552.6005010515631
2023-11-17,CSCO,36.174404044692146,36.389339281019275,35.93615490586766
2023-11-17,IBM,82.11452668324718,82.63331956068095,81.53190003201813
2023-11-17,INTC,67.42373036518576,68.3203696149972,66.3038318747713
2023-11-17,MSFT,381.9070980309078,385.26915431898675,378.1064970464554
2023-11-17,NKE,101.1701389502429,102.06323545680183,100.17853064272997
2023-11-17,VZ,23.634461241547925,23.832790440293753,23.39994540037158
2023-11-17,WMT,54.58999223629739,54.88932859036491,54.189378986008336
2023-11-20,AAPL,159.3041079103468,160.43241216010338,157.6027834641613
2023-11-20,AMGN,167.18340629046438,168.64722160581573,165.21329714684
2023-11-20,CRM,556.7887320885176,561.9359036279981,550.3705105156149
2023-11-20,CSCO,36.08849342899324,36.28827805951714,35.83444427530555
2023-11-20,IBM,82.05105724280868,82.54091074946248,81.44728774004928
2023-11-20,INTC,67.34864073344674,68.21744510861096,66.19003007610927
2023-11-20,MSFT,381.6223340922829,384.82734122886444,377.58755038796846
2023-11-20,NKE,101.08197845113872,101.92262443569764,100.09995897191537
2023-11-20,VZ,23.692447667619962,23.886608295721473,23.45205866387969
2023-11-20,WMT,54.62543924081735,54.90107661546462,54.2045537478997
2023-11-21,AAPL,159.14747289541117,160.3389670173088,157.52275512947713
2023-11-21,AMGN,167.17536775886117,168.70176633693728,165.2662428984034
2023-11-21,CRM,555.8637334032039,561.256220002835,549.7970963348008
2023-11-21,CSCO,36.04123045221666,36.25338025803414,35.80120483505431
2023-11-21,IBM,82.06903060961906,82.58463020568686,81.48680849760447
2023-11-21,INTC,67.36351040275008,68.25902499154665,66.23750469043512
2023-11-21,MSFT,381.730000991901,385.07800340665625,377.87661671041184
2023-11-21,NKE,101.16768384380258,102.05254168836593,100.19650354186051
2023-11-21,VZ,23.769385914056073,23.969270798081478,23.533547833875872
2023-11-21,WMT,54.69905240057729,54.99394075129568,54.2946743958371
2023-11-22,AAPL,158.9526654526144,160.05808431791502,157.26605349094405
2023-11-22,AMGN,167.15782916928455,168.61734247813703,165.17637278096313
2023-11-22,CRM,554.7376304848082,559.7507364224663,548.4544475351578
2023-11-22,CSCO,35.980835264829594,36.17692284037451,35.72606425770288
2023-11-22,IBM,82.05792388176691,82.5376499023054,81.43730323144578
2023-11-22,INTC,67.33636885293797,68.18485158742652,66.17649951456954
2023-11-22,MSFT,381.6247111946756,384.75665721677467,377.63138477514525
2023-11-22,NKE,101.27365522492772,102.10911797585982,100.2148376021816
2023-11-22,VZ,23.841820535925383,24.03168990416958,23.59576580856514
2023-11-22,WMT,54.75053259244865,55.02933697468627,54.32557917401378
2023-11-24,AAPL,158.5383258793015,159.73112711325703,156.89194715780403
2023-11-24,AMGN,166.8968866236114,168.41165663766523,164.98288600696625
2023-11-24,CRM,552.8421124994517,558.2732818468508,546.6319351695885
2023-11-24,CSCO,35.89478197164528,36.10665646490822,35.65511070789646
2023-11-24,IBM,81.99426962096189,82.51478643129118,81.42753203026005
2023-11-24,INTC,67.27094674404032,68.17577972190706,66.1409444976911
2023-11-24,MSFT,381.41189171892535,384.7846502552914,377.45991884496567
2023-11-24,NKE,101.10251977942556,101.97782996243085,100.21056461277718
2023-11-24,VZ,23.898270199865276,24.10291531826483,23.664850494119637
2023-11-24,WMT,54.799077527102625,55.087709674284426,54.39453580006634
2023-11-27,AAPL,158.40771161643113,159.55763039287112,156.76791317975452
2023-11-27,AMGN,166.9241282677345,168.4214143683698,164.99013074273327
2023-11-27,CRM,551.9970013941969,557.185837883188,545.9008833857785
2023-11-27,CSCO,35.848744971014,36.05304440395246,35.60359974044841
2023-11-27,IBM,82.01370200124356,82.5129418115801,81.41294801492273
2023-11-27,INTC,67.28206946549412,68.15607502877421,66.14377072491453
2023-11-27,MSFT,381.486662135723,384.7415120307592,377.59585442999844
2023-11-27,NKE,101.23490335976224,102.10181005296086,100.21284311626668
2023-11-27,VZ,23.97732097802379,24.17405146423361,23.734718726256254
2023-11-27,WMT,54.867327577526815,55.15724000828272,54.45291706734386
2023-11-28,AAPL,158.03025122387726,159.2464294464379,156.41422053934076
2023-11-28,AMGN,166.69027081750744,168.22698936606963,164.80139901882978
2023-11-28,CRM,550.2621389784297,555.7855581120509,544.1854638809017
2023-11-28,CSCO,35.77055560827434,35.98696983650547,35.537235306089464
2023-11-28,IBM,81.96641412178131,82.49835464799976,81.41194131747946
2023-11-28,INTC,67.23668353944994,68.15369938113311,66.11964967326148
2023-11-28,MSFT,381.36675324384163,384.8020053001561,377.46851342206844
2023-11-28,NKE,101.08197608582047,101.97269252015329,100.21114640694103
2023-11-28,VZ,24.037501007858303,24.246128904664474,23.80573742359613
2023-11-28,WMT,54.92658102759694,55.2223026978928,54.528357424490416
2023-11-29,AAPL,158.04832142558342,159.23727248823684,156.46380418660365
2023-11-29,AMGN,166.85060295258793,168.38960871413536,164.9546828743601
2023-11-29,CRM,550.0049828239851,555.3387805174094,544.1746933926004
2023-11-29,CSCO,35.750302512803145,35.962374531484805,35.515316626551844
2023-11-29,IBM,82.04043326069858,82.55661460149388,81.45377036973422
2023-11-29,INTC,67.30723850024403,68.19573741100795,66.1908368097454
2023-11-29,MSFT,381.69887384763877,385.03825592372834,377.92478652995294
2023-11-29,NKE,101.33544358265551,102.22928363408528,100.31441528743287
2023-11-29,VZ,24.129967610480534,24.33053749330103,23.88939437242431
2023-11-29,WMT,55.02216891292738,55.32602449726245,54.61851948049741
2023-11-30,AAPL,157.86658261464842,159.09497254070578,156.28567045552145
2023-11-30,AMGN,166.80152666677478,168.3596596873558,164.93258580950211
2023-11-30,CRM,549.0225929435701,554.5581672034183,543.1335790235646
2023-11-30,CSCO,35.70338470305415,35.922164570896584,35.473977985460095
2023-11-30,IBM,82.05896140984225,82.59485522381523,81.5004677473103
2023-11-30,INTC,67.32950822846307,68.24975106309648,66.22207838123055
2023-11-30,MSFT,381.85952780048177,385.323553752443,378.06081454057835
2023-11-30,NKE,101.36253526700399,102.27299598034948,100.44731911961509
2023-11-30,VZ,24.20705305233721,24.416625864361002,23.972797239214287
2023-11-30,WMT,55.10479054198101,55.409897612720584,54.70892847627289
2023-12-01,AAPL,157.54099004784362,158.66216251937422,155.86937109332715
2023-12-01,AMGN,166.6451814028328,168.11187188438961,164.68692707386637
2023-12-01,CRM,547.4301649024062,552.5092497415594,541.1801786796285
2023-12-01,CSCO,35.6258363997455,35.824297410090985,35.37679277038708
2023-12-01,IBM,82.01088075217653,82.50258701125291,81.40858616279324
2023-12-01,INTC,67.27017979503931,68.13793951424339,66.1169447856235
2023-12-01,MSFT,381.6388532053211,384.85103254879294,377.6302687589866
2023-12-01,NKE,101.31815200050494,102.16424698223082,100.32678515650821
2023-12-01,VZ,24.27034020965707,24.4690148059745,24.02438017469877
2023-12-01,WMT,55.147495037216224,55.42853701837494,54.72465570182805
2023-12-04,AAPL,157.18693368328337,158.23529252544776,155.46521012327756
2023-12-04,AMGN,166.4842722772113,167.8931466428321,164.46773302826193
2023-12-04,CRM,545.684862477369,550.4422275076886,539.2596100038969
2023-12-04,CSCO,35.53787757457011,35.72272563258949,35.276647496035956
2023-12-04,IBM,81.9392028049002,82.40031535741105,81.30493081626041
2023-12-04,INTC,67.1765648712518,68.00482915713843,65.99585048900724
2023-12-04,MSFT,381.2429583185679,384.2735619134384,377.1208555275372
2023-12-04,NKE,101.2951748419254,102.09955214846977,100.23302465861737
2023-12-04,VZ,24.329919736631414,24.520194610506792,24.07516645896038
2023-12-04,WMT,55.17101830144746,55.43812342954032,54.73061563274147
2023-12-05,AAPL,156.79200502845805,157.7375877491454,155.3111136847146
2023-12-05,AMGN,166.4137381640676,167.52457663169542,164.65169092119143
2023-12-05,CRM,548.6737058837928,552.7027961861421,542.2128736621297
2023-12-05,CSCO,35.39302136064555,35.59421461014999,35.15330811316666
2023-12-05,IBM,82.01738918888906,82.38149285884217,81.4691494363437
2023-12-05,INTC,67.0980253628578,67.88360315959414,66.11077553605172
2023-12-05,MSFT,380.55470653966825,383.37564711168716,376.67740721693497
2023-12-05,NKE,101.60247811677985,102.34235982214034,100.65775393928095
2023-12-05,VZ,24.376732776976645,24.551523104767888,24.207662809055357
2023-12-05,WMT,55.12482796221286,55.43347761897551,54.74469677758402
2023-12-06,AAPL,156.22473792689217,157.08349289604604,154.68242362849867
2023-12-06,AMGN,166.25686084437024,167.2829299015509,164.4540467180049
2023-12-06,CRM,549.9657525327207,554.0424285058909,543.4545406286354
2023-12-06,CSCO,35.21809211146893,35.40026382164522,34.969331657142234
2023-12-06,IBM,82.0575029109268,82.42168102253405,81.48801603430573
2023-12-06,INTC,66.85516612850549,67.64607623482487,65.83774996319259
2023-12-06,MSFT,379.3600097684706,381.8845278012421,375.2231752944872
2023-12-06,NKE,101.89185926227034,102.56418898339379,100.85302707430424
2023-12-06,VZ,24.391742809852293,24.568678276686622,24.22383046501566
2023-12-06,WMT,55.05148495670513,55.338990061768094,54.65541875452063
2023-12-07,AAPL,155.68868196141867,156.55168680481455,154.14466057468061
2023-12-07,AMGN,166.0688304067552,167.11023355409776,164.23888016796474
2023-12-07,CRM,552.4373035224802,556.1585372613458,545.5837226139237
2023-12-07,CSCO,35.046994269634595,35.23096193120826,34.794100988981675
2023-12-07,IBM,82.07382014863283,82.40486999097058,81.4905654829945
2023-12-07,INTC,66.71356722915957,67.45641252791789,65.69407757493163
2023-12-07,MSFT,378.36313734461334,380.97695520340125,374.34105560892425
2023-12-07,NKE,102.09971693727991,102.7955907290178,101.10162729177225
2023-12-07,VZ,24.42568672743492,24.59241839948333,24.24733505955901
2023-12-07,WMT,54.969633259121345,55.2572830099589,54.56868597006343
2023-12-08,AAPL,155.27918768845197,156.20898842395053,153.8084140907579
2023-12-08,AMGN,165.99511079676643,167.09560988781573,164.23562317409983
2023-12-08,CRM,555.1803725128341,559.2934655337543,548.63812351771
2023-12-08,CSCO,34.9016825623133,35.09759453653646,34.664727867172395
2023-12-08,IBM,82.15157374437607,82.51923458583207,81.59915661051127
2023-12-08,INTC,66.61428670765778,67.39889355403395,65.62976531972237
2023-12-08,MSFT,377.625471072425,380.37759224537456,373.7452012535051
2023-12-08,NKE,102.40951421652848,103.148156008353,101.44331849865385
2023-12-08,VZ,24.46763737746194,24.644179838796017,24.298153893350808
2023-12-08,WMT,54.92027264527669,55.225003423346635,54.53895670765447
2023-12-11,AAPL,154.72652490780024,155.5833653716354,153.20485542477053
2023-12-11,AMGN,165.84779066520358,166.8771384945916,164.0541968815357
2023-12-11,CRM,556.5287344784086,560.6757101811754,549.9465505387136
2023-12-11,CSCO,34.731506263900634,34.911825051174645,34.487244564359365
2023-12-11,IBM,82.19640867817381,82.56338868925388,81.62689485368756
2023-12-11,INTC,66.38057021192171,67.16827275187042,65.3718632511004
2023-12-11,MSFT,376.469857723219,378.9828727268484,372.3790357601259
2023-12-11,NKE,102.70402637343476,103.38612278863708,101.65962867140075
2023-12-11,VZ,24.48352702521886,24.661667465879574,24.315129629390963
2023-12-11,WMT,54.848553058205155,55.135819741398414,54.454579928540596
2023-12-12,AAPL,154.30223158117198,155.21697785744104,152.83387220154378
2023-12-12,AMGN,165.7661615380584,166.8554542527816,164.0065988362737
2023-12-12,CRM,559.0879900643504,563.2499566033333,552.5285034221013
2023-12-12,CSCO,34.58415057337388,34.77688146155278,34.348666559996815
2023-12-12,IBM,82.27110853650946,82.64066101106025,81.71810265619663
2023-12-12,INTC,66.26039575887741,67.04361325151595,65.27917108082865
2023-12-12,MSFT,375.67436862428576,378.3889021029144,371.7831786537586
2023-12-12,NKE,103.02109894314147,103.75566904961761,102.03960378827621
2023-12-12,VZ,24.522011686778086,24.69958234529196,24.353222372358363
2023-12-12,WMT,54.79815392328592,55.100761883788145,54.417348444665514
2023-12-13,AAPL,153.78096415339908,154.64070605342386,152.26961131987056
2023-12-13,AMGN,165.6105508462517,166.65074154540773,163.81007046202285
2023-12-13,CRM,561.1116735872747,565.1227099772436,554.36243650894
2023-12-13,CSCO,34.41862423315878,34.6004729069364,34.1750220972475
2023-12-13,IBM,82.30791079101346,82.66071168727707,81.73539897876807
2023-12-13,INTC,66.0806898628451,66.84401427989349,65.07901994295663
2023-12-13,MSFT,374.63846195298356,377.2125040883794,370.63023204441714
2023-12-13,NKE,103.28799009341066,103.98802452988242,102.2653916276339
2023-12-13,VZ,24.549080913149442,24.72291707287105,24.376261563441634
2023-12-13,WMT,54.72666115586909,55.01602214601958,54.333740732529336
2023-12-14,AAPL,153.19481202667467,154.01309050456362,151.64819985585785
2023-12-14,AMGN,165.3827639474674,166.3902200399139,163.5388526282257
2023-12-14,CRM,563.2088613017256,566.9359997097725,556.1636150119709
2023-12-14,CSCO,34.240203267296906,34.41431325382278,33.98839649474816
2023-12-14,IBM,82.30413145243648,82.62895368095263,81.7104841768612
2023-12-14,INTC,65.8958812642338,66.62296422329531,64.87683944545482
2023-12-14,MSFT,373.49443933383765,375.9957319644022,369.4418804029519
2023-12-14,NKE,103.47825544976159,104.16004779902003,102.44137752289116
2023-12-14,VZ,24.57503562542645,24.74132219113084,24.394501032838868
2023-12-14,WMT,54.63468254603286,54.91355623855185,54.23011606329407
2023-12-15,AAPL,152.73501432964557,153.62666361278738,151.27913256708783
2023-12-15,AMGN,165.31351398182065,166.37948132871574,163.57361518080577
2023-12-15,CRM,564.7880076647667,569.2665856942127,558.3703132394545
2023-12-15,CSCO,34.08970830508338,34.27557871949264,33.859960488647424
2023-12-15,IBM,82.3913231284129,82.78487114289459,81.84347484367082
2023-12-15,INTC,65.69270857717467,66.50242430896743,64.71811596486381
2023-12-15,MSFT,372.5207285803604,375.1100190844838,368.5616997434131
2023-12-15,NKE,103.85169408127315,104.56905058709758,102.82112807862234
2023-12-15,VZ,24.596951840137727,24.782752272228908,24.434746563971082
2023-12-15,WMT,54.586492652310795,54.884759916299764,54.208341375719876
2023-12-18,AAPL,152.26310654669786,153.13267960708228,150.7750371268997
2023-12-18,AMGN,165.1580979034292,166.21880955929302,163.35546009998953
2023-12-18,CRM,567.7258522209929,571.5790927460952,560.7266403509933
2023-12-18,CSCO,33.93335039340558,34.116738917710364,33.6923495006431
2023-12-18,IBM,82.42298635657178,82.7591545094391,81.84541133393778
2023-12-18,INTC,65.59240401368476,66.32511121036826,64.60116351996068
2023-12-18,MSFT,371.67906018781594,374.3247141817033,367.8019211335598
2023-12-18,NKE,104.0786459025991,104.80827489169955,103.0856708626203
2023-12-18,VZ,24.638989412557812,24.807642963980886,24.459687040324667
2023-12-18,WMT,54.515001780836535,54.806773839529704,54.12312002797833
2023-12-19,AAPL,151.8471053240518,152.7506319778138,150.40884258601454
2023-12-19,AMGN,165.09306176301382,166.1783316200744,163.35303368991308
2023-12-19,CRM,570.0663652221658,574.438513967595,563.4822459643882
2023-12-19,CSCO,33.790477597135215,33.97888531311717,33.56276670988692
2023-12-19,IBM,82.50850168438964,82.89046199265749,81.95914574196563
2023-12-19,INTC,65.45346582734585,66.24212678156925,64.48726205449317
2023-12-19,MSFT,370.866108436311,373.5301639552524,367.0097691974699
2023-12-19,NKE,104.42798543614278,105.17013148657975,103.42457501851298
2023-12-19,VZ,24.673591391437352,24.855738295852948,24.506988493859293
2023-12-19,WMT,54.469038374936616,54.770721792823565,54.0929622465023
2023-12-20,AAPL,151.27535767035198,152.08684811846038,149.74898602849495
2023-12-20,AMGN,164.86354850233474,165.87289793565864,163.0211081036803
2023-12-20,CRM,572.3907303908559,576.1136229253366,565.1572721871535
2023-12-20,CSCO,33.61659567401261,33.78779480730044,33.36862160178337
2023-12-20,IBM,82.50205050197413,82.82217951016807,81.90333468716672
2023-12-20,INTC,65.28963804452003,66.00223660265509,64.27865280186288
2023-12-20,MSFT,369.7770845050298,372.26421769126745,365.7856659726208
2023-12-20,NKE,104.60286462834944,105.29765105910504,103.56172355066161
2023-12-20,VZ,24.702773128073048,24.868125666189467,24.51899720781021
2023-12-20,WMT,54.375374064116194,54.65277484236652,53.971070877681164
2023-12-21,AAPL,150.83335420950846,151.71384206153238,149.3844520307917
2023-12-21,AMGN,164.75987295746617,165.83036457189468,162.99691129083877
2023-12-21,CRM,574.9463909183856,579.1567798516854,568.1211829705351
2023-12-21,CSCO,33.469060917857675,33.65262573151729,33.23824841161848
2023-12-21,IBM,82.56489322587143,82.92909389004559,82.0023716741226
2023-12-21,INTC,65.16272914935396,65.9255619096433,64.19009348301876
2023-12-21,MSFT,368.9429860551026,371.5715608039239,365.092716366126
2023-12-21,NKE,104.90327314693415,105.6425556770877,103.89464080529687
2023-12-21,VZ,24.73941467235736,24.916870321900387,24.567132587653905
2023-12-21,WMT,54.31800451403757,54.61386077191403,53.935907161852576
2023-12-22,AAPL,150.25993342528238,151.06733981997937,148.7554409954491
2023-12-22,AMGN,164.56537009948227,165.5665006772378,162.75573114727837
2023-12-22,CRM,576.4807223101004,580.5671544565587,569.5100859788541
2023-12-22,CSCO,33.29711514997737,33.466897815416,33.05690035071812
2023-12-22,IBM,82.58254597925911,82.9320966277695,81.99956115167979
2023-12-22,INTC,64.93270739401231,65.68015327280591,63.935832087991756
2023-12-22,MSFT,367.74538192945874,370.17946673328885,363.7163255042544
2023-12-22,NKE,105.16028972655056,105.84597722382644,104.0880957879567
2023-12-22,VZ,24.756502669404274,24.931287919260896,24.581948078708873
2023-12-22,WMT,54.236341770597086,54.515519419590525,53.84074034755815
2023-12-26,AAPL,149.78931171605421,150.63681466479406,148.31278490583642
2023-12-26,AMGN,164.38257086920837,165.4347464652743,162.56842757287401
2023-12-26,CRM,579.8884041937515,583.62599343235,572.5895402976371
2023-12-26,CSCO,33.14169303667815,33.32046379770801,32.902522649248624
2023-12-26,IBM,82.59642934065131,82.91593948244322,82.01001527213563
2023-12-26,INTC,64.86027205532739,65.5624563822499,63.8753099444416
2023-12-26,MSFT,366.9402526809856,369.57398617578934,363.1285390192571
2023-12-26,NKE,105.34891891542682,106.08878133938663,104.35578029827033
2023-12-26,VZ,24.804803137646637,24.96935520131843,24.619730968073693
2023-12-26,WMT,54.15898355205624,54.447303351373435,53.766117612991046
2023-12-27,AAPL,149.30291460815087,150.1512002060145,147.85063381641217
2023-12-27,AMGN,164.25600806716656,165.29866068933262,162.48768194663842
2023-12-27,CRM,581.8928576303084,586.18059562902,574.9892352774233
2023-12-27,CSCO,32.987861158078644,33.1638457992609,32.757851686545536
2023-12-27,IBM,82.64925522305687,83.0150975967583,82.0808334107907
2023-12-27,INTC,64.68359128609445,65.44477217506734,63.708959939099344
2023-12-27,MSFT,365.96282586460086,368.48724899210913,362.06400517301853
2023-12-27,NKE,105.64938995732524,106.3720908608124,104.60431883794205
2023-12-27,VZ,24.8313155308157,25.01041675345438,24.659202481056752
2023-12-27,WMT,54.094563741040005,54.38336058232869,53.7097456895466
2023-12-28,AAPL,148.87951470312333,149.74494437287908,147.43344736882514
2023-12-28,AMGN,164.10766933449128,165.17971727133136,162.31700314981737
2023-12-28,CRM,585.5969390875446,589.4609553408802,578.3273955880688
2023-12-28,CSCO,32.842025683477424,33.02388952967737,32.60928758688122
2023-12-28,IBM,82.68114431958885,83.00965638863612,82.10457794996714
2023-12-28,INTC,64.6365635205157,65.34550298803312,63.66648369292402
2023-12-28,MSFT,365.26568663222344,367.95242096970816,361.52792216997983
2023-12-28,NKE,105.86749879837225,106.62776134051511,104.88839067318189
2023-12-28,VZ,24.88517864789031,25.05237366740369,24.701897739061213
2023-12-28,WMT,54.0280991699295,54.32206278547766,53.64280943165403
2023-12-29,AAPL,148.47703943327667,149.36410311655013,147.0781724312166
2023-12-29,AMGN,164.06132423805528,165.14006852023067,162.34696094398717
2023-12-29,CRM,587.7128434698183,592.3695252231006,581.0742270922952
2023-12-29,CSCO,32.70488059712891,32.88813549572229,32.48722718844272
2023-12-29,IBM,82.77901848671667,83.17503480513571,82.23650620274464
2023-12-29,INTC,64.47556502745236,65.26900210074253,63.52921902814809
2023-12-29,MSFT,364.43408756338545,367.0485682912968,360.62870133140365
2023-12-29,NKE,106.26097744107098,107.01311066766529,105.23266738357819
2023-12-29,VZ,24.91601958975376,25.103859376140544,24.752144918254857
2023-12-29,WMT,53.98906461218966,54.29021916688644,53.62069179723284
2024-01-02,AAPL,148.1072330257268,149.0021155068834,146.708741633512
2024-01-02,AMGN,163.9905906612153,165.08775469576247,162.25183206872262
2024-01-02,CRM,591.0291678459192,595.336729896572,584.025290514134
2024-01-02,CSCO,32.57220543863343,32.757306030451474,32.35120116013264
2024-01-02,IBM,82.85667779588779,83.22183939922846,82.30032183297894
2024-01-02,INTC,64.41003834859569,65.16046239051579,63.46123886464529
2024-01-02,MSFT,363.79782764134063,366.49600434358575,360.10126327339583
2024-01-02,NKE,106.57330704919875,107.35224254724532,105.58536012274296
2024-01-02,VZ,24.96539207767747,25.1435360328157,24.79093798647346
2024-01-02,WMT,53.94242354971432,54.2441073733679,53.569196133667766
2024-01-03,AAPL,147.56302765961024,148.3619159417272,146.08297302569412
2024-01-03,AMGN,163.78001913265368,164.78815173209054,161.96254627371928
2024-01-03,CRM,593.3725491847196,597.3287402750059,585.9768194637153
2024-01-03,CSCO,32.40715224698899,32.573870321517106,32.17059179993368
2024-01-03,IBM,82.86057534520451,83.19056235892619,82.26642849217998
2024-01-03,INTC,64.24368187995731,64.95529762407378,63.25461120905786
2024-01-03,MSFT,362.7397290252277,365.1957810317046,358.8318054352536
2024-01-03,NKE,106.77843285355685,107.49034843747691,105.71725520866806
2024-01-03,VZ,24.99444343148256,25.164196997540085,24.811341431580566
2024-01-03,WMT,53.85575648347605,54.133219805880245,53.45928032977122
2024-01-04,AAPL,146.9124194506118,147.65150382106415,145.38954336476408
2024-01-04,AMGN,163.49517893414716,164.44569543389187,161.64032118724177
2024-01-04,CRM,594.8468018231005,598.7008917847561,587.3165902477052
2024-01-04,CSCO,32.22290322857263,32.37811892077536,31.979129548066517
2024-01-04,IBM,82.82704625675629,83.14493981362376,82.21535047514942
2024-01-04,INTC,63.994614593417175,64.6935575164115,62.98608688086763
2024-01-04,MSFT,361.3889580647005,363.6801381121366,357.339715901214
2024-01-04,NKE,106.94512249943907,107.611724178661,105.8301258271277
2024-01-04,VZ,25.007033718160244,25.174637754970853,24.82189590459775
2024-01-04,WMT,53.74856407543273,54.011769908098515,53.340786078512906
2024-01-05,AAPL,146.75894534098697,147.72639540891964,145.6854358240107
2024-01-05,AMGN,164.31940386143435,165.59725669479664,162.60156782075126
2024-01-05,CRM,595.8390867071595,600.5473665129202,590.3029542338737
2024-01-05,CSCO,32.24336155382214,32.414693197815595,32.03451454432155
2024-01-05,IBM,82.93271563740511,83.36804505016379,82.42758146855718
2024-01-05,INTC,64.26505849911715,65.01512010478949,63.3243874572943
2024-01-05,MSFT,361.9925065476711,364.4652797548868,358.9797102447323
2024-01-05,NKE,106.68620632646936,107.79451206166276,105.89784595795402
2024-01-05,VZ,25.11846301510053,25.298291039937997,24.903796183613466
2024-01-05,WMT,53.77314117672391,54.07878533036197,53.41612356842726
2024-01-08,AAPL,146.58195049143518,147.55458580552343,145.52097394934884
2024-01-08,AMGN,165.14954359613156,166.42389398880871,163.41349148764533
2024-01-08,CRM,596.7350750194985,601.4537554807825,591.2099534273449
2024-01-08,CSCO,32.25560427007546,32.43027748010153,32.050892880378925
2024-01-08,IBM,83.04985975423496,83.48983961262797,82.54459983827206
2024-01-08,INTC,64.53257171974441,65.28178468725075,63.55332804848859
2024-01-08,MSFT,362.5592606057964,365.1019368991097,359.6004739061844
2024-01-08,NKE,106.4045576727254,107.51994844258925,105.62970333064409
2024-01-08,VZ,25.232176039302267,25.416038590572114,25.02131020622172
2024-01-08,WMT,53.78336760222294,54.09659628346381,53.433229750130835
2024-01-09,AAPL,146.51127304472507,147.52293874556287,145.4840793001927
2024-01-09,AMGN,166.04562232190148,167.372982281419,164.35321040333864
2024-01-09,CRM,598.0710896302579,603.0132499479446,592.6955423625343
2024-01-09,CSCO,32.289479992808424,32.46953810928957,32.089331698662896
2024-01-09,IBM,83.19524210609502,83.65238878820314,82.70572522454769
2024-01-09,INTC,64.85005596419977,65.6298409954795,63.91640072032469
2024-01-09,MSFT,363.3592167818947,365.95312570930355,360.4413860747313
2024-01-09,NKE,106.20762213624494,107.34371853791565,105.45097756139192
2024-01-09,VZ,25.35392425521422,25.54090326154571,25.142771507453386
2024-01-09,WMT,53.824995782532966,54.143134293712954,53.48044627435961
2024-01-10,AAPL,146.32212628279456,147.27753739333258,145.24571315119138
2024-01-10,AMGN,166.86810264923545,168.15135562655874,165.1061272941961
2024-01-10,CRM,598.93106095426,603.6056427035671,593.3325285646869
2024-01-10,CSCO,32.30212478204283,32.47322738862356,32.0927259260216
2024-01-10,IBM,83.29673502838702,83.73055059779851,82.78550285480128
2024-01-10,INTC,65.10936710083202,65.86067163007428,64.1325856185593
2024-01-10,MSFT,363.8908407336569,366.38189507234927,360.8650968539613
2024-01-10,NKE,105.92065410795226,107.0174659330618,105.13729431671983
2024-01-10,VZ,25.465307509223894,25.64787938174796,25.248760439805224
2024-01-10,WMT,53.83741641330965,54.14417319726806,53.480241509353725
2024-01-11,AAPL,146.14960695205343,147.11208234874408,145.0822551109773
2024-01-11,AMGN,167.7051177843732,169.00116732728617,165.94286027022432
2024-01-11,CRM,599.8520374566774,604.5736818632965,594.2741379299364
2024-01-11,CSCO,32.31734471849692,32.48999371675293,32.109388380626136
2024-01-11,IBM,83.40525813563252,83.84327099709883,82.89616964639961
2024-01-11,INTC,65.37821870989309,66.1370781440298,64.40281637861526
2024-01-11,MSFT,364.46104658813914,366.9750270914415,361.4486818740105
2024-01-11,NKE,105.64683057903005,106.74648459371954,104.86983268149588
2024-01-11,VZ,25.57884791739655,25.76316915116163,25.362266858104917
2024-01-11,WMT,53.85336564739759,54.16227939654482,53.4982621964607
2024-01-12,AAPL,146.05502832132524,147.04301579192816,145.00913551786888
2024-01-12,AMGN,168.58752736483706,169.923819353063,166.85524967810878
2024-01-12,CRM,601.0899344966678,605.9695654421266,595.6038076565242
2024-01-12,CSCO,32.34873334061764,32.524468250917835,32.14297789035286
2024-01-12,IBM,83.53115379945001,83.98045545929939,83.032234981238
2024-01-12,INTC,65.68340566834974,66.4654862545143,64.74247148004604
2024-01-12,MSFT,365.2015467151699,367.73750534902604,362.20303869604015
2024-01-12,NKE,105.43565828169629,106.54676233730173,104.66830863996961
2024-01-12,VZ,25.697826561241857,25.883836569676607,25.479609522489334
2024-01-12,WMT,53.89312581411134,54.20380803171295,53.54029103207992
2024-01-16,AAPL,145.7793956488878,146.69570846554598,144.67586173714673
2024-01-16,AMGN,169.35540069105835,170.61205184914394,167.5220572150276
2024-01-16,CRM,601.5255689855679,606.0330831375734,595.7236894232083
2024-01-16,CSCO,32.34166371788126,32.50778448957358,32.127008813207034
2024-01-16,IBM,83.60615186349193,84.02639084842977,83.07514970348561
2024-01-16,INTC,65.90358242353085,66.64109914807777,64.87509167202133
2024-01-16,MSFT,365.5400179263265,367.9895304378083,362.44744206167354
2024-01-16,NKE,105.08324796190223,106.14977205488653,104.28436431306406
2024-01-16,VZ,25.803671477265013,25.986057342406294,25.582688726500574
2024-01-16,WMT,53.8779071454906,54.17937269395469,53.51399563824143
2024-01-17,AAPL,145.65586952225533,146.62973254982987,144.6033350903698
2024-01-17,AMGN,170.23397548460113,171.57291355200528,168.4694963197865
2024-01-17,CRM,602.6694760830949,607.4996839182858,597.1385329198283
2024-01-17,CSCO,32.36828233063929,32.54270171701432,32.161173089556
2024-01-17,IBM,83.72431343159911,84.16987830236019,83.22095402393244
2024-01-17,INTC,66.19689314791387,66.97732622350368,65.2409290104127
2024-01-17,MSFT,366.2166267094271,368.74987274916685,363.19875997914187
2024-01-17,NKE,104.85078176579219,105.94935525868505,104.08618838066934
2024-01-17,VZ,25.921470681334494,26.10861504255144,25.701544750636575
2024-01-17,WMT,53.910928814855936,54.22078219608933,53.55659934159373
2024-01-18,AAPL,145.40968842771642,146.3570266765182,144.3462635050886
2024-01-18,AMGN,171.08222915314445,172.38249584637848,169.24833397363324
2024-01-18,CRM,603.3882846142735,608.0441911974584,597.7859387529977
2024-01-18,CSCO,32.368586650827204,32.543204585631074,32.16339894674898
2024-01-18,IBM,83.83451779733724,84.27219785623467,83.32152248480696
2024-01-18,INTC,66.442598724931,67.19661793008686,65.39860132988466
2024-01-18,MSFT,366.64007170236056,369.23252697003716,363.66260475161334
2024-01-18,NKE,104.51653944270234,105.60625411159911,103.76356657803616
2024-01-18,VZ,26.035769489038113,26.22653920198612,25.821319867056005
2024-01-18,WMT,53.90210693128779,54.218722072147045,53.5527622440439
2024-01-19,AAPL,145.33357990992977,146.33919633973983,144.31841629774584
2024-01-19,AMGN,172.03336888827369,173.41805011329086,170.2772793221752
2024-01-19,CRM,604.8256569162724,609.825030096962,599.4579157666074
2024-01-19,CSCO,32.40495666447015,32.586828574366415,32.20563341642184
2024-01-19,IBM,83.98522468521843,84.44808149626381,83.4971590368442
2024-01-19,INTC,66.7683378464048,67.57009867100086,65.80877333759469
2024-01-19,MSFT,367.4388367784506,370.08706703515696,364.51038432217064
2024-01-19,NKE,104.31750633132738,105.43676210392441,103.58794508380895
2024-01-19,VZ,26.16202254007557,26.356216923210248,25.946093111919776
2024-01-19,WMT,53.94618368399155,54.26789393667264,53.60344370203649
2024-01-22,AAPL,145.2125130063719,146.1886733147999,144.16920542129157
2024-01-22,AMGN,172.92773697041534,174.28670897011256,171.13719861025243
2024-01-22,CRM,605.9644100870835,610.8411233544051,600.4111407391886
2024-01-22,CSCO,32.43018745403564,32.60629283747511,32.22423314253566
2024-01-22,IBM,84.10960437211813,84.55983838106336,83.6044444760928
2024-01-22,INTC,67.06872100269534,67.86064596140847,66.09065157519649
2024-01-22,MSFT,368.12819889539617,370.69613395659985,365.11442608165106
2024-01-22,NKE,104.08685648083087,105.18210161194413,103.33032009966773
2024-01-22,VZ,26.282670780445464,26.47349751320889,26.060978379219247
2024-01-22,WMT,53.976437158798866,54.28903044397622,53.62402385569256
2024-01-23,AAPL,145.05879133206733,146.0183447966783,144.0021120824167
2024-01-23,AMGN,173.79587230422618,175.14260175330602,171.97852147340276
2024-01-23,CRM,606.9301432100169,611.7358129434235,601.2844806893244
2024-01-23,CSCO,32.44796959104944,32.621512856602614,32.239169707224676
2024-01-23,IBM,84.22122855417683,84.66511841677195,83.707312708973
2024-01-23,INTC,67.35306961926722,68.13919409311892,66.35767794622525
2024-01-23,MSFT,368.74222864353624,371.281766195801,365.6918681700453
2024-01-23,NKE,103.83208309415151,104.91433359813642,103.06584068494479
2024-01-23,VZ,26.400614146943305,26.590657506199907,26.176442367749782
2024-01-23,WMT,53.99663915652303,54.30585949492858,53.64031828846237
2024-01-24,AAPL,145.01244935960167,146.00869153344726,143.98609381555602
2024-01-24,AMGN,174.73602561732937,176.14210165934963,172.96543944755817
2024-01-24,CRM,608.3767191252834,613.4050196170708,602.8871260641254
2024-01-24,CSCO,32.48956473203981,32.667779299421724,32.28433607001104
2024-01-24,IBM,84.35852483965851,84.81858181473027,83.86131579255179
2024-01-24,INTC,67.68935775496197,68.50766435760049,66.74758116806703
2024-01-24,MSFT,369.59594639706074,372.1730150857963,366.57358146886827
2024-01-24,NKE,103.66242591065405,104.7626866487125,102.91308294287674
2024-01-24,VZ,26.526405833697563,26.718946257593014,26.300902427387776
2024-01-24,WMT,54.051589012284126,54.36416676139915,53.69924181883469
2024-01-25,AAPL,144.8719490613334,145.81749701376825,143.7987548470142
2024-01-25,AMGN,175.5834056815965,176.93934054691528,173.75170703547892
2024-01-25,CRM,609.3075490062826,614.0990023831376,603.5421319732961
2024-01-25,CSCO,32.51022978939179,32.679345127695264,32.29513465668503
2024-01-25,IBM,84.45260021443102,84.89051842627929,83.92937167487753
2024-01-25,INTC,67.97456332474988,68.76905250099863,66.99495991694963
2024-01-25,MSFT,370.2258834109935,372.685422527762,367.0823031097823
2024-01-25,NKE,103.42371142691707,104.4868824007507,102.63681471481507
2024-01-25,VZ,26.642093739887617,26.82932810434614,26.409445874215653
2024-01-25,WMT,54.079096163134444,54.37872667626176,53.71277278145766
2024-01-26,AAPL,144.8485438667833,145.82972326479185,143.80265402324682
2024-01-26,AMGN,176.4900763349052,177.90198037416067,174.71063097939256
2024-01-26,CRM,610.689168712523,615.7070900099764,605.0401516639898
2024-01-26,CSCO,32.55496378486088,32.72783834475381,32.342187587477
2024-01-26,IBM,84.5693121588774,85.02236545394724,84.05948973971108
2024-01-26,INTC,68.31467274807882,69.14363243084536,67.39823518935552
2024-01-26,MSFT,371.11421006231035,373.59143147476806,367.9805932582087
2024-01-26,NKE,103.27886930932146,104.357655619799,102.49998709337021
2024-01-26,VZ,26.765234063039728,26.953929835500826,26.529736605467264
2024-01-26,WMT,54.14296943028575,54.44375497344704,53.77850017709009
2024-01-29,AAPL,144.62457193284817,145.58669319105826,143.58849451860075
2024-01-29,AMGN,177.4154243561888,178.78487303739433,175.52674787927253
2024-01-29,CRM,611.6065659040723,616.4108882902394,606.0595448771729
2024-01-29,CSCO,32.56088881789984,32.74129355564236,32.3598707226574
2024-01-29,IBM,84.70106456788425,85.15298755365126,84.1946910895223
2024-01-29,INTC,68.58422269705416,69.36987520653801,67.50612810114553
2024-01-29,MSFT,371.60172973784364,374.3037730964856,368.65283615749547
2024-01-29,NKE,102.96242992299972,104.05233759487804,102.24373976537775
2024-01-29,VZ,26.88785344737354,27.08864255482828,26.67091676312347
2024-01-29,WMT,54.13983133927954,54.465979457087144,53.79704357989473
2024-01-30,AAPL,144.60164657142246,145.5970245888216,143.57709873540452
2024-01-30,AMGN,178.3640943189837,179.79991941792775,176.56841450502455
2024-01-30,CRM,613.0711335078776,618.1638920651382,607.5004614576288
2024-01-30,CSCO,32.605264038434115,32.78318914408735,32.39785885553251
2024-01-30,IBM,84.837250572795,85.30007794457528,84.33428663494063
2024-01-30,INTC,68.93509298080862,69.77390217010358,67.99134192527028
2024-01-30,MSFT,372.5090024456704,375.0792549476569,369.4396932026619
2024-01-30,NKE,102.81403462171548,103.90348217904844,102.06010270550873
2024-01-30,VZ,27.016067462824225,27.21078410631223,26.78398494515748
2024-01-30,WMT,54.20027460313402,54.51060937805849,53.84430818936817
2024-01-31,AAPL,144.43402831349636,145.40348175199497,143.40172205389345
2024-01-31,AMGN,179.3086106679291,180.71189807056234,177.42851772505952
2024-01-31,CRM,614.1687974725216,619.0678195789902,608.6067076321435
2024-01-31,CSCO,32.62309100286715,32.802930162047694,32.41982731861327
2024-01-31,IBM,84.96989894963195,85.42575377351847,84.46416944220844
2024-01-31,INTC,69.22914662444897,70.03581842330422,68.18440144956843
2024-01-31,MSFT,373.11457608535727,375.7871824275323,370.120271515
2024-01-31,NKE,102.54588564750104,103.63113403592612,101.82165788603207
2024-01-31,VZ,27.141083364028848,27.341702403462975,26.918088463782386
2024-01-31,WMT,54.216624821175294,54.538535566874074,53.8695680041319
2024-02-01,AAPL,144.4272159419227,145.4309718482132,143.41339799827617
2024-02-01,AMGN,180.28688575281484,181.7488508797409,178.48128519216507
2024-02-01,CRM,615.7348680156513,620.8959110421181,610.1932686358923
2024-02-01,CSCO,32.67113167559363,32.851321351407606,32.46536187795575
2024-02-01,IBM,85.11530633800012,85.58413047960481,84.61567969870269
2024-02-01,INTC,69.59310708780775,70.44486691796914,68.64460628716125
2024-02-01,MSFT,374.0656922310784,376.6732991955331,371.0086796686159
2024-02-01,NKE,102.40953311108558,103.5015986065561,101.66667633728316
2024-02-01,VZ,27.272650880988326,27.47057661553439,27.039813982981126
2024-02-01,WMT,54.28161486838294,54.59527458434441,53.9280745436536
2024-02-02,AAPL,144.27579975524694,145.23924944596214,143.23607483677517
2024-02-02,AMGN,181.22565806076187,182.6436382505568,179.3326561482001
2024-02-02,CRM,616.8369953340284,621.7531810253437,611.1969807180484
2024-02-02,CSCO,32.692024087962345,32.86967970946583,32.48503364916003
2024-02-02,IBM,85.23939341187742,85.69346651220319,84.72791195289253
2024-02-02,INTC,69.8928336323289,70.7101485070735,68.85752004699866
2024-02-02,MSFT,374.7004613561501,377.33166226804804,371.64656890426113
2024-02-02,NKE,102.15782654213308,103.23155837004805,101.42239862082035
2024-02-02,VZ,27.397335381740987,27.5971464206971,27.16824358108127
2024-02-02,WMT,54.30440132701883,54.62096041133163,53.95136734215616
2024-02-05,AAPL,144.0966610753872,145.0465059738319,143.04699799211406
2024-02-05,AMGN,182.14034738167243,183.54701741353455,180.2219169300243
2024-02-05,CRM,617.7760950195308,622.6338672530412,612.0522183755293
2024-02-05,CSCO,32.70581043783606,32.88152649472162,32.49671960624096
2024-02-05,IBM,85.3535088811848,85.80262172539756,84.83401206588896
2024-02-05,INTC,70.17870678303217,70.99129961091546,69.12568517031005
2024-02-05,MSFT,375.270225001529,377.88230906774686,372.1889876056476
2024-02-05,NKE,101.88581258779305,102.94889558780027,101.14280617917998
2024-02-05,VZ,27.519893067349177,27.719410571008062,27.28885921187573
2024-02-05,WMT,54.3175166018202,54.63174036818115,53.961699601200415
2024-02-06,AAPL,144.15171773580246,145.1114025411369,142.80671410203408
2024-02-06,AMGN,182.88147078443868,184.22296231847812,180.90847390903284
2024-02-06,CRM,620.8162969256163,625.85337474339,614.9487334054119
2024-02-06,CSCO,32.65752875723479,32.87351568619467,32.43896929057433
2024-02-06,IBM,85.67699590860313,86.34297281852201,85.00894053869328
2024-02-06,INTC,70.01838897839961,70.90605715377905,68.97414872531552
2024-02-06,MSFT,376.4785507384789,379.41073966316065,373.30493152955523
2024-02-06,NKE,101.75955164320229,102.65775869262104,100.8706440059022
2024-02-06,VZ,27.57372993257861,27.785971963851498,27.31283090844657
2024-02-06,WMT,54.43565349272859,54.7257559141115,54.03401074795383
2024-02-07,AAPL,144.29581908951482,145.2942348494249,142.97927327493255
2024-02-07,AMGN,183.62821564477514,185.0704200115874,181.67265347515922
2024-02-07,CRM,624.1025967453623,629.2630600305187,618.0875973608784
2024-02-07,CSCO,32.60740553903005,32.83357829845682,32.396780061727576
2024-02-07,IBM,85.99818293496949,86.69124136518118,85.34949906752881
2024-02-07,INTC,69.90295136623008,70.80145080184866,68.88132939144106
2024-02-07,MSFT,377.69498344025374,380.7657572808848,374.624405893974
2024-02-07,NKE,101.6564757265804,102.57676136448855,100.78718041835897
2024-02-07,VZ,27.621698200023545,27.84593712481619,27.368773645403476
2024-02-07,WMT,54.55385102729078,54.85644274945535,54.16505476483587
2024-02-08,AAPL,144.46529987216329,145.4881706193895,143.17568497110082
2024-02-08,AMGN,184.46864269830476,185.88628382505817,182.54378038276974
2024-02-08,CRM,627.6756212280826,633.0687773955835,621.9778053064341
2024-02-08,CSCO,32.577549308751095,32.804762552428926,32.37164206430064
2024-02-08,IBM,86.3753950179041,87.0760689492822,85.72746754546995
2024-02-08,INTC,69.80949115389879,70.72769826352048,68.79739108480162
2024-02-08,MSFT,379.17446984907303,382.2857534983521,376.12766516226975
2024-02-08,NKE,101.60920155097729,102.54780493784325,100.75847883833744
2024-02-08,VZ,27.687847594327454,27.909643322952295,27.434131350664973
2024-02-08,WMT,54.69661491009635,55.004712895543186,54.31062197930512
2024-02-09,AAPL,144.53258432655696,145.49591784959526,143.18164761515843
2024-02-09,AMGN,185.19245637410842,186.58421424207089,183.1875424244265
2024-02-09,CRM,630.7415076986389,635.8153802762406,624.6426308835171
2024-02-09,CSCO,32.52288197657391,32.73994756614026,32.30549399273425
2024-02-09,IBM,86.68385817790285,87.3617906861159,86.01231530887289
2024-02-09,INTC,69.6530975586829,70.53219240419368,68.61701873237584
2024-02-09,MSFT,380.3112635243506,383.2935494910867,377.1196469325562
2024-02-09,NKE,101.47051188691125,102.36536428549691,100.58333511170544
2024-02-09,VZ,27.734564816754286,27.951638561503522,27.474110685289045
2024-02-09,WMT,54.808176792842424,55.101450069932845,54.405677361062324
2024-02-12,AAPL,144.6232140495717,145.5998555414092,143.2837629904159
2024-02-12,AMGN,185.93937816813698,187.3457190117777,183.9405592311885
2024-02-12,CRM,633.9225785415732,639.0883956210375,627.8525278425014
2024-02-12,CSCO,32.47237136107941,32.69144901906676,32.25782707577115
2024-02-12,IBM,87.00597744572778,87.69237772693296,86.33671447495803
2024-02-12,INTC,69.51067984788607,70.3951281701776,68.48221014602103
2024-02-12,MSFT,381.5141307326902,384.53804316658477,378.3431174320827
2024-02-12,NKE,101.34929859881704,102.25181836546493,100.4703984463128
2024-02-12,VZ,27.784803168745157,28.003811855996855,27.525506107233493
2024-02-12,WMT,54.92523005936864,55.22254969709203,54.52546163151781
2024-02-13,AAPL,144.7173058183388,145.7053368993725,143.39287817798632
2024-02-13,AMGN,186.75389503837127,188.1295248478508,184.77131240642322
2024-02-13,CRM,637.2736355687515,642.6004908397181,631.4381202787249
2024-02-13,CSCO,32.43643638833249,32.654399847897025,32.224166092032306
2024-02-13,IBM,87.36930836059942,88.05772559275613,86.69584892770948
2024-02-13,INTC,69.37698771065472,70.27286778685477,68.35256571381296
2024-02-13,MSFT,382.90732903793617,385.9411530741802,379.7318030784342
2024-02-13,NKE,101.26479234905673,102.17641443259653,100.39627285296477
2024-02-13,VZ,27.848622162302064,28.064094980908283,27.587146993729267
2024-02-13,WMT,55.05989280691732,55.359402616886584,54.65961787170871
2024-02-14,AAPL,144.7772823364477,145.7313803838077,143.40934891438766
2024-02-14,AMGN,187.42001691757747,188.84836773926293,185.36887355076382
2024-02-14,CRM,640.1814536616411,645.2148880097565,633.7384339209167
2024-02-14,CSCO,32.367580542356016,32.58379794635276,32.1491572192175
2024-02-14,IBM,87.64810754297709,88.3330054626067,86.96596298678124
2024-02-14,INTC,69.21231780471318,70.07437070763096,68.17648268667769
2024-02-14,MSFT,383.89963896533555,386.90425726228887,380.66609986170005
2024-02-14,NKE,101.09514133807151,101.97735327225791,100.19769504969433
2024-02-14,VZ,27.884605225981,28.105717644183795,27.62363189706681
2024-02-14,WMT,55.1544826678254,55.447776941770705,54.74833197767135
2024-02-15,AAPL,144.85439319128383,145.8310048707386,143.51506252201932
2024-02-15,AMGN,188.21170932322661,189.60474856119268,186.19596393871083
2024-02-15,CRM,643.4628240063583,648.7544967193936,637.4783137554448
2024-02-15,CSCO,32.325729388264534,32.54167893901226,32.111788047525124
2024-02-15,IBM,87.99566762807503,88.68523830663499,87.31555224950529
2024-02-15,INTC,69.06708417758907,69.95005009329532,68.04384281812807
2024-02-15,MSFT,385.2101708175543,388.2405569190339,381.9919566775495
2024-02-15,NKE,100.988178222642,101.88810381457688,100.11520267756664
2024-02-15,VZ,27.943920846467208,28.16046347893735,27.681025429410106
2024-02-15,WMT,55.28202305349588,55.57988264055817,54.87750804104129
2024-02-16,AAPL,144.99285057148793,145.98103540739797,143.6483192152162
2024-02-16,AMGN,188.912870054452,190.45083928389,186.86730887219846
2024-02-16,CRM,646.7474667817785,651.9156440177694,640.2244610238325
2024-02-16,CSCO,32.26095508181713,32.48566665382025,32.0497305552483
2024-02-16,IBM,88.274011956934,88.9860274058474,87.61397025002628
2024-02-16,INTC,68.9412106902748,69.8099825097315,67.9353448909039
2024-02-16,MSFT,386.21318550730166,389.35205617989914,383.06153040147706
2024-02-16,NKE,100.83782651507852,101.73727807381933,99.96878145420483
2024-02-16,VZ,27.975886724353565,28.207965052226808,27.721653281237945
2024-02-16,WMT,55.38393176116803,55.68893389586291,54.98830637540796
2024-02-20,AAPL,145.14129232526705,146.15414461615472,143.82963182237248
2024-02-20,AMGN,189.75880177411278,191.2239419843238,187.75813495510425
2024-02-20,CRM,650.401915679176,655.8892533736475,644.4344488130216
2024-02-20,CSCO,32.22748606430618,32.45047054037605,32.02093081412363
2024-02-20,IBM,88.63991509782772,89.35385192236572,87.97558300869382
2024-02-20,INTC,68.83436583476379,69.72949999643625,67.83585626652922
2024-02-20,MSFT,387.6208189622164,390.772761758749,384.4761564029516
2024-02-20,NKE,100.76493226686421,101.68491787709958,99.91835294356528
2024-02-20,VZ,28.037415850536952,28.261554293769535,27.779534972172737
2024-02-20,WMT,55.52393140338245,55.83314364963405,55.12872762363659
2024-02-21,AAPL,145.25465783103982,146.25142325188617,143.92706063784885
2024-02-21,AMGN,190.57220182438428,192.0119047402838,188.54727495498085
2024-02-21,CRM,653.8493652838807,659.2965324182611,647.7641503655184
2024-02-21,CSCO,32.18744575750499,32.4063497721598,31.977838091177553
2024-02-21,IBM,88.99819545741029,89.70542653894192,88.31802596746533
2024-02-21,INTC,68.7090862247967,69.59512139201253,67.69875358833303
2024-02-21,MSFT,388.9847813528773,392.0968899020637,385.78261427436854
2024-02-21,NKE,100.67525667049443,101.58359049560991,99.81324323208275
2024-02-21,VZ,28.09711825347055,28.318590010563515,27.83577502592776
2024-02-21,WMT,55.655125386741354,55.96010022858929,55.253498124891166
2024-02-22,AAPL,145.35474477187554,146.3437401009618,144.01729510235353
2024-02-22,AMGN,191.36097827290118,192.7998547030483,189.31621040495236
2024-02-22,CRM,657.1968893169978,662.61560643449,650.9881745015866
2024-02-22,CSCO,32.14183215144062,32.35924873341156,31.930888560151622
2024-02-22,IBM,89.34532278946236,90.05204916015859,88.65794433979393
2024-02-22,INTC,68.57554103951827,69.4542294491058,67.56175756934933
2024-02-22,MSFT,390.29260649238756,393.3971297294543,387.061420936546
2024-02-22,NKE,100.57133977970776,101.47267021200598,99.70223173593136
2024-02-22,VZ,28.15323529193603,28.37471073599621,27.890649726985963
2024-02-22,WMT,55.77934430838702,56.08289148895518,55.374745724450996
2024-02-23,AAPL,145.4515992897561,146.45114547306935,144.13014128298735
2024-02-23,AMGN,192.241040315929,193.63676685665934,190.216025757372
2024-02-23,CRM,660.7685157503647,666.3778092913382,654.9012077620893
2024-02-23,CSCO,32.115410288093976,32.3307634975309,31.906454068365054
2024-02-23,IBM,89.74537582206834,90.45210437320205,89.05303527035059
2024-02-23,INTC,68.44867988649548,69.34055981766693,67.43936890264708
2024-02-23,MSFT,391.8415202101411,394.945928977701,388.5964932597435
2024-02-23,NKE,100.51010569571493,101.4208439967398,99.6539223979854
2024-02-23,VZ,28.227370530660558,28.443567816676975,27.961473728175644
2024-02-23,WMT,55.9272250816296,56.232357254145064,55.52097170692382
2024-02-26,AAPL,145.4853198619016,146.45010332456812,144.12930493567788
2024-02-26,AMGN,193.0397283242836,194.40357608600155,190.96528946106082
2024-02-26,CRM,663.9382125216536,669.380170616152,657.7912509632962
2024-02-26,CSCO,32.07270132540558,32.28159528206087,31.857247632718327
2024-02-26,IBM,90.11046049213012,90.80358739362387,89.39574478533059
2024-02-26,INTC,68.28559538708151,69.15575131538331,67.25728227532173
2024-02-26,MSFT,393.2139157491431,396.240143196004,389.87210352762617
2024-02-26,NKE,100.40096471535246,101.28687917468301,99.51704429384631
2024-02-26,VZ,28.291816449164948,28.50460101659513,28.02096735156746
2024-02-26,WMT,56.05367343856615,56.350024765011575,55.63662848040004
2024-02-27,AAPL,145.52207821674816,146.50339405818846,144.19070395213362
2024-02-27,AMGN,193.94622403880967,195.24956587020492,191.9035720497917
2024-02-27,CRM,667.3462426934638,673.0425040317333,661.6284811737733
2024-02-27,CSCO,32.05276583088579,32.259897004363864,31.840466046847915
2024-02-27,IBM,90.54703659489348,91.24143746567711,89.8245929200916
2024-02-27,INTC,68.13497265330618,69.02391321165926,67.11014298949067
2024-02-27,MSFT,394.9131711907514,397.9470142381578,391.565325868432
2024-02-27,NKE,100.35076637464894,101.25133795099102,99.48013930143533
2024-02-27,VZ,28.380475402798893,28.58715915826021,28.106020158893127
2024-02-27,WMT,56.208159206450425,56.507372387315655,55.79035440787152
2024-02-28,AAPL,145.6965003309864,146.70435065435865,144.35701689593026
2024-02-28,AMGN,194.68592233277525,196.3097544048251,192.58795305364694
2024-02-28,CRM,670.934781126798,676.3342109154576,664.167642805879
2024-02-28,CSCO,31.990823076735946,32.21768739809258,31.784278578652497
2024-02-28,IBM,90.83141284920566,91.57422872217597,90.1652312832517
2024-02-28,INTC,68.0277800529806,68.88947542780498,67.04753543571627
2024-02-28,MSFT,395.939937419146,399.211001556552,392.75559414745726
2024-02-28,NKE,100.20949308497649,101.11212206099275,99.358829282291
2024-02-28,VZ,28.410674707367914,28.65043308706558,28.155820640589226
2024-02-28,WMT,56.31577471228952,56.63071629166394,55.9190596150066
2024-02-29,AAPL,145.79628819020462,146.80530267927162,144.48205572703253
2024-02-29,AMGN,195.60826833551673,196.99594125539704,193.56459234989853
2024-02-29,CRM,674.6037181949044,680.42120825819,668.746714509696
2024-02-29,CSCO,31.97061750258297,32.184518613978504,31.76391931686928
2024-02-29,IBM,91.26472353613666,91.98302133097184,90.55586103278658
2024-02-29,INTC,67.90741929352774,68.80050049443543,66.90328529929742
2024-02-29,MSFT,397.6345598539999,400.7849173366391,394.3469111959082
2024-02-29,NKE,100.17164781069856,101.08564012924111,99.31898266947192
2024-02-29,VZ,28.494229512356494,28.7099962789117,28.22485011118985
2024-02-29,WMT,56.472337086783526,56.78146279238085,56.06251235349875
2024-03-01,AAPL,145.93546667547497,146.93744572440588,144.59395616396452
2024-03-01,AMGN,196.39890162446437,197.95980645016465,194.29232588015404
2024-03-01,CRM,678.206030122685,683.735854233523,671.6272264180421
2024-03-01,CSCO,31.91954606147677,32.14084974589058,31.711907978290892
2024-03-01,IBM,91.58794862241594,92.32511771708334,90.90277290895277
2024-03-01,INTC,67.78882933093085,68.65291205933423,66.80249774536641
2024-03-01,MSFT,398.8279821373068,402.06397609305543,395.57538879579437
2024-03-01,NKE,100.0506523281639,100.95009239667688,99.19780490082435
2024-03-01,VZ,28.538858844487315,28.771487713874823,28.277887359161372
2024-03-01,WMT,56.592688740609475,56.90514463206007,56.18835595225302
2024-03-04,AAPL,146.05394995049707,147.07431589854244,144.7463203871764
2024-03-04,AMGN,197.34797550575234,198.76310493911143,195.29643791255208
2024-03-04,CRM,682.0219301798784,687.9509322703125,676.1464462299047
2024-03-04,CSCO,31.90268696906714,32.11802308030845,31.698270050314214
2024-03-04,IBM,92.0322749099913,92.7616750176751,91.32313909727073
2024-03-04,INTC,67.67895354286017,68.57376075929145,66.68394423589343
2024-03-04,MSFT,400.57326313981605,403.77390328494977,397.2865369811804
2024-03-04,NKE,100.02408189342492,100.94299821669391,99.17985915152009
2024-03-04,VZ,28.624394528945793,28.84272383032583,28.35522319321999
2024-03-04,WMT,56.754672891454184,57.068069247419565,56.34572517985741
2024-03-05,AAPL,146.15792109950226,147.14964877278715,144.80768568982603
2024-03-05,AMGN,198.15634130268535,199.67617086924193,196.02898906000536
2024-03-05,CRM,685.5584410322165,691.1551584899041,679.0211321374711
2024-03-05,CSCO,31.85519351271598,32.07160016114425,31.64564990388462
2024-03-05,IBM,92.37410885332359,93.10659738205767,91.6703022817243
2024-03-05,INTC,67.54610333764775,68.4067306526034,66.55289527415225
2024-03-05,MSFT,401.84067482059527,405.04496748367615,398.51709184690117
2024-03-05,NKE,99.90665301962825,100.79898682325094,99.0469340622259
2024-03-05,VZ,28.67618012693424,28.904000103422568,28.409891262563345
2024-03-05,WMT,56.87891440870587,57.188445525097386,56.466895155057856
2024-03-06,AAPL,146.26529632240312,147.25770608123545,144.91289023321173
2024-03-06,AMGN,198.9495287851611,200.48160709692561,196.8107795710554
2024-03-06,CRM,689.0562528086655,694.6641461498629,682.4140863403438
2024-03-06,CSCO,31.80406143933089,32.02069704072802,31.59486119157086
2024-03-06,IBM,92.7107505876724,93.44719259536376,92.00358884446312
2024-03-06,INTC,67.41407813686685,68.27158744007842,66.42126595020866
2024-03-06,MSFT,403.0829985453472,406.30329773647827,399.7531575389427
2024-03-06,NKE,99.78487622777727,100.67558867790335,98.92275173319578
2024-03-06,VZ,28.72576916206191,28.955199137125785,28.459658438271703
2024-03-06,WMT,56.99864542458774,57.30912126721186,56.586295339030904
2024-03-07,AAPL,145.80102588257287,146.86948155211664,144.63343980451336
2024-03-07,AMGN,198.8276463302588,200.87253438370075,197.0001715601405
2024-03-07,CRM,691.3245647893875,698.1126130629851,683.0175915367453
2024-03-07,CSCO,31.83699586810651,31.997924638472306,31.58917421138532
2024-03-07,IBM,93.12716741343854,93.77724140862891,92.28428081729736
2024-03-07,INTC,67.56626608207479,68.6156896061491,66.61796174403003
2024-03-07,MSFT,403.3351414743824,406.1180392874029,399.94453936480124
2024-03-07,NKE,99.49768927520587,100.53810546880217,98.69198441394703
2024-03-07,VZ,28.76335696735064,28.977522583412366,28.473935202700975
2024-03-07,WMT,57.191900263341516,57.511570553154826,56.76128004775696
2024-03-08,AAPL,145.36005757616638,146.45669820614637,144.22741507339626
2024-03-08,AMGN,198.71486841162485,200.75567405296988,196.9147465026932
2024-03-08,CRM,693.8281970072334,700.6901634595348,685.6322615517621
2024-03-08,CSCO,31.873572228653558,32.03752732026584,31.630975463088646
2024-03-08,IBM,93.59350398141368,94.26081475600287,92.73288101331441
2024-03-08,INTC,67.77470461391508,68.84551201214627,66.81446780783179
2024-03-08,MSFT,403.6492618967558,406.48399591375636,400.29089458691504
2024-03-08,NKE,99.22393663726928,100.30219739268135,98.42761165347221
2024-03-08,VZ,28.79733979721606,29.016001312767386,28.513234979406434
2024-03-08,WMT,57.3940387539375,57.713563341724836,56.965246221557834
2024-03-11,AAPL,144.99222962353582,146.10656389810669,143.88113800235664
2024-03-11,AMGN,198.67895398476293,200.77131447275346,196.9129985376296
2024-03-11,CRM,696.5773984019496,703.6996958911475,688.4505541508868
2024-03-11,CSCO,31.92224278332522,32.09291851369985,31.683739594924482
2024-03-11,IBM,94.06535693070114,94.74823147976713,93.23448016887616
2024-03-11,INTC,67.98322416209977,69.06718208025029,67.0507196859474
2024-03-11,MSFT,404.1484156086518,407.07472409144896,400.8814135917603
2024-03-11,NKE,99.00355127245014,100.07460310848872,98.23137702169471
2024-03-11,VZ,28.84631921339531,29.068085682971393,28.56312299973544
2024-03-11,WMT,57.61077317326854,57.946790915531984,57.192072519885336
2024-03-12,AAPL,144.5165035546097,145.5775329918451,143.3617031634482
2024-03-12,AMGN,198.5393703789766,200.56663434396108,196.7113594591728
2024-03-12,CRM,698.8719635125805,705.678020969041,690.4870951355365
2024-03-12,CSCO,31.953114526776304,32.113457638341195,31.70448982299618
2024-03-12,IBM,94.49915584164461,95.15882248149583,93.63072260320733
2024-03-12,INTC,68.15100865463688,69.21127006273427,67.18366653972315
2024-03-12,MSFT,404.3626994278593,407.1395841995566,400.944325721146
2024-03-12,NKE,98.70638245340244,99.75009015011497,97.90317103173298
2024-03-12,VZ,28.878637049193188,29.093943071017353,28.589083819232968
2024-03-12,WMT,57.804737238950324,58.12294880864793,57.366912501824665
2024-03-13,AAPL,144.06018978768265,145.12719181960028,142.918018102975
2024-03-13,AMGN,198.41515072991808,200.4501907107766,196.5994020986694
2024-03-13,CRM,701.252263413232,708.1367420371593,692.8792520313588
2024-03-13,CSCO,31.98674663808488,32.14902681703494,31.73968293010996
2024-03-13,IBM,94.9440356475611,95.61164430247024,94.07606597810982
2024-03-13,INTC,68.32886826290147,69.39697168107134,67.36342695355874
2024-03-13,MSFT,404.62437138340596,407.428903722598,401.2286910702141
2024-03-13,NKE,98.42264698168286,99.46936604646665,97.62683621370299
2024-03-13,VZ,28.913524311861448,29.130359668936133,28.62487866028697
2024-03-13,WMT,58.00314378523891,58.32537981152296,57.566733546894966
2024-03-14,AAPL,143.65233155267626,144.72492102595874,142.5207140759882
2024-03-14,AMGN,198.34228784392968,200.41297811190748,196.5465497490101
2024-03-14,CRM,703.7568161061992,710.8252982024309,695.3939940242069
2024-03-14,CSCO,32.028046707696944,32.1946636238468,31.78282708513718
2024-03-14,IBM,95.38358969356923,96.0604739257121,94.53769935001847
2024-03-14,INTC,68.49553936859758,69.56984913801581,67.55069171790936
2024-03-14,MSFT,405.0075099281,407.8687881328665,401.6707748179866
2024-03-14,NKE,98.17480584597818,99.20752490688734,97.39492069143532
2024-03-14,VZ,28.959623125872984,29.17795379299062,28.670398198336795
2024-03-14,WMT,58.21019479354867,58.54476047946274,57.78008077841271
2024-03-15,AAPL,143.12508484065188,144.1579463431871,141.9648154079042
2024-03-15,AMGN,198.1305573692225,200.10680160695617,196.2783412112762
2024-03-15,CRM,705.8020967756019,712.4913466493075,697.2071263752949
2024-03-15,CSCO,32.04707802195772,32.20269539121624,31.79384338664309
2024-03-15,IBM,95.8172683843793,96.47545997879499,94.90821818822566
2024-03-15,INTC,68.66080305286052,69.71990367417828,67.65997223834296
2024-03-15,MSFT,405.0756526087163,407.7858439118276,401.5752653540751
2024-03-15,NKE,97.83940359375507,98.87462838319304,97.02133139645689
2024-03-15,VZ,28.98105643243878,29.1946830181171,28.688966592768107
2024-03-15,WMT,58.391352758743274,58.70116226195007,57.93974146824385
2024-03-18,AAPL,142.69506540496914,143.7529181551916,141.5640512509531
2024-03-18,AMGN,198.0374582497595,200.0912298675425,196.2320435969634
2024-03-18,CRM,708.2705022253825,715.3024526971707,699.8350798111044
2024-03-18,CSCO,32.08530807030142,32.24989823873711,31.8379666470337
2024-03-18,IBM,96.25992649513987,96.9383491791655,95.39796683901707
2024-03-18,INTC,68.82891074846975,69.90467065046174,67.87161935174622
2024-03-18,MSFT,405.3938546321936,408.2258271212644,402.0200110562395
2024-03-18,NKE,97.57502169711478,98.60354146220111,96.79418202513217
2024-03-18,VZ,29.022901370699454,29.240674931080623,28.732531476835977
2024-03-18,WMT,58.5963432448727,58.92821017701879,58.15920614735664
2024-03-19,AAPL,142.22092986955155,143.29317189580178,141.11336630552975
2024-03-19,AMGN,197.8957264971148,199.90245750872677,196.0897763810213
2024-03-19,CRM,710.8911035544983,717.7691868008174,702.5506227849278
2024-03-19,CSCO,32.11904708986765,32.28072088652845,31.873785705805805
2024-03-19,IBM,96.76337922061234,97.4505525346447,95.84972878087497
2024-03-19,INTC,69.06902445809123,70.16141556084972,68.07067706716312
2024-03-19,MSFT,405.6000745695634,408.4052390445315,402.17018714048555
2024-03-19,NKE,97.27391458821087,98.35346451796278,96.48786881010028
2024-03-19,VZ,29.045201379238446,29.265680610273378,28.760325850363348
2024-03-19,WMT,58.80280481317427,59.11844989577281,58.35619013358834
2024-03-20,AAPL,141.85016923092155,142.94083062526812,140.7640004318429
2024-03-20,AMGN,197.86964487648376,199.9569324623438,196.10777541500877
2024-03-20,CRM,713.8225591913098,721.081829224806,705.5626572654429
2024-03-20,CSCO,32.17048440978756,32.34158900995334,31.930024104672256
2024-03-20,IBM,97.25840581385347,97.9640026081708,96.39850969168249
2024-03-20,INTC,69.29057394544154,70.39609823580663,68.34002816661796
2024-03-20,MSFT,406.0736055901844,409.0030849694572,402.77692541003887
2024-03-20,NKE,97.04949279037551,98.1063739365988,96.2970390059999
2024-03-20,VZ,29.091771898702483,29.315502723062334,28.80677085301536
2024-03-20,WMT,59.02935421053074,59.37071356570843,58.598466785531514
2024-03-21,AAPL,141.43954923032214,142.50011468016112,140.33026706485887
2024-03-21,AMGN,197.78474080968104,199.8388122133227,195.99416446925957
2024-03-21,CRM,716.3978001745968,723.5566294352901,707.91050512657
2024-03-21,CSCO,32.210736715728615,32.377706965191955,31.964737499067517
2024-03-21,IBM,97.72322964832078,98.4181405123396,96.84632190191368
2024-03-21,INTC,69.47733267706164,70.57025707487695,68.51051628141552
2024-03-21,MSFT,406.43579432260253,409.30211545966785,403.0765535012685
2024-03-21,NKE,96.79760916125201,97.8292200789458,96.02647913230146
2024-03-21,VZ,29.13425024018873,29.354540919492234,28.844684886382883
2024-03-21,WMT,59.2398743622621,59.57682277781973,58.800549939372026
2024-03-22,AAPL,141.00508666721183,142.05094393692713,139.88828410482986
2024-03-22,AMGN,197.66734293325652,199.70047072330937,195.86298224163437
2024-03-22,CRM,718.8234433298344,725.9240005559957,710.2271084298228
2024-03-22,CSCO,32.245280313015996,32.409933867311786,31.996661372545695
2024-03-22,IBM,98.1801461152412,98.87184221818265,97.28848801616597
2024-03-22,INTC,69.65433178768001,70.74365842529329,68.67488263177296
2024-03-22,MSFT,406.73063845625995,409.56325898851475,403.33348274589036
2024-03-22,NKE,96.52854903658069,97.55146452533849,95.74913341561277
2024-03-22,VZ,29.172740959291655,29.391720806738892,28.88133796771498
2024-03-22,WMT,59.443255473016755,59.77673138564521,58.998124482677014
2024-03-25,AAPL,140.63309171411933,141.68795667565755,139.5293640903105
2024-03-25,AMGN,197.6253226569944,199.71047140014338,195.8471913528035
2024-03-25,CRM,721.46335089644,728.8070149303187,712.9163513274092
2024-03-25,CSCO,32.291496672265744,32.46192251868481,32.045507288946666
2024-03-25,IBM,98.63079807785984,99.33438319584685,97.77332473022486
2024-03-25,INTC,69.8181894696935,70.91534700175033,68.86969093862452
2024-03-25,MSFT,407.18772112233626,410.09603897352616,403.86981557968306
2024-03-25,NKE,96.30592775810169,97.3133102696667,95.54901635066648
2024-03-25,VZ,29.22642187804658,29.44742932969733,28.93449258430772
2024-03-25,WMT,59.660325630218935,60.010300901086,59.22426168954829
2024-03-26,AAPL,140.1824050621541,141.19157773082372,139.04145525091621
2024-03-26,AMGN,197.48281663992475,199.507780426547,195.6546431318431
2024-03-26,CRM,723.5644917166973,730.6689516224772,714.7081350400858
2024-03-26,CSCO,32.31935233618126,32.48170061466864,32.06457343406135
2024-03-26,IBM,99.03915773086217,99.72216416804342,98.14926204675446
2024-03-26,INTC,69.9361434612837,71.01088317441986,68.95763354620321
2024-03-26,MSFT,407.4268581901788,410.2165672577986,403.9917792919889
2024-03-26,NKE,96.0278324718163,97.0047779037612,95.23989937056001
2024-03-26,VZ,29.26902629021899,29.484372413176715,28.970726660500965
2024-03-26,WMT,59.8518432807406,60.189437967157694,59.40057241101567
2024-03-27,AAPL,139.79937639297702,140.8144009659482,138.66831126146175
2024-03-27,AMGN,197.40967002031877,199.48537178014806,195.6075250978841
2024-03-27,CRM,725.7861198148411,733.1542040351834,716.9283975138432
2024-03-27,CSCO,32.35714717297222,32.52557091146452,32.104605207332106
2024-03-27,IBM,99.43191788152538,100.12531981764569,98.58087305692607
2024-03-27,INTC,70.03024517362671,71.10953414184216,69.08592755059921
2024-03-27,MSFT,407.8419138096611,410.7095173453417,404.4929161216548
2024-03-27,NKE,95.80065087251725,96.75473158932789,95.03193823329478
2024-03-27,VZ,29.329794288434638,29.54677074033311,29.03000601608902
2024-03-27,WMT,60.05348822237203,60.41011238207219,59.61245816675864
2024-03-28,AAPL,139.362043656534,140.43600050568372,138.2996549295844
2024-03-28,AMGN,197.30917738670803,199.3301070594925,195.53203713856448
2024-03-28,CRM,728.7826195441266,735.9157504028935,720.4043709060126
2024-03-28,CSCO,32.399606263029376,32.565854886448044,32.15670278937855
2024-03-28,IBM,99.98497498677395,100.70719928448787,99.04518375365478
2024-03-28,INTC,70.31059214840515,71.43671751978924,69.30054074622608
2024-03-28,MSFT,408.1266871662272,410.9992720665147,404.71729890096833
2024-03-28,NKE,95.52292085386256,96.6060024672457,94.76625823660127
2024-03-28,VZ,29.353184454014624,29.57933454003815,29.06925000666026
2024-03-28,WMT,60.278738474141804,60.60471629949423,59.82561504465208
2024-04-01,AAPL,139.00688445833703,140.04547268737664,137.91136764579784
2024-04-01,AMGN,197.26652401397274,199.3518508385619,195.49274839939656
2024-04-01,CRM,731.3451707527179,738.8405078819904,722.6076859048953
2024-04-01,CSCO,32.444771139476934,32.61692099855731,32.19710196937047
2024-04-01,IBM,100.42837366600808,101.14366724260847,99.5638093447803
2024-04-01,INTC,70.45733464924224,71.56138832761226,69.50620584660274
2024-04-01,MSFT,408.6174414973381,411.54489189298357,405.30353659542396
2024-04-01,NKE,95.31280647101065,96.29621109576604,94.56124929453185
2024-04-01,VZ,29.41232084371385,29.634134333802756,29.117081289831802
2024-04-01,WMT,60.495083808488815,60.85468503631381,60.05520417922765
2024-04-02,AAPL,138.58885023451265,139.64438206196849,137.51911077199273
2024-04-02,AMGN,197.18206775949182,199.22000518654275,195.40287907267125
2024-04-02,CRM,734.2357369921202,741.4983116342011,725.7003130172344
2024-04-02,CSCO,32.488008630919495,32.65567836223307,32.24251105893427
2024-04-02,IBM,100.95162148285532,101.67605943602683,100.02596195743875
2024-04-02,INTC,70.69777068306661,71.82125481720321,69.69978571289167
2024-04-02,MSFT,408.94430953550346,411.8277670342568,405.5474270978219
2024-04-02,NKE,95.05119409172464,96.0994539280883,94.29908010711017
2024-04-02,VZ,29.44536693636398,29.67040166837697,29.15705291662187
2024-04-02,WMT,60.71909418481764,61.05580723707501,60.26582304659018
2024-04-03,AAPL,138.25204341632275,139.2947618188982,137.17194733279334
2024-04-03,AMGN,197.1600023391239,199.2557238435029,195.39859040757528
2024-04-03,CRM,736.9429935052676,744.5500541877819,728.205161917967
2024-04-03,CSCO,32.53721588470549,32.71162407541332,32.290832100728
2024-04-03,IBM,101.41102939209692,102.13884073265987,100.54299524208301
2024-04-03,INTC,70.85768526863838,71.97384705200334,69.90632290882134
2024-04-03,MSFT,409.4820876225614,412.4420195657515,406.1856013266231
2024-04-03,NKE,94.8534983553248,95.83963603515876,94.11251501601527
2024-04-03,VZ,29.50662831861015,29.730566119991032,29.211928083521904
2024-04-03,WMT,60.94288334154599,61.30771726253836,60.50267273937045
2024-04-04,AAPL,137.83129239318745,138.86464281399088,136.75079371015468
2024-04-04,AMGN,197.06495841849699,199.10119688948774,195.27444816435144
2024-04-04,CRM,739.6550238509311,746.9669567246767,730.9345417096521
2024-04-04,CSCO,32.57713317002916,32.74421881443334,32.32796710539204
2024-04-04,IBM,101.90715236117046,102.63046574723747,100.98136741340588
2024-04-04,INTC,71.063044492235,72.18161146728153,70.0651663358442
2024-04-04,MSFT,409.79225526796944,412.66064889180467,406.37749075839605
2024-04-04,NKE,94.59147169989917,95.61040421438372,93.83669496506546
2024-04-04,VZ,29.543620108649975,29.76700088150652,29.2508675180112
2024-04-04,WMT,61.161056224607904,61.5028240439023,60.70370065830538
2024-04-05,AAPL,137.39572295477495,138.4199800907379,136.31319300355128
2024-04-05,AMGN,196.94399603026417,198.96273725402787,195.1458046293401
2024-04-05,CRM,742.2592678444901,749.5393843912522,733.4506797483367
2024-04-05,CSCO,32.61256695307334,32.778221704821235,32.361828238208474
2024-04-05,IBM,102.40235588878258,103.12545021506412,101.46224832053694
2024-04-05,INTC,71.26628998900853,72.3847899994944,70.25654719955104
2024-04-05,MSFT,410.0579808375729,412.9058303893875,406.61774123253497
2024-04-05,NKE,94.31848677988113,95.33366456751365,93.55798136318393
2024-04-05,VZ,29.57751456182905,29.80030697025224,29.283818723496193
2024-04-05,WMT,61.37392363043549,61.713385505825784,60.912033119758505
2024-04-08,AAPL,137.2364590054416,138.37083056843838,136.27635015548867
2024-04-08,AMGN,196.54943925217964,198.8260883845625,195.0386924324877
2024-04-08,CRM,743.6948826968832,752.774001405086,735.7403468039755
2024-04-08,CSCO,32.588570428616606,32.855130868262975,32.40878880892553
2024-04-08,IBM,102.60117261496809,103.42830710030978,101.80985950718836
2024-04-08,INTC,70.97075230758834,72.1069337974681,70.180350878854
2024-04-08,MSFT,410.93692015558935,414.29147449538266,408.05071199144317
2024-04-08,NKE,93.92457256427265,94.98362635900396,93.19042931171437
2024-04-08,VZ,29.653330819896652,29.87056433462485,29.374258631624482
2024-04-08,WMT,61.46603519314733,61.87450401708634,61.128138187701595
2024-04-09,AAPL,137.06911982675751,138.17023790308824,136.10686967442763
2024-04-09,AMGN,196.17447801780907,198.42652514690772,194.58539882619488
2024-04-09,CRM,745.4895278938966,754.3230699815549,737.0150237699735
2024-04-09,CSCO,32.567626783219296,32.825126945350966,32.37640470075652
2024-04-09,IBM,102.79521907295437,103.60835241760233,101.998199948737
2024-04-09,INTC,70.61079855510678,71.73842473151636,69.82715469379421
2024-04-09,MSFT,411.92784626060035,415.16931317280404,408.8640476604829
2024-04-09,NKE,93.51413731829933,94.5703919086039,92.7922774995807
2024-04-09,VZ,29.715634735666665,29.93111435980506,29.430968855317264
2024-04-09,WMT,61.55655404155861,61.95386966629158,61.211604966110784
2024-04-10,AAPL,136.87138656284628,138.01970953569554,135.89159740300227
2024-04-10,AMGN,195.70169839162725,197.96533238722515,194.28043851643451
2024-04-10,CRM,746.1356482695686,755.4553626787651,738.707313373598
2024-04-10,CSCO,32.528812970519326,32.80222027856516,32.359849873523004
2024-04-10,IBM,102.97225033081374,103.8086646447084,102.16860641722437
2024-04-10,INTC,70.37984411887624,71.49485950219987,69.57638000801983
2024-04-10,MSFT,412.5141773745479,415.97559953496415,409.7816071020866
2024-04-10,NKE,93.11290249154358,94.14282783458248,92.35394412044857
2024-04-10,VZ,29.80402477553898,30.021602953734565,29.52645449312908
2024-04-10,WMT,61.635671342416735,62.05345513454823,61.29725219892066
2024-04-11,AAPL,136.63810878447532,137.69704448667707,135.64383006975382
2024-04-11,AMGN,195.24897048684898,197.44141134451573,193.61273447211852
2024-04-11,CRM,747.4957494659147,756.0814639451744,738.7125701074143
2024-04-11,CSCO,32.49418710460557,32.74264357936595,32.29494414695579
2024-04-11,IBM,103.12173171243501,103.91280160750209,102.29866619158413
2024-04-11,INTC,69.97206672625748,71.06589218760992,69.17511406747413
2024-04-11,MSFT,413.3277978640767,416.4554192139936,410.13968655035467
2024-04-11,NKE,92.65814368127657,93.67928717666446,91.91940110542848
2024-04-11,VZ,29.85623397667277,30.066733104241944,29.564451831567684
2024-04-11,WMT,61.705585007275246,62.09035640969647,61.34605267868712
2024-04-12,AAPL,136.3580532446855,137.42913928062305,135.33903398406585
2024-04-12,AMGN,194.71044358566067,196.89145977888668,193.16359286850667
2024-04-12,CRM,747.997416742308,756.8011084689565,739.780763983136
2024-04-12,CSCO,32.44263683268204,32.698081593565725,32.253957223498965
2024-04-12,IBM,103.2458826193334,104.04357300164772,102.41086395281783
2024-04-12,INTC,69.62936902184312,70.7046655860457,68.8137383305019
2024-04-12,MSFT,413.8100764280765,417.0360200882962,410.7819714609639
2024-04-12,NKE,92.18991220931291,93.1837883230886,91.41990287786781
2024-04-12,VZ,29.920524052408084,30.130437338053113,29.630655022479704
2024-04-12,WMT,61.75960673301001,62.152821635177006,61.39963330053386
2024-04-15,AAPL,136.25846811863113,137.4298553377787,135.33584636239038
2024-04-15,AMGN,194.3717501117225,196.66793180372608,192.951932563621
2024-04-15,CRM,749.6272108923447,759.0942565137874,742.0336672686482
2024-04-15,CSCO,32.4289500801659,32.70420717256768,32.261858363136845
2024-04-15,IBM,103.48240937868869,104.34162531401135,102.70369445582102
2024-04-15,INTC,69.4051273592765,70.53484408359832,68.64801307994676
2024-04-15,MSFT,414.80473584907145,418.33518219471347,412.05802094759485
2024-04-15,NKE,91.85182408278324,92.90597254813855,91.14985221912099
2024-04-15,VZ,30.01167537365628,30.236963595660523,29.736158792999113
2024-04-15,WMT,61.8703474498012,62.29655035373743,61.543275685209906
2024-04-16,AAPL,136.03930830671143,137.0969193528038,135.0564339086244
2024-04-16,AMGN,193.94478675715553,196.13109824043275,192.32026710659147
2024-04-16,CRM,751.165838245111,759.8169922522958,742.333610985495
2024-04-16,CSCO,32.39794421849542,32.64630592732674,32.19931197347863
2024-04-16,IBM,103.64291462301715,104.44147446677894,102.82077107472648
2024-04-16,INTC,69.00511065659343,70.08907368469764,68.22399278448927
2024-04-16,MSFT,415.68180197451517,418.8382731504084,412.47356058827995
2024-04-16,NKE,91.41053028597489,92.42437825980204,90.68831620801451
2024-04-16,VZ,30.064332124926576,30.27740464904849,29.77095832201858
2024-04-16,WMT,61.94486780725324,62.33252165544244,61.58621811024832
2024-04-17,AAPL,135.97201004221412,137.1940725049004,135.06688892378006
2024-04-17,AMGN,193.6116147935514,195.9415659381187,192.3193146620591
2024-04-17,CRM,752.5065984699752,762.451742013004,745.6349947699122
2024-04-17,CSCO,32.384917463821324,32.67407411891258,32.23551936406695
2024-04-17,IBM,103.90305928307704,104.79456870051015,103.13500733460991
2024-04-17,INTC,68.88228493364636,70.01518830094108,68.13408761301356
2024-04-17,MSFT,416.5995502180916,420.34612169882666,414.09967353422473
2024-04-17,NKE,91.11323746043306,92.16533047497207,90.41321222317983
2024-04-17,VZ,30.177158636475035,30.408696785608008,29.90851871496718
2024-04-17,WMT,62.06513394034587,62.51261497848628,61.75036051750797
2024-04-18,AAPL,135.79320870546815,136.8673043880822,134.83356356293046
2024-04-18,AMGN,193.22925051722993,195.428922689091,191.62388547761228
2024-04-18,CRM,754.3297889933601,763.1107903254444,745.5132980573469
2024-04-18,CSCO,32.36299969901804,32.61387825215615,32.16780236182518
2024-04-18,IBM,104.0867177130584,104.89875331967589,103.27244950916486
2024-04-18,INTC,68.4994759751604,69.58683952949691,67.73710369268905
2024-04-18,MSFT,417.61360016246095,420.8282311790606,414.43122312133266
2024-04-18,NKE,90.70203767176744,91.72143927606709,90.00138719867712
2024-04-18,VZ,30.234227228924183,30.451235759690004,29.941980074978016
2024-04-18,WMT,62.15259011013236,62.54647075449544,61.79870532009985
2024-04-19,AAPL,135.6084377874381,136.73650423951864,134.64430144764654
2024-04-19,AMGN,192.78927408915825,195.01639038956074,191.35088062143026
2024-04-19,CRM,755.2767843200626,764.5996915245911,747.5020388468603
2024-04-19,CSCO,32.32952262849073,32.597542954514104,32.156703162074734
2024-04-19,IBM,104.27152594689872,105.11374801948752,103.45968389829444
2024-04-19,INTC,68.24655411556783,69.33046643209906,67.47386809863599
2024-04-19,MSFT,418.31880703550763,421.7789877264084,415.4707339509338
2024-04-19,NKE,90.31384403370473,91.31870432162918,89.5885183388443
2024-04-19,VZ,30.31829447518142,30.53943117590001,30.03429514903387
2024-04-19,WMT,62.23649700489753,62.65380346470588,61.893441413620096
2024-04-22,AAPL,135.5561468475161,136.72316203712964,134.6641336883801
2024-04-22,AMGN,192.52814722919433,194.81903877382808,191.08494213591786
2024-04-22,CRM,757.5819044428104,767.092109074814,749.6307022142471
2024-04-22,CSCO,32.33001244551558,32.60218434871631,32.15941520720291
2024-04-22,IBM,104.53882837267282,105.41014014269356,103.76554747528893
2024-04-22,INTC,68.00249063844164,69.12361673264238,67.27968909153381
2024-04-22,MSFT,419.5820329258854,423.12855063043355,416.73265791223156
2024-04-22,NKE,90.00466865507316,91.05763392983816,89.34407783923055
2024-04-22,VZ,30.406008416833046,30.636578125956976,30.126874627500168
2024-04-22,WMT,62.36375370116174,62.79204376018333,62.03795406142563
2024-04-23,AAPL,135.24829720576028,136.30733132014046,134.22110485544923
2024-04-23,AMGN,191.9465663838988,194.0818781242607,190.4369621034401
2024-04-23,CRM,757.6740321172838,766.5929752309877,749.4798614474961
2024-04-23,CSCO,32.27008434181917,32.524483841818146,32.08422034356628
2024-04-23,IBM,104.6432794122996,105.44700923180025,103.78670006912567
2024-04-23,INTC,67.67771450145658,68.71231408858378,66.87333301595453
2024-04-23,MSFT,419.91879453441345,423.19190032273616,416.88008572554685
2024-04-23,NKE,89.53489855165509,90.48629350299319,88.77071607939872
2024-04-23,VZ,30.47352610636011,30.68529962000307,30.17795108397684
2024-04-23,WMT,62.40823671993678,62.80475744391803,62.04068238623647
2024-04-24,AAPL,135.08438178990426,136.20044561390029,134.1354112563811
2024-04-24,AMGN,191.551355520747,193.76762826947777,190.0835789620036
2024-04-24,CRM,759.0426937893124,768.3158202219231,750.9584934531296
2024-04-24,CSCO,32.24420903654503,32.50822032270393,32.06677804581735
2024-04-24,IBM,104.84230060400195,105.68694857778975,104.03176160529145
2024-04-24,INTC,67.40002929359646,68.47699932061262,66.64657180655642
2024-04-24,MSFT,420.780028385858,424.2176802211641,417.8329254056597
2024-04-24,NKE,89.15750640910035,90.15989314230463,88.45658436791983
2024-04-24,VZ,30.55215201644507,30.775629524542268,30.264569339069887
2024-04-24,WMT,62.49955568526043,62.91502891808877,62.15540122037092
2024-04-25,AAPL,134.79533405872303,135.84000550266185,133.78182589289452
2024-04-25,AMGN,191.0132118628704,193.1385312092006,189.4663350351953
2024-04-25,CRM,759.5699720311295,768.3879523286018,751.0499101904877
2024-04-25,CSCO,32.1918369119596,32.44148240603018,32.00047172379945
2024-04-25,IBM,104.95828595121479,105.76028247092985,104.10369769207263
2024-04-25,INTC,67.04514006450309,68.07553543113944,66.2575608797545
2024-04-25,MSFT,421.2753133235489,424.5037147247248,418.131636346378
2024-04-25,NKE,88.6953581146982,89.64754474236186,87.9535575919796
2024-04-25,VZ,30.612766302209902,30.82575219845619,30.313939837804433
2024-04-25,WMT,62.550491743032175,62.94305142688035,62.18148366052148
2024-04-26,AAPL,134.5837335716649,135.71355804774515,133.6108302779189
2024-04-26,AMGN,190.5217979988043,192.71849522973898,189.15468633105868
2024-04-26,CRM,759.9556641283098,769.473022285018,752.5172642655607
2024-04-26,CSCO,32.14813430206542,32.41931538281548,31.983251909442046
2024-04-26,IBM,105.12681520631715,105.97925678633045,104.30058170988421
2024-04-26,INTC,66.8364602549573,67.8893923551552,66.06641139305721
2024-04-26,MSFT,421.7755756156841,425.325467716874,419.0182788609083
2024-04-26,NKE,88.30732654789114,89.27585981609383,87.57730775833922
2024-04-26,VZ,30.706338066838338,30.92948444686495,30.420587237677804
2024-04-26,WMT,62.62499322874893,63.05004009163673,62.2794405297795
2024-04-29,AAPL,134.34217997069743,135.40425839605138,133.35695229592005
2024-04-29,AMGN,190.04547404659309,192.18961784304832,188.5247555817483
2024-04-29,CRM,760.8753152240051,769.8410647335719,752.4169823702108
2024-04-29,CSCO,32.10655967675309,32.35942831288744,31.91910074577129
2024-04-29,IBM,105.27484398458242,106.0935610338401,104.43385318048365
2024-04-29,INTC,66.50384612405232,67.5413377431664,65.73756511472185
2024-04-29,MSFT,422.43232533132095,425.73122198411284,419.3228064982731
2024-04-29,NKE,87.87937447359076,88.84049381885795,87.16275477487693
2024-04-29,VZ,30.771735358146604,30.989728301752805,30.474554522940725
2024-04-29,WMT,62.69132507970607,63.09177735856882,62.32995457768316
2024-04-30,AAPL,134.14405949998343,135.2624586737518,133.18172358528952
2024-04-30,AMGN,189.58203103570972,191.76634221886007,188.18723647545352
2024-04-30,CRM,761.5505948803976,770.988126415504,753.8595083553312
2024-04-30,CSCO,32.06824853049969,32.33544769285526,31.899479730204035
2024-04-30,IBM,105.45015913918252,106.30125856960647,104.62377131815661
2024-04-30,INTC,66.2713971812366,67.318410036076,65.51445832321764
2024-04-30,MSFT,423.0466614152974,426.56230157323193,420.21135531302036
2024-04-30,NKE,87.49746128265264,88.46308541387279,86.78482125408982
2024-04-30,VZ,30.86050641794218,31.084719746742326,30.571955138461277
2024-04-30,WMT,62.770552300081086,63.19254245630389,62.42322107611484
2024-05-01,AAPL,133.8759381060468,134.92004801506732,132.87950924402583
2024-05-01,AMGN,189.0813111582946,191.19937357131244,187.55497178821884
2024-05-01,CRM,762.3054915613051,771.2090451563926,753.764615251725
2024-05-01,CSCO,32.020837705109244,32.270684860438095,31.83100591283201
2024-05-01,IBM,105.58321049078737,106.39658261026355,104.73180328620846
2024-05-01,INTC,65.92892202799894,66.95001229229418,65.16081844780325
2024-05-01,MSFT,423.6197754692222,426.89129439094063,420.462409032465
2024-05-01,NKE,87.05503801793263,87.99865810279931,86.33517065560379
2024-05-01,VZ,30.92247511378152,31.139542994819408,30.621577743615962
2024-05-01,WMT,62.82816730493333,63.225472123400074,62.46159275195152
2024-05-02,AAPL,133.6189982778796,134.69339902056115,132.62903872315152
2024-05-02,AMGN,188.5663357570209,190.69935852535204,187.123686587609
2024-05-02,CRM,762.7194474087478,771.9076974249032,754.6955923117657
2024-05-02,CSCO,31.97114157918333,32.22951510112086,31.79323499854426
2024-05-02,IBM,105.72308509533309,106.554093785317,104.87550961820497
2024-05-02,INTC,65.65040145048208,66.67040162870951,64.88385690196006
2024-05-02,MSFT,424.09080847700295,427.4935293491844,421.1099125449877
2024-05-02,NKE,86.63330863857283,87.57139083246103,85.9095825024822
2024-05-02,VZ,30.99924404285576,31.219311368891766,30.703013134282493
2024-05-02,WMT,62.88842994721773,63.2984209018867,62.52853441415155
2024-05-03,AAPL,133.35495286345184,134.42221838243103,132.36299493275345
2024-05-03,AMGN,188.04311123315983,190.1636365708138,186.59626540594348
2024-05-03,CRM,763.0831089607068,772.2343663328985,755.0086553971142
2024-05-03,CSCO,31.920059858936224,32.17676395835155,31.741279190991786
2024-05-03,IBM,105.85687259640846,106.68531253526437,105.00502332116761
2024-05-03,INTC,65.36572140006021,66.37834398233636,64.60039558917587
2024-05-03,MSFT,424.54385234466616,427.93107416257396,421.54319032293046
2024-05-03,NKE,86.20818441136949,87.13867829148874,85.48572970094092
2024-05-03,VZ,31.074705816751106,31.29444165513869,30.776960596225788
2024-05-03,WMT,62.94625352646872,63.35458821920441,62.58406610554109
2024-05-06,AAPL,133.1597398275347,134.24998462602224,132.2060889885016
2024-05-06,AMGN,187.60768645572574,189.7595904038437,186.17129677676377
2024-05-06,CRM,764.0922618700602,773.3768635531703,755.9956177119751
2024-05-06,CSCO,31.885858058978073,32.14562551133845,31.710008600056014
2024-05-06,IBM,106.03459884661493,106.88079479243473,105.20309973879068
2024-05-06,INTC,65.09455259656572,66.12357046323,64.35526650361129
2024-05-06,MSFT,425.27058449522417,428.7209609985516,422.2933580321345
2024-05-06,NKE,85.825751048108,86.77707607178297,85.13579570586495
2024-05-06,VZ,31.154199030116423,31.37947892588879,30.859476697173978
2024-05-06,WMT,63.02697104172544,63.44281154703201,62.67462381994366
2024-05-07,AAPL,133.82996233531287,135.2587569966974,132.9308879078282
2024-05-07,AMGN,188.68837570906126,191.08534706444777,186.9312192150898
2024-05-07,CRM,764.103584841577,772.9327547403768,757.2454416126332
2024-05-07,CSCO,31.86708044592824,32.156121454859196,31.706609239457833
2024-05-07,IBM,105.77784761355937,106.61484667590084,104.94651953794585
2024-05-07,INTC,64.81388071873295,65.7456170527495,64.12549027278888
2024-05-07,MSFT,425.937301916156,429.8566335894528,422.4930917757667
2024-05-07,NKE,85.84282096057663,86.67585706562171,85.15451525648399
2024-05-07,VZ,31.136565267375833,31.45780583568981,30.90635864185622
2024-05-07,WMT,63.117749573122964,63.54966850600306,62.702488556730096
2024-05-08,AAPL,134.4170546655365,135.84734646774152,133.49596662958723
2024-05-08,AMGN,189.49737904150015,192.07273002449844,187.72893279083542
2024-05-08,CRM,764.0687780745718,772.6493070049215,757.175553766543
2024-05-08,CSCO,31.842144257196,32.125767515716745,31.680219876550087
2024-05-08,IBM,105.56663221928345,106.36795211039511,104.7099380397374
2024-05-08,INTC,64.53757405911432,65.44275668185794,63.848570718596584
2024-05-08,MSFT,426.70949065728644,430.4798152189966,423.0907901486893
2024-05-08,NKE,85.87282982770733,86.67076848756433,85.16978628975596
2024-05-08,VZ,31.12554246301128,31.435007743335937,30.893204349839895
2024-05-08,WMT,63.197858403067436,63.615740416532276,62.773304859820094
2024-05-09,AAPL,135.17007989572673,136.59273982573006,134.26110636883038
2024-05-09,AMGN,190.94402147577748,193.11434948069635,189.14031363672856
2024-05-09,CRM,763.8096940438714,772.8166893171849,756.8280103181023
2024-05-09,CSCO,31.82169875795822,32.11259702915089,31.658019745298937
2024-05-09,IBM,105.21986887118113,106.08470301567773,104.4153320170905
2024-05-09,INTC,64.22753968303039,65.16838897821339,63.53590471845926
2024-05-09,MSFT,427.0861655109802,431.1581730597508,423.7919615237686
2024-05-09,NKE,85.83947578338811,86.70564934914788,85.15431536586105
2024-05-09,VZ,31.091533558065898,31.424905529903768,30.8604646541385
2024-05-09,WMT,63.2889502025427,63.73357197700489,62.87532035719977
2024-05-10,AAPL,135.68545124723565,137.09294239748613,134.71957020042834
2024-05-10,AMGN,191.6583253772324,194.22869624855784,189.822293933308
2024-05-10,CRM,763.3313209544224,771.6279413308366,756.2102542289543
2024-05-10,CSCO,31.782615756133346,32.05769515442961,31.61348200615395
2024-05-10,IBM,104.96751297729351,105.73767775937465,104.0899048138784
2024-05-10,INTC,63.91234254121374,64.78566001094654,63.21086859082604
2024-05-10,MSFT,427.6722748629874,431.31915130243146,423.9281796799438
2024-05-10,NKE,85.82746849435676,86.60001587479694,85.1011596911987
2024-05-10,VZ,31.071339349640496,31.37321840588413,30.833621740839472
2024-05-10,WMT,63.345512314085916,63.75122654029733,62.906741945228944
2024-05-13,AAPL,136.2807127024736,137.66884115341594,135.3061006785186
2024-05-13,AMGN,192.74927236392222,195.0606149992841,190.8734935961021
2024-05-13,CRM,762.5231059993819,770.9898740679274,755.253152953038
2024-05-13,CSCO,31.740414995961775,32.01717344082996,31.567142813836092
2024-05-13,IBM,104.61796370918157,105.41823598395712,103.7656764559446
2024-05-13,INTC,63.56359955383744,64.44945366327892,62.85415121649149
2024-05-13,MSFT,427.9294716064951,431.72297977618285,424.3400667707505
2024-05-13,NKE,85.75777932994934,86.56225932182612,85.03305854859974
2024-05-13,VZ,31.0328594998013,31.347320814469384,30.793605074278684
2024-05-13,WMT,63.401189316416854,63.81821927779433,62.9636382545164
2024-05-14,AAPL,137.06196489442476,138.5579846951099,136.1792243776643
2024-05-14,AMGN,194.0547965088508,196.47601885499924,192.2851680531368
2024-05-14,CRM,762.9248425159661,772.0494379984336,756.2872881940946
2024-05-14,CSCO,31.735995479136587,32.03198659867875,31.58311575540605
2024-05-14,IBM,104.37790635149686,105.23762674847563,103.58790439520068
2024-05-14,INTC,63.31889414665406,64.25549878665232,62.66369434306892
2024-05-14,MSFT,428.71629461064737,432.8256016149732,425.4177716564973
2024-05-14,NKE,85.80487219233349,86.67297042194319,85.14258431408388
2024-05-14,VZ,31.020347426413583,31.350501970329322,30.796743040922088
2024-05-14,WMT,63.51483785440402,63.96648572157944,63.11168020021808
2024-05-15,AAPL,137.58976030903372,139.0242525059882,136.61530186485686
2024-05-15,AMGN,194.76968092209873,197.42512687079903,192.91512088542035
2024-05-15,CRM,762.5366585421082,770.8522308401235,755.4688682918217
2024-05-15,CSCO,31.699118069975693,31.974588896707232,31.53181683625673
2024-05-15,IBM,104.14593673576981,104.9112678055386,103.27719916997282
2024-05-15,INTC,63.018784022689864,63.88193135759724,62.33068982367101
2024-05-15,MSFT,429.3644046415171,433.033320820137,425.6047907548593
2024-05-15,NKE,85.80434361953436,86.57663921447634,85.0810414550657
2024-05-15,VZ,31.003367507620048,31.304537555506275,30.76707216239975
2024-05-15,WMT,63.575686367229224,63.98344201887838,63.136786287447755
2024-05-16,AAPL,138.52060345499828,140.05111722046485,137.66440678755828
2024-05-16,AMGN,196.50107204835768,198.748970572435,194.73143639176428
2024-05-16,CRM,763.1444448539568,772.6868334300608,756.6275421814954
2024-05-16,CSCO,31.707264183966846,32.01243844559707,31.558992968725274
2024-05-16,IBM,103.86620532713395,104.77394925409513,103.12317243621293
2024-05-16,INTC,62.78687706727493,63.751772191930876,62.14779531661408
2024-05-16,MSFT,430.08373428999226,434.45460578168144,427.03096199934265
2024-05-16,NKE,85.84897743861261,86.77111130898183,85.2126276705684
2024-05-16,VZ,30.98559697358716,31.33280506284963,30.766950811153045
2024-05-16,WMT,63.71201707796997,64.18825727206224,63.32329215053597
2024-05-17,AAPL,139.07904964621113,140.55170426606918,138.11417966982253
2024-05-17,AMGN,197.21745384846682,199.94373632813245,195.36388599302813
2024-05-17,CRM,763.0283760154189,771.4475118952495,756.0970913556026
2024-05-17,CSCO,31.67816896772146,31.956676433233028,31.515443405766973
2024-05-17,IBM,103.66307008206549,104.43234235730158,102.80679583363478
2024-05-17,INTC,62.51041693043457,63.37441237894498,61.839105581284095
2024-05-17,MSFT,430.870469459341,434.5927497219581,427.1410190261782
2024-05-17,NKE,85.87707020982559,86.65923875478346,85.16558378135744
2024-05-17,VZ,30.975454658979537,31.277799998143113,30.742642663946217
2024-05-17,WMT,63.78347232551017,64.19818594775836,63.35001143873711
2024-05-20,AAPL,139.81885845651865,141.2964738998068,138.8763643440944
2024-05-20,AMGN,198.55980325790824,200.923185959335,196.69089540365445
2024-05-20,CRM,762.849693153749,771.7474639875021,755.9117891267147
2024-05-20,CSCO,31.657502954505343,31.945298930425782,31.49554987272689
2024-05-20,IBM,103.35577753390263,104.19001622687033,102.55430616990778
2024-05-20,INTC,62.21934590148764,63.12188133249043,61.55178966063764
2024-05-20,MSFT,431.35890549141993,435.40125575485064,427.9569883133777
2024-05-20,NKE,85.86149077199423,86.71241378678106,85.17319736871367
2024-05-20,VZ,30.947680467147944,31.27373996972273,30.717762984206697
2024-05-20,WMT,63.873362573059666,64.31635261016214,63.4538298034485
2024-05-21,AAPL,140.5931161527836,142.15420337715142,139.7006809565307
2024-05-21,AMGN,199.70016359220958,202.37577542426104,197.91138452548785
2024-05-21,CRM,763.576997599632,772.6746750434086,757.0946387388834
2024-05-21,CSCO,31.65890671359329,31.955107901050866,31.51112492656378
2024-05-21,IBM,103.189505405275,104.02680944719883,102.40185340165506
2024-05-21,INTC,62.012019257032364,62.92506577049533,61.382512951688554
2024-05-21,MSFT,432.4097853970567,436.5011076888203,429.0174563689861
2024-05-21,NKE,85.95579094224,86.81215706996842,85.29815231719346
2024-05-21,VZ,30.948980860914226,31.27236343068634,30.728580045021044
2024-05-21,WMT,63.995034840391256,64.44691500353973,63.591493521017355
2024-05-22,AAPL,141.21668814502831,142.6381236568229,140.19724137776765
2024-05-22,AMGN,200.9506101084477,203.26056675098272,198.9711190940164
2024-05-22,CRM,762.5614606561577,771.017568058983,755.1881468825043
2024-05-22,CSCO,31.612776264637798,31.886988866121854,31.43713262958419
2024-05-22,IBM,102.80237625420098,103.59308112289428,101.96585441142948
2024-05-22,INTC,61.65129377772072,62.510404334586845,60.95535202980461
2024-05-22,MSFT,432.5173243355906,436.3671956825975,428.9203497779773
2024-05-22,NKE,85.85748186378953,86.6690747006408,85.12724251990201
2024-05-22,VZ,30.90258581152968,31.21844415997868,30.662492231315394
2024-05-22,WMT,64.04443429609744,64.4666921039399,63.60020063829372
2024-05-23,AAPL,141.93090604998793,143.44212899166305,140.97526198510965
2024-05-23,AMGN,202.13243613644997,204.6688685914419,200.24531952389992
2024-05-23,CRM,762.5239720560795,771.338553475782,755.6555330658662
2024-05-23,CSCO,31.593248694321407,31.87965314528056,31.433434252773957
2024-05-23,IBM,102.54305263166465,103.35603705025025,101.73795842145728
2024-05-23,INTC,61.38089158471409,62.26377299111076,60.727124127999424
2024-05-23,MSFT,433.1569281167492,437.14927490429613,429.66195138698293
2024-05-23,NKE,85.86755104007584,86.70235793413428,85.17803606092046
2024-05-23,VZ,30.883059426874297,31.20243558696744,30.654300158594452
2024-05-23,WMT,64.13562644035322,64.57483985738531,63.71319902967574
2024-05-24,AAPL,142.51502551654625,143.95956684813336,141.48497806620946
2024-05-24,AMGN,203.19956216684187,205.68845712945608,201.21150570664614
2024-05-24,CRM,761.6366857635559,769.9782253252118,754.3303504668789
2024-05-24,CSCO,31.547505928024336,31.81973085304182,31.37373278936843
2024-05-24,IBM,102.20642894986901,102.97516466179098,101.36237928711316
2024-05-24,INTC,61.03933312730204,61.88038570149414,60.354384115866345
2024-05-24,MSFT,433.41898823540623,437.1962418906751,429.7229318213788
2024-05-24,NKE,85.79510667338522,86.58731667195183,85.06264721585084
2024-05-24,VZ,30.84530929336865,31.15377874660625,30.60604258474777
2024-05-24,WMT,64.18449326748203,64.6008108864275,63.737141366029526
2024-05-28,AAPL,143.32567467206334,144.82419348467454,142.35758601190366
2024-05-28,AMGN,204.85391533923334,207.11458317199555,202.9046158610234
2024-05-28,CRM,761.2582533386084,770.2497999758627,754.2405430844356
2024-05-28,CSCO,31.525278281918215,31.813045711281205,31.361404666887747
2024-05-28,IBM,101.8421024899676,102.68472852946672,101.06622969244039
2024-05-28,INTC,60.73270966493417,61.62415110781609,60.07434251388546
2024-05-28,MSFT,433.7024640456385,437.8611387430083,430.3910447299763
2024-05-28,NKE,85.74377015462623,86.6158218432164,85.05775498348954
2024-05-28,VZ,30.806329390332465,31.139377740194398,30.57644876894417
2024-05-28,WMT,64.27382759479725,64.72724573067522,63.853105295924614
2024-05-29,AAPL,143.952017129811,145.43854476987661,142.9355309763789
2024-05-29,AMGN,205.92939555391754,208.50512369450158,203.95002615611992
2024-05-29,CRM,760.6904814632004,769.1590652996948,753.5581407906352
2024-05-29,CSCO,31.488629192668135,31.764823718535,31.320342270908185
2024-05-29,IBM,101.5453834531329,102.31948347935992,100.71837705441185
2024-05-29,INTC,60.4232935950072,61.26642569846537,59.757913475192304
2024-05-29,MSFT,434.12858011892445,437.96899809964526,430.47232271414026
2024-05-29,NKE,85.70527336422937,86.50640007860709,84.98773343516709
2024-05-29,VZ,30.776763075866363,31.08658754937945,30.541777026575602
2024-05-29,WMT,64.33753225576686,64.76115678724453,63.89701893950046
2024-05-30,AAPL,144.73443937454795,146.2551728895543,143.75615125074125
2024-05-30,AMGN,207.4488518156367,209.8433676343263,205.48287189324805
2024-05-30,CRM,760.4049392057818,769.301478337968,753.4375736515035
2024-05-30,CSCO,31.46668020581529,31.75260876381756,31.304238188180502
2024-05-30,IBM,101.21520551257062,102.03916198907778,100.4343899476746
2024-05-30,INTC,60.12921622798276,61.00424319581763,59.48035407058254
2024-05-30,MSFT,434.52318096371516,438.6261839704744,431.1389160428319
2024-05-30,NKE,85.67244498240106,86.53013831746482,84.98512745885647
2024-05-30,VZ,30.743938511782847,31.07107276770316,30.51482756806519
2024-05-30,WMT,64.42572682071756,64.87526133293373,64.00256144463764
2024-05-31,AAPL,145.343874014182,146.82824725620273,144.30200047241678
2024-05-31,AMGN,208.52200672509704,211.11293990976705,206.5003405415328
2024-05-31,CRM,759.6492643094708,768.0264820809716,752.4286353860373
2024-05-31,CSCO,31.424453931780903,31.697659756843557,31.253401349793332
2024-05-31,IBM,100.90476829428098,101.66717031724532,100.07600025347406
2024-05-31,INTC,59.80954252013115,60.637893391297396,59.14338188257086
2024-05-31,MSFT,434.8616787455041,438.6720142256985,431.158744340397
2024-05-31,NKE,85.61520488703256,86.40702665761002,84.88909225986419
2024-05-31,VZ,30.710180639845262,31.017674697832085,30.473362932644623
2024-05-31,WMT,64.48193361221593,64.901737754591,64.03514831504309
2024-06-03,AAPL,146.0519078837214,147.55037102711347,145.02606989968004
2024-06-03,AMGN,209.91594991722602,212.3489434237729,207.88654291206194
2024-06-03,CRM,758.9585898876539,767.5818718017255,751.7892260309301
2024-06-03,CSCO,31.388909772003032,31.66713196806369,31.219898612138177
2024-06-03,IBM,100.55490702493749,101.34777984808977,99.75537857494598
2024-06-03,INTC,59.48995183938109,60.335230245779826,58.83135903369609
2024-06-03,MSFT,435.1048469106102,439.0800946691045,431.5760071782625
2024-06-03,NKE,85.54720086011248,86.37458487160364,84.83696462861687
2024-06-03,VZ,30.67049989524178,30.989332462564583,30.436386960869864
2024-06-03,WMT,64.5498374141565,64.9854368434859,64.11201213880467
2024-06-04,AAPL,146.75077414692186,148.25182053505543,145.71515770738162
2024-06-04,AMGN,211.30117725895926,213.75157732999716,209.25145570326043
2024-06-04,CRM,758.2183789204024,766.7924300481791,751.0286738965971
2024-06-04,CSCO,31.35168449561001,31.628436195639875,31.182003595236374
2024-06-04,IBM,100.20199201748254,100.98815410434858,99.40157542342386
2024-06-04,INTC,59.16712821543925,60.00461743681312,58.51001862029061
2024-06-04,MSFT,435.3295498062614,439.28615613780846,431.7819489551091
2024-06-04,NKE,85.4748425298475,86.29800771323002,84.7622095379609
2024-06-04,VZ,30.630022473508657,30.947327193654846,30.395523721085105
2024-06-04,WMT,64.61441419363808,65.0486141552641,64.17443866848207
2024-06-05,AAPL,147.4829062113332,149.0331221382893,146.4751770210899
2024-06-05,AMGN,212.61518150086712,215.2094022554367,210.6032349274839
2024-06-05,CRM,757.9515983313429,766.6565136984736,751.0071588630032
2024-06-05,CSCO,31.326743900974627,31.60831495454536,31.16470066759597
2024-06-05,IBM,99.91335827354372,100.70399116676441,99.12515594477576
2024-06-05,INTC,58.88593635241821,59.72904040327084,58.2500761966098
2024-06-05,MSFT,435.83013143275,439.83434774485715,432.3125264861281
2024-06-05,NKE,85.45708261485893,86.28744556720638,84.76299384377145
2024-06-05,VZ,30.603409615174062,30.920617118781188,30.374331132330997
2024-06-05,WMT,64.69722578975666,65.13839595266728,64.26682608823059
2024-06-06,AAPL,148.14459483872363,149.4249053035985,147.20588041545898
2024-06-06,AMGN,213.08243033241848,215.2322726116167,211.24965259416467
2024-06-06,CRM,752.5439544598238,761.8678116853192,741.6891433841012
2024-06-06,CSCO,31.333688833665285,31.605206045314496,31.143480571764034
2024-06-06,IBM,99.73132904607748,100.53996636964908,98.92512133115767
2024-06-06,INTC,58.69733703553857,59.63724828847735,58.097146534088644
2024-06-06,MSFT,436.2552590561295,439.69775925062754,432.031748994721
2024-06-06,NKE,85.66515712807612,86.35926916882917,84.97979828424593
2024-06-06,VZ,30.704910565741752,30.94405505909795,30.421524574598628
2024-06-06,WMT,64.93300913440693,65.30375733615475,64.44100828268472
2024-06-07,AAPL,148.79183456698885,150.04379327787126,147.83650921032245
2024-06-07,AMGN,213.49788175800057,215.62552015834407,211.67469700500766
2024-06-07,CRM,747.3048863290975,756.2125115101022,736.2745319595236
2024-06-07,CSCO,31.306680846120717,31.600584723591876,31.111271504850937
2024-06-07,IBM,99.5648010749552,100.34567216087588,98.74613731978218
2024-06-07,INTC,58.54361146609523,59.447758034416005,57.91126809252415
2024-06-07,MSFT,436.82549953669616,440.1200947073435,432.43452204149
2024-06-07,NKE,85.83544574882927,86.5268579087494,85.14224895161686
2024-06-07,VZ,30.794664186805047,31.033088067583765,30.511596860587566
2024-06-07,WMT,65.16712772076622,65.52422943195829,64.65870309078672
2024-06-10,AAPL,149.43357603988653,150.74329329136188,148.47586676535923
2024-06-10,AMGN,213.9800209702135,216.14004081507028,212.08735309599155
2024-06-10,CRM,741.4982505673698,751.00620178009,730.9967825176518
2024-06-10,CSCO,31.35291374338576,31.589629303596297,31.16500448377097
2024-06-10,IBM,99.33294195380321,100.16083142313329,98.53479167305004
2024-06-10,INTC,58.285023434623426,59.2518956408155,57.724771421038014
2024-06-10,MSFT,436.9039699359145,440.4877318673315,432.8238648105097
2024-06-10,NKE,86.06601563111626,86.75247584318731,85.37075829185811
2024-06-10,VZ,30.90714676590453,31.14597188484031,30.616410470241334
2024-06-10,WMT,65.39297711479199,65.7789006852971,64.90910594139157
2024-06-11,AAPL,150.00689544476367,151.22669141245973,149.00420524551296
2024-06-11,AMGN,214.31079692707874,216.39625513063007,212.42908552894403
2024-06-11,CRM,735.8855068327839,744.4016641016253,724.76318220459
2024-06-11,CSCO,31.308465136712435,31.59651499784776,31.104729128444863
2024-06-11,IBM,99.12832884310939,99.88110440479281,98.2898532618491
2024-06-11,INTC,58.09723126883867,58.97387328439562,57.44833548771977
2024-06-11,MSFT,437.28501064846677,440.44885361195617,432.77040063203356
2024-06-11,NKE,86.19071698652137,86.86240998082182,85.4696344559241
2024-06-11,VZ,30.98602142711704,31.219741499351358,30.695212661959072
2024-06-11,WMT,65.60479075801302,65.94969025124738,65.07769899282835
2024-06-12,AAPL,150.55094647223908,151.7901372231817,149.52896018331333
2024-06-12,AMGN,214.64652262104306,216.731326849169,212.7037527215542
2024-06-12,CRM,729.7972590639819,738.5500160803333,718.9564267124942
2024-06-12,CSCO,31.304591740556155,31.555344068968793,31.10302592459048
2024-06-12,IBM,98.86663726683145,99.63986338101624,98.0343147279184
2024-06-12,INTC,57.833386911456834,58.73909085109572,57.223771695875605
2024-06-12,MSFT,437.2761983016727,440.57710517086184,432.9073906297353
2024-06-12,NKE,86.33354578847921,86.9924107332845,85.60292215577198
2024-06-12,VZ,31.075482253146358,31.307555023838344,30.777729223789837
2024-06-12,WMT,65.80364792151461,66.16220598423892,65.28656525740448
2024-06-13,AAPL,151.29380694526148,152.65137484697456,150.3736163573593
2024-06-13,AMGN,215.2126802424114,217.43703592344457,213.39526379824557
2024-06-13,CRM,724.8711637997447,734.2039491965913,714.7090872778167
2024-06-13,CSCO,31.338711583767477,31.605504933052657,31.15694817578794
2024-06-13,IBM,98.7127720267001,99.54248356759373,97.93799213236616
2024-06-13,INTC,57.66078090222159,58.614773384148975,57.100952360529796
2024-06-13,MSFT,437.804311469151,441.42358827438886,433.7328571563656
2024-06-13,NKE,86.59866437247467,87.32100748799887,85.92740492514592
2024-06-13,VZ,31.192321123392276,31.44051175689553,30.908470164084054
2024-06-13,WMT,66.06263306327416,66.45719607883919,65.57979287998046
2024-06-14,AAPL,151.89134772921707,153.1303449784402,150.88288338754725
2024-06-14,AMGN,215.55583027915478,217.66033257240383,213.67840903215787
2024-06-14,CRM,719.5162008991391,727.8449869131099,708.665531897832
2024-06-14,CSCO,31.2935798146197,31.58738268577465,31.09112493092298
2024-06-14,IBM,98.52063421614862,99.27069857195198,97.69082841493696
2024-06-14,INTC,57.489684306378194,58.356649747001455,56.84771616220264
2024-06-14,MSFT,438.2540249383087,441.43386310183615,433.7302425358369
2024-06-14,NKE,86.7281866076195,87.40847159762764,86.00778341629366
2024-06-14,VZ,31.2728235431034,31.510015181972133,30.981034965985028
2024-06-14,WMT,66.28221047969085,66.63187882303598,65.75109294328342
2024-06-17,AAPL,152.69287830631242,154.12198876397775,151.79420578465033
2024-06-17,AMGN,216.22199179465483,218.5078761220726,214.39808874285342
2024-06-17,CRM,714.6629775932035,724.3777942569142,705.0420881680358
2024-06-17,CSCO,31.377751780670188,31.618833138599076,31.205627893880077
2024-06-17,IBM,98.36132868724644,99.23024080580149,97.61507224804934
2024-06-17,INTC,57.288423711441666,58.2848698188181,56.7822099658281
2024-06-17,MSFT,438.6640207938342,442.5345885350026,434.83292140081915
2024-06-17,NKE,87.05977849131807,87.79885721648716,86.40246165650018
2024-06-17,VZ,31.410333997903926,31.664400302721546,31.125223391108335
2024-06-17,WMT,66.55521231959194,66.97763144590226,66.09346959459552
2024-06-18,AAPL,153.33457163631655,154.60654227212356,152.33953836888017
2024-06-18,AMGN,216.61241661393004,218.75446818359538,214.75487770369094
2024-06-18,CRM,709.6231081909244,717.9319138604843,699.0093647933546
2024-06-18,CSCO,31.334934446815133,31.634809243548464,31.13558074597193
2024-06-18,IBM,98.19632806689367,98.95195331390728,97.37884912249726
2024-06-18,INTC,57.14118766945032,58.009598709282265,56.5078557234976
2024-06-18,MSFT,439.25772911396905,442.48737062222716,434.76930499785885
2024-06-18,NKE,87.21270149891097,87.91045201994099,86.50012851842042
2024-06-18,VZ,31.495219807823478,31.737068647545854,31.204641278664532
2024-06-18,WMT,66.78844180037736,67.14575894409758,66.25865445590689
2024-06-20,AAPL,153.99986190176512,155.33878177877884,153.0145693351222
2024-06-20,AMGN,217.08985387907188,219.2771298665335,215.18705497388643
2024-06-20,CRM,704.2581614617819,713.1454904744306,694.1872581674093
2024-06-20,CSCO,31.363445454698027,31.614146461918825,31.173780962766976
2024-06-20,IBM,97.98535296574308,98.79081609874547,97.19412351431993
2024-06-20,INTC,56.91439593950019,57.843556314431204,56.35116149002618
2024-06-20,MSFT,439.4668001708888,443.0037744774509,435.29218935842425
2024-06-20,NKE,87.43456334485906,88.13485380415399,86.72890199669003
2024-06-20,VZ,31.604913726660325,31.84939026514648,31.309406331870463
2024-06-20,WMT,67.02273665820448,67.41173339398674,66.52060584074499
2024-06-21,AAPL,154.8025061573349,156.19412984343282,153.88224770885293
2024-06-21,AMGN,217.68381995535734,219.95026174429321,215.8964244644777
2024-06-21,CRM,699.9316046028292,708.8284073372101,690.0758120275447
2024-06-21,CSCO,31.377601594558485,31.669358239676605,31.196593431384386
2024-06-21,IBM,97.87863962355695,98.69435774163337,97.11439495436596
2024-06-21,INTC,56.800463053331434,57.72578447657588,56.23281661646112
2024-06-21,MSFT,440.29288252536435,443.88506689319723,436.14083950461026
2024-06-21,NKE,87.70482071389169,88.45145496962446,87.03729126954202
2024-06-21,VZ,31.720477412330613,31.97609944789549,31.437356790678148
2024-06-21,WMT,67.3020080789401,67.70015818888655,66.80709541112815
2024-06-24,AAPL,155.33059171082175,156.60525555517546,154.2618376278871
2024-06-24,AMGN,218.00789697986403,220.11305259848908,216.00072989268713
2024-06-24,CRM,693.8580346508058,702.2317821684211,683.5483158589049
2024-06-24,CSCO,31.383648081115684,31.621432157297818,31.18009197780489
2024-06-24,IBM,97.59295344148195,98.35749097848161,96.76648978749067
2024-06-24,INTC,56.50816116058483,57.40030982971962,55.9196069461716
2024-06-24,MSFT,440.11169077667364,443.44650383247614,435.74087678635516
2024-06-24,NKE,87.8465736590417,88.50723372673201,87.09335546765135
2024-06-24,VZ,31.81264179412373,32.04771479842607,31.50401740869652
2024-06-24,WMT,67.49456391422018,67.86286953944219,66.96415779935963
2024-06-25,AAPL,156.02129313208204,157.3690291494865,155.02947689759793
2024-06-25,AMGN,218.48336089185224,220.68498206326544,216.5968293337188
2024-06-25,CRM,688.8485786069143,697.3962513580788,678.9177886023763
2024-06-25,CSCO,31.39310192499506,31.661175285652707,31.202385657160985
2024-06-25,IBM,97.40844242502203,98.19909179234058,96.62042606044203
2024-06-25,INTC,56.31907875265443,57.22261768715294,55.74525085985001
2024-06-25,MSFT,440.49717684354704,443.97914400798163,436.239378688309
2024-06-25,NKE,88.05986468457253,88.77109131123011,87.35360204923957
2024-06-25,VZ,31.918574593214885,32.166709490392385,31.623192427878678
2024-06-25,WMT,67.73836992707295,68.12561509303626,67.22547758667241
2024-06-26,AAPL,156.56664490493526,157.8392708845979,155.49391197573996
2024-06-26,AMGN,218.79808525969887,220.908225140456,216.8117311151398
2024-06-26,CRM,683.102847386452,691.1793013372385,672.8512379589474
2024-06-26,CSCO,31.378052807713633,31.635512167328766,31.17302944054909
2024-06-26,IBM,97.14977776415964,97.89851562508727,96.32401303549976
2024-06-26,INTC,56.06649780368155,56.93369271787326,55.46381366351798
2024-06-26,MSFT,440.5018141420779,443.7629233633808,436.0416044024546
2024-06-26,NKE,88.18835672683268,88.85674620107085,87.43539199237291
2024-06-26,VZ,32.00529911979214,32.242725541173414,31.697791750315627
2024-06-26,WMT,67.93826610492324,68.30163839011362,67.39751976021171
2024-06-27,AAPL,157.22334913702844,158.60184320768275,156.20798982900484
2024-06-27,AMGN,219.28639829271086,221.4947189992817,217.32535429353086
2024-06-27,CRM,677.6214543221994,686.3688305188696,668.0428218577142
2024-06-27,CSCO,31.433744323443108,31.66191418695296,31.24490193715152
2024-06-27,IBM,96.90621191259777,97.71689889304726,96.12578788615284
2024-06-27,INTC,55.79646437035086,56.729190100094215,55.267332181272124
2024-06-27,MSFT,440.46756131892977,444.1015333795398,436.38435931722415
2024-06-27,NKE,88.4262875752847,89.12596830064571,87.70658615076658
2024-06-27,VZ,32.12364470915191,32.37047352300164,31.819097832225022
2024-06-27,WMT,68.16701716805964,68.57100303112362,67.6639276605321
2024-06-28,AAPL,157.8284014207248,159.13588690830946,156.77483294728964
2024-06-28,AMGN,219.65527961246946,221.80551195263862,217.70165656631818
2024-06-28,CRM,672.287792880358,680.3313106493599,662.3142075262157
2024-06-28,CSCO,31.422180104739873,31.687795866345756,31.221579329418258
2024-06-28,IBM,96.67994023552335,97.43603655324827,95.87136736312726
2024-06-28,INTC,55.57661912846278,56.442857660959,54.98568851429394
2024-06-28,MSFT,440.643555177915,443.965077927285,436.23052850538056
2024-06-28,NKE,88.58133282047243,89.26891258264563,87.84184923923151
2024-06-28,VZ,32.21642032599986,32.45966181715542,31.911556457568107
2024-06-28,WMT,68.38543194138501,68.75828266595198,67.84879732533209
2024-07-01,AAPL,158.49663334583155,159.87768743699277,157.47648911637987
2024-07-01,AMGN,220.13808052317916,222.3532399420566,218.1876327335358
2024-07-01,CRM,667.037490551523,675.5298318594956,657.528528891368
2024-07-01,CSCO,31.461634668916364,31.703271333931163,31.271252374289723
2024-07-01,IBM,96.45570901700727,97.2528743215216,95.67591205071844
2024-07-01,INTC,55.33339463455701,56.24546229622987,54.79437970361243
2024-07-01,MSFT,440.7412669135144,444.3171218703043,436.5936417602167
2024-07-01,NKE,88.81046488856522,89.51699691354615,88.08899972409492
2024-07-01,VZ,32.33071836914056,32.57957337452142,32.02610637399745
2024-07-01,WMT,68.61913743836246,69.01989064213419,68.10714972275444
2024-07-02,AAPL,159.07866847923952,160.37926478649592,157.99959886133635
2024-07-02,AMGN,220.47314542435757,222.61073184249227,218.4931786404037
2024-07-02,CRM,661.643743361578,669.4803356867384,651.7605696756817
2024-07-02,CSCO,31.446294420990984,31.70949030397927,31.2429771414468
2024-07-02,IBM,96.21355333124052,96.95925243606007,95.40184088601254
2024-07-02,INTC,55.10246396633003,55.95496245259998,54.51159395921248
2024-07-02,MSFT,440.8272235436492,444.1126432779286,436.37096874568493
2024-07-02,NKE,88.94789107271193,89.62856398918082,88.1968870964456
2024-07-02,VZ,32.420715445190396,32.6633486231694,32.111735784498194
2024-07-02,WMT,68.83055129065384,69.20147855736347,68.285827086645
2024-07-03,AAPL,159.68437203570352,161.0281341789913,158.6164108374139
2024-07-03,AMGN,220.86717521575167,223.03799892512325,218.87240812063314
2024-07-03,CRM,656.196046100106,664.2861284901488,646.6216697189698
2024-07-03,CSCO,31.465847477889092,31.707783011099828,31.268032798420787
2024-07-03,IBM,95.95951123816381,96.72941491805011,95.1638949435272
2024-07-03,INTC,54.8425085512382,55.72303413855482,54.28675501125215
2024-07-03,MSFT,440.78026990881494,444.22307485332925,436.49292344180066
2024-07-03,NKE,89.12717948622162,89.8144851350138,88.38221615595101
2024-07-03,VZ,32.524057311823185,32.769189780704494,32.213141051395795
2024-07-03,WMT,69.04615469019878,69.43458123043936,68.51571535056199
2024-07-05,AAPL,160.28084233828613,161.6237508180388,159.20381284763482
2024-07-05,AMGN,221.25046199774647,223.4186306336511,219.2456921654759
2024-07-05,CRM,650.7441219220412,658.7355716910662,641.214785167843
2024-07-05,CSCO,31.48260263201358,31.72457662198829,31.28349061063692
2024-07-05,IBM,95.70223175081074,96.46647449926512,94.90555198808443
2024-07-05,INTC,54.580312332818714,55.4538458096033,54.02405707469622
2024-07-05,MSFT,440.7153330191703,444.1371104860135,436.411769737123
2024-07-05,NKE,89.30056544192131,89.98643548147318,88.55063964943139
2024-07-05,VZ,32.62591800344046,32.87095318160881,32.31322868788305
2024-07-05,WMT,69.25907048557566,69.64638762715927,68.7246072844762
2024-07-08,AAPL,160.95489711129423,162.33377360741054,159.91335784143962
2024-07-08,AMGN,221.70422395487958,223.91984881017808,219.75673465970033
2024-07-08,CRM,645.7960223590914,653.8019769433843,636.4447383260373
2024-07-08,CSCO,31.49641829237788,31.755597638149148,31.302569501075528
2024-07-08,IBM,95.49587942438295,96.26781232542729,94.71610870115288
2024-07-08,INTC,54.36960164244247,55.2432172602467,53.817110806959704
2024-07-08,MSFT,440.9475335212256,444.4185514192426,436.6815743870307
2024-07-08,NKE,89.50570608594998,90.21728260717725,88.77639595964732
2024-07-08,VZ,32.73288300403534,32.98441893504626,32.42618398420632
2024-07-08,WMT,69.49664730777506,69.89166411763989,68.96763996202225
2024-07-09,AAPL,162.0729892792905,163.58660803992643,160.27395188476345
2024-07-09,AMGN,222.0906653355868,224.33452408316631,220.11837094627037
2024-07-09,CRM,645.7024581632903,652.8953268241655,638.0328024997084
2024-07-09,CSCO,31.493896727866034,31.747854345563688,31.282865245050655
2024-07-09,IBM,95.53811842943726,96.26555621363886,94.72846868484777
2024-07-09,INTC,54.44058009711187,55.05153364679268,53.79804312910499
2024-07-09,MSFT,442.31886011287804,445.00740979928787,438.1580999173642
2024-07-09,NKE,88.80112913476006,89.73609449707338,87.95049161683009
2024-07-09,VZ,32.74994017242731,33.00093888371683,32.48417482491837
2024-07-09,WMT,69.72891821705524,70.10466840821141,69.09316140484091
2024-07-10,AAPL,163.23028054453962,164.8097293204568,161.471985605232
2024-07-10,AMGN,222.50787971113064,224.75666552297034,220.51328872803808
2024-07-10,CRM,646.1212935037448,653.2099462888573,638.3219028343897
2024-07-10,CSCO,31.506357043895047,31.756323897765785,31.294119621792138
2024-07-10,IBM,95.57192911607683,96.31247605351929,94.77076062375973
2024-07-10,INTC,54.44348546805411,55.072087329509145,53.83495798145324
2024-07-10,MSFT,443.8408575598479,446.6135075569142,439.6359514008163
2024-07-10,NKE,88.17172394313388,89.05585653582749,87.31377759916865
2024-07-10,VZ,32.76566225162824,33.024165635404245,32.5042205978574
2024-07-10,WMT,69.98640290948128,70.36589150083572,69.3451037348549
2024-07-11,AAPL,164.41785172655906,166.0046660790512,162.64263276466068
2024-07-11,AMGN,222.95397555449807,225.2306090673345,220.9863653821784
2024-07-11,CRM,646.4936894715931,653.7277570055616,638.8325034554831
2024-07-11,CSCO,31.518689406676817,31.77382569117298,31.310311966550774
2024-07-11,IBM,95.62684902770059,96.37180165726302,94.83077043064208
2024-07-11,INTC,54.490293119186106,55.11977875955964,53.874542736657645
2024-07-11,MSFT,445.3967366279311,448.20075889070347,441.2411661374333
2024-07-11,NKE,87.5388375759691,88.44593177327894,86.70361738259999
2024-07-11,VZ,32.78659637323024,33.04495369708314,32.525871236561024
2024-07-11,WMT,70.244951090365,70.6310798639981,69.60897143984482
2024-07-12,AAPL,165.57393835312718,167.15961150251263,163.7743773865283
2024-07-12,AMGN,223.35427339936595,225.60376702971928,221.34713389754606
2024-07-12,CRM,646.7643906407786,653.8469132905897,638.9461928052376
2024-07-12,CSCO,31.52655196876939,31.77626067723433,31.31323536931827
2024-07-12,IBM,95.65601561678741,96.39193679156182,94.84962121691387
2024-07-12,INTC,54.49506031836825,55.11868190341183,53.87794000003323
2024-07-12,MSFT,446.8720300400508,449.6332267497609,442.6266217499417
2024-07-12,NKE,86.89968903998343,87.77287849022386,86.05271038029555
2024-07-12,VZ,32.80094869774258,33.057536189210126,32.537555520826835
2024-07-12,WMT,70.49637893191569,70.87619381319816,69.84873377963751
2024-07-15,AAPL,166.72777692021145,168.27257486756713,164.86515264568388
2024-07-15,AMGN,223.74994331435474,226.01967043579106,221.77779336345048
2024-07-15,CRM,646.5551049446377,653.8292504171102,638.9495983080683
2024-07-15,CSCO,31.521193848538275,31.77797069153373,31.311698874698145
2024-07-15,IBM,95.70776432371578,96.43588289688115,94.89742563149252
2024-07-15,INTC,54.600848498804744,55.2104862700304,53.944486979984696
2024-07-15,MSFT,448.2482151064445,450.9684825420645,444.0614983162686
2024-07-15,NKE,86.19865281048178,87.12661006903122,85.38132652256596
2024-07-15,VZ,32.82025819338037,33.070281353804816,32.553507644467096
2024-07-15,WMT,70.72767225624288,71.11048940458478,70.08629680289857
2024-07-16,AAPL,167.9964167104695,169.69356337243704,166.25613682228547
2024-07-16,AMGN,224.25617332247234,226.5611570009016,222.2702036471105
2024-07-16,CRM,647.6099679851129,654.7965789293793,639.8524730223716
2024-07-16,CSCO,31.554311775335112,31.80734953316692,31.34657298647979
2024-07-16,IBM,95.76373223996085,96.5297001364521,94.98174254814495
2024-07-16,INTC,54.571116906704155,55.2262525776806,54.00290553936255
2024-07-16,MSFT,450.03533462110863,452.9853376596501,445.8352276653189
2024-07-16,NKE,85.67141424542476,86.51487745939326,84.8464854346368
2024-07-16,VZ,32.84244265579552,33.111379217972086,32.58789938715216
2024-07-16,WMT,71.02270113487788,71.41951884971954,70.37985729328005
2024-07-17,AAPL,169.13763314199375,170.64570230532368,167.1907318794863
2024-07-17,AMGN,224.62270863621893,226.9005097145118,222.6633323346133
2024-07-17,CRM,646.8667002108197,654.2515357680992,639.3881719470854
2024-07-17,CSCO,31.532982367018715,31.79387478209333,31.324514661592374
2024-07-17,IBM,95.825335892179,96.54105045695319,95.00502424838136
2024-07-17,INTC,54.75625890712998,55.34885066622811,54.05595620662427
2024-07-17,MSFT,451.2768034733454,453.9368082885571,447.09155790264185
2024-07-17,NKE,84.90641856218457,85.86645159984958,84.1140135662739
2024-07-17,VZ,32.863490339750385,33.10591867936588,32.59176367558133
2024-07-17,WMT,71.23072387434995,71.61381851975776,70.588536756741
2024-07-18,AAPL,170.31460483943272,171.95285226030109,168.47044275209564
2024-07-18,AMGN,225.01552956494334,227.27152456076075,222.976690058572
2024-07-18,CRM,647.2082653049388,654.2315897420165,639.3099378402437
2024-07-18,CSCO,31.54283002831903,31.79037693038647,31.32764220776549
2024-07-18,IBM,95.84308556671616,96.57984832912481,95.03333890006614
2024-07-18,INTC,54.735506968576864,55.363908412340905,54.12883118040991
2024-07-18,MSFT,452.7606222727507,455.55546494819987,448.42996217603417
2024-07-18,NKE,84.30113047825166,85.13395925024471,83.47223487541153
2024-07-18,VZ,32.875030072931246,33.13334225511609,32.611079358716495
2024-07-18,WMT,71.48704666987705,71.87003013875565,70.8260534670064
2024-07-19,AAPL,171.53732031039291,173.1305510183445,169.6246727795115
2024-07-19,AMGN,225.4529485094295,227.76837583247058,223.50212439047942
2024-07-19,CRM,647.0214720402618,654.4525267000208,639.5684250511509
2024-07-19,CSCO,31.539233181620087,31.801564340440592,31.334169163338448
2024-07-19,IBM,95.92031368844576,96.65670458911917,95.11617840672777
2024-07-19,INTC,54.89074196354419,55.50634612173186,54.22419406189233
2024-07-19,MSFT,454.21987790319014,457.0139526367555,450.05070012481923
2024-07-19,NKE,83.61917636130492,84.54854497078985,82.84322109483927
2024-07-19,VZ,32.90079773571315,33.15198566927075,32.63509368465548
2024-07-19,WMT,71.72611952580486,72.12112469825504,71.08509040195074
2024-07-22,AAPL,172.77114446419012,174.4873842332645,170.9531701751085
2024-07-22,AMGN,225.88834908717945,228.16421447020159,223.8374768212674
2024-07-22,CRM,647.8396510382279,654.8320988420729,639.8794976022907
2024-07-22,CSCO,31.56362987364781,31.809824664105303,31.34900616723487
2024-07-22,IBM,95.93917290993215,96.69070402485546,95.13937204220589
2024-07-22,INTC,54.81927566136171,55.46600972514649,54.24587240097166
2024-07-22,MSFT,455.8660220556677,458.76300675300763,451.50645162211765
2024-07-22,NKE,83.08521479541153,83.87772712311865,82.26365214510199
2024-07-22,VZ,32.913293561901476,33.17901888294046,32.65369286084322
2024-07-22,WMT,72.00808708483346,72.39851004067735,71.34255704267724
2024-07-23,AAPL,174.01246426771252,175.6473611700819,172.0903282782717
2024-07-23,AMGN,226.32748928309684,228.64529326697624,224.3545513424691
2024-07-23,CRM,647.8196910912186,655.1915922684743,640.281923701711
2024-07-23,CSCO,31.564660074059386,31.824711515331227,31.35800751794179
2024-07-23,IBM,96.00772309009425,96.74730107809474,95.20368471969853
2024-07-23,INTC,54.93634403409019,55.55774724685754,54.285552519203
2024-07-23,MSFT,457.3659601742693,460.1949536404622,453.1412198783829
2024-07-23,NKE,82.43676869369195,83.33183728048577,81.66412062733467
2024-07-23,VZ,32.93710817591686,33.190963769002536,32.672137917337814
2024-07-23,WMT,72.25587277926591,72.65291493739343,71.60679952074827
2024-07-24,AAPL,175.2944016111747,176.99617282305456,173.41139570657697
2024-07-24,AMGN,226.79923243245827,229.12529588107995,224.80709401127143
2024-07-24,CRM,648.2764617321201,655.5697440853844,640.6298614119427
2024-07-24,CSCO,31.58002794472205,31.837036621556713,31.372699072053265
2024-07-24,IBM,96.06999452646012,96.82265415680381,95.27431208718384
2024-07-24,INTC,54.98885563874764,55.62786940423886,54.372475891830476
2024-07-24,MSFT,459.0103567180925,461.9249275797497,454.7497931177797
2024-07-24,NKE,81.85549870249362,82.70748409063329,81.07870890979306
2024-07-24,VZ,32.9600434984023,33.22116043102179,32.69920680147829
2024-07-24,WMT,72.52779967306387,72.9292405937175,71.87379121740216
2024-07-25,AAPL,176.4895254590855,178.19748093533457,174.5885850890486
2024-07-25,AMGN,227.1667312371627,229.41853053706163,225.07261617954097
2024-07-25,CRM,648.718294911231,655.5991446876062,640.6380874084276
2024-07-25,CSCO,31.591533449612726,31.833764871001513,31.371666471402357
2024-07-25,IBM,96.06390817978178,96.7990363515636,95.24686491502293
2024-07-25,INTC,54.91106173138149,55.54282714529502,54.31671437496044
2024-07-25,MSFT,460.4961112627402,463.3205237362136,456.0180960567513
2024-07-25,NKE,81.28787421628456,82.05780425023599,80.47133280674046
2024-07-25,VZ,32.965744768468504,33.22588168405913,32.700465524119515
2024-07-25,WMT,72.79055710775503,73.17479633620641,72.10852419760649
2024-07-26,AAPL,177.7243692472558,179.3672487024317,175.735153281311
2024-07-26,AMGN,227.5747351756585,229.88912436464503,225.57799494096724
2024-07-26,CRM,648.4731006397385,655.8088442655957,640.8876890914634
2024-07-26,CSCO,31.58535682259755,31.844099617023723,31.37646571898736
2024-07-26,IBM,96.12183382550393,96.8534551693178,95.30894065788422
2024-07-26,INTC,55.03147441540658,55.64509466479413,54.36621861608982
2024-07-26,MSFT,461.9158203114652,464.7207564149906,457.61929799212965
2024-07-26,NKE,80.62687396308499,81.5032019576352,79.86670278442855
2024-07-26,VZ,32.98659517333482,33.23742142013969,32.718489510796154
2024-07-26,WMT,73.02831816762216,73.42482010504725,72.36833342154807
2024-07-29,AAPL,178.90986328950214,180.6567870355898,176.99802104444046
2024-07-29,AMGN,227.9165478635819,230.14911243928728,225.7740392559077
2024-07-29,CRM,649.0596153799016,655.7684524262223,640.7840705631645
2024-07-29,CSCO,31.600290955525182,31.836273617594458,31.375748213310906
2024-07-29,IBM,96.08836791732855,96.82165250839029,95.26644535097665
2024-07-29,INTC,54.88598824142189,55.52088996234729,54.31153556116854
2024-07-29,MSFT,463.393376190914,466.2252134119572,458.80762105555186
2024-07-29,NKE,80.09163933599694,80.81183881638569,79.26826594409854
2024-07-29,VZ,32.98561050425544,33.24791708386917,32.720043953163255
2024-07-29,WMT,73.29644499506342,73.67764969589874,72.59929552935444
2024-07-30,AAPL,180.2339035837775,181.96948654439893,178.28406386637246
2024-07-30,AMGN,228.3971700112102,230.74944431505045,226.40993688740167
2024-07-30,CRM,649.3929207763863,656.7797224637321,641.8250555637545
2024-07-30,CSCO,31.612173019622073,31.872377530908345,31.40651021945799
2024-07-30,IBM,96.16264319107879,96.91488584959804,95.36663829024238
2024-07-30,INTC,54.97329055753669,55.60821343798661,54.34451704009341
2024-07-30,MSFT,465.04661271532194,467.9918075184475,460.76417998929014
2024-07-30,NKE,79.50870518108319,80.35606003390265,78.76286636703425
2024-07-30,VZ,33.01140821189139,33.27108069652263,32.74955332691675
2024-07-30,WMT,73.56753558510935,73.97649401011631,72.9087102344496
2024-07-31,AAPL,181.47529328208205,183.26347092859064,179.55175234461439
2024-07-31,AMGN,228.7781657439684,231.04267495196927,226.65464050780213
2024-07-31,CRM,650.107157135288,656.9284966346385,641.9255982728821
2024-07-31,CSCO,31.631496999069768,31.871291651129564,31.41020639903126
2024-07-31,IBM,96.14884322942,96.89052053035043,95.3346237660023
2024-07-31,INTC,54.85194099648419,55.49212975336517,54.279409897351286
2024-07-31,MSFT,466.6222449268459,469.52041116442456,462.05935805251784
2024-07-31,NKE,78.99172596793063,79.71573266707968,78.19022794469875
2024-07-31,VZ,33.01556619325155,33.280017842160646,32.75201818249224
2024-07-31,WMT,73.84690802828746,74.23711819672309,73.15197385978911
2024-08-01,AAPL,182.7280627899397,184.44206991403382,180.7070467820465
2024-08-01,AMGN,229.1698125596164,231.4773527185686,227.1217504538701
2024-08-01,CRM,650.0805322558409,657.270225460221,642.3006607534293
2024-08-01,CSCO,31.630745520207622,31.883944633773172,31.417428260345865
2024-08-01,IBM,96.18283430455077,96.91504588818862,95.36661037929241
2024-08-01,INTC,54.90596700644347,55.52401888029518,54.26729216691532
2024-08-01,MSFT,468.0714362186516,470.9162765218456,463.6445458925978
2024-08-01,NKE,78.38089562416711,79.1962635571525,77.62463897823356
2024-08-01,VZ,33.03068074384629,33.28483271010402,32.762774203810054
2024-08-01,WMT,74.0956817281959,74.4933290654923,73.41684500940731
2024-08-02,AAPL,183.96433199622163,185.69103287730374,181.93075505886523
2024-08-02,AMGN,229.53747683185594,231.82893230115545,227.45822972095795
2024-08-02,CRM,650.0711315644924,657.1471474168994,642.168492785994
2024-08-02,CSCO,31.629961927063054,31.87909655584717,31.41342925046925
2024-08-02,IBM,96.19796782200466,96.92675259238659,95.3768236191489
2024-08-02,INTC,54.92009918294537,55.53783870143233,54.28843934421369
2024-08-02,MSFT,469.48751325655786,472.3206943533774,464.9926688094852
2024-08-02,NKE,77.78073696675241,78.56776420547756,77.01850276978719
2024-08-02,VZ,33.04108531484318,33.29551847587091,32.77228083580749
2024-08-02,WMT,74.3436558086117,74.73801952640038,73.65532329197534
2024-08-05,AAPL,185.23365274138797,186.98342526344584,183.19684435797316
2024-08-05,AMGN,229.92799792482387,232.23713433746192,227.86204371770108
2024-08-05,CRM,650.1482230456859,657.28530824647,642.3115217351445
2024-08-05,CSCO,31.631889810168808,31.88316121837114,31.417375967808
2024-08-05,IBM,96.22526052351064,96.9589317962208,95.40869354487303
2024-08-05,INTC,54.948713357606,55.57026398588035,54.31888963128611
2024-08-05,MSFT,470.96360947103244,473.8334564537382,466.48712593203214
2024-08-05,NKE,77.19239383310139,77.98169219561791,76.44204566318847
2024-08-05,VZ,33.05466831589227,33.31040685814929,32.78709413367225
2024-08-05,WMT,74.59851305192608,74.99784609804993,73.91246260651565
2024-08-06,AAPL,186.57625900376368,188.35869327513183,184.54398404403852
2024-08-06,AMGN,230.3876957219882,232.74637104943034,228.36798276366406
2024-08-06,CRM,650.3721682655998,657.7208219876794,642.7389135916765
2024-08-06,CSCO,31.640304704170376,31.89903551517806,31.432501886409202
2024-08-06,IBM,96.28812369737477,97.035706120742,95.48551963267182
2024-08-06,INTC,55.03169167129138,55.66282934727227,54.40073841044878
2024-08-06,MSFT,472.57622575043223,475.53543761394997,468.1945385749065
2024-08-06,NKE,76.62152639488801,77.43542914059117,75.89786475789506
2024-08-06,VZ,33.07742273736971,33.336063988691,32.813390273399754
2024-08-06,WMT,74.8667735684835,75.27905639024479,74.19191504146498
2024-08-07,AAPL,186.40390551607317,188.74324423789,183.96002238788165
2024-08-07,AMGN,230.52626472956368,233.2667178560599,228.25082700515827
2024-08-07,CRM,648.8417518162114,657.8211804113364,640.6626235834955
2024-08-07,CSCO,31.56773716338646,31.943286616633657,31.35215279755717
2024-08-07,IBM,96.36172756339359,97.18932553209741,95.41137019698898
2024-08-07,INTC,53.88852842138873,54.95073966723573,53.17221813782811
2024-08-07,MSFT,470.7924417790174,475.6432351680642,466.17196574756866
2024-08-07,NKE,76.36012087349094,77.15421011242091,75.57459485358464
2024-08-07,VZ,33.08008355356916,33.361420764763714,32.79069709326344
2024-08-07,WMT,74.89782534512935,75.45258000233989,74.30912580906563
2024-08-08,AAPL,186.26890304551495,188.59706856999725,183.89990977154068
2024-08-08,AMGN,230.58173408259407,233.3153263942502,228.3428812244192
2024-08-08,CRM,647.275423486934,656.0415688582567,638.8834651562256
2024-08-08,CSCO,31.483081099964263,31.856071366374827,31.271581305408365
2024-08-08,IBM,96.37882844990693,97.19703740283146,95.44535775280059
2024-08-08,INTC,52.755109777846236,53.761131459723885,52.03774967497148
2024-08-08,MSFT,468.781264031936,473.5320499491051,464.0710649236646
2024-08-08,NKE,76.0536941191095,76.8430707413177,75.27677636274413
2024-08-08,VZ,33.07031316782762,33.35386190125396,32.78388893779643
2024-08-08,WMT,74.92220778822796,75.46292822288393,74.31610694134561
2024-08-09,AAPL,186.1608684025721,188.51574171043316,183.78506573187596
2024-08-09,AMGN,230.71882956841065,233.48325211786346,228.48767842334087
2024-08-09,CRM,645.9154809617213,654.8470453385535,637.7377035182787
2024-08-09,CSCO,31.41068468104828,31.786982972620283,31.201776927550924
2024-08-09,IBM,96.43955729263472,97.27264713458186,95.50799094540616
2024-08-09,INTC,51.66712615278284,52.67495532113699,50.979117061742976
2024-08-09,MSFT,466.98437784716555,471.81189610969597,462.3968559698844
2024-08-09,NKE,75.7884449775658,76.58555470580816,75.02175334629851
2024-08-09,VZ,33.07098590014099,33.35658776617569,32.78628448759276
2024-08-09,WMT,74.96171767418981,75.51606095491293,74.37005484760105
2024-08-12,AAPL,186.01823532724458,188.34464380963448,183.63890273966416
2024-08-12,AMGN,230.7887955775958,233.52565321058756,228.54042181956947
2024-08-12,CRM,644.3606147639925,653.120452989149,636.0475547716836
2024-08-12,CSCO,31.328568675769993,31.699936809808296,31.11734457802283
2024-08-12,IBM,96.46665655772023,97.28717320713179,95.52880673794589
2024-08-12,INTC,50.58261810117291,51.55268175376159,49.897504749705554
2024-08-12,MSFT,465.03087580421766,469.7570123245648,460.3772752694444
2024-08-12,NKE,75.49225872835623,76.27586755648495,74.71979098440957
2024-08-12,VZ,33.06342738551394,33.346399539300315,32.776437085555045
2024-08-12,WMT,74.98718264097681,75.53085686898625,74.38362152498209
2024-08-13,AAPL,185.8175248919056,188.14239723074002,183.34351313383536
2024-08-13,AMGN,230.93503017099567,233.67383261463658,228.63355521159684
2024-08-13,CRM,642.7795582791197,651.6931773624216,634.7000304567323
2024-08-13,CSCO,31.257783957322534,31.628925435887002,31.04208933809855
2024-08-13,IBM,96.54776657934895,97.3761986591798,95.58696509067371
2024-08-13,INTC,49.5304984175046,50.512853542602535,48.87371089907817
2024-08-13,MSFT,463.2951462348818,468.0701617086731,458.75853030305655
2024-08-13,NKE,75.24029836225235,76.01990994202627,74.46148135579838
2024-08-13,VZ,33.06735243080434,33.34690405913603,32.77623297256746
2024-08-13,WMT,75.015143424487,75.57220739027075,74.42716249291392
2024-08-14,AAPL,185.83122487384216,188.21862509571633,183.59108284626438
2024-08-14,AMGN,231.07410162152735,233.88295345851486,228.92751689025195
2024-08-14,CRM,641.7462700617815,650.6175726565299,633.5790174784822
2024-08-14,CSCO,31.18624462821945,31.564683798571846,30.988999395543736
2024-08-14,IBM,96.59003079057338,97.43374523538014,95.69319774299876
2024-08-14,INTC,48.52326460409808,49.45316116373125,47.87591724545451
2024-08-14,MSFT,461.4933560257206,466.29705837796615,456.95801069787956
2024-08-14,NKE,74.97004369131758,75.77492008431338,74.235018501358
2024-08-14,VZ,33.06561121382256,33.359087205690884,32.78938021976772
2024-08-14,WMT,75.07167252540769,75.62605483470645,74.47634572192813
2024-08-15,AAPL,185.53983409137817,187.839398798701,182.95737679630838
2024-08-15,AMGN,231.2393627744266,233.95662209737463,228.8657141635246
2024-08-15,CRM,639.9717685873144,648.8936383267597,632.0123592926543
2024-08-15,CSCO,31.11845668200259,31.485088399270882,30.895974773847968
2024-08-15,IBM,96.697515712976,97.52330640281416,95.7060749903492
2024-08-15,INTC,47.50769569224638,48.46801793907563,46.8819718715803
2024-08-15,MSFT,459.84483877063104,464.5811632797076,455.3688789965989
2024-08-15,NKE,74.73578004024793,75.4995499718009,73.94509109882337
2024-08-15,VZ,33.07421465487501,33.3478869437391,32.77659266433048
2024-08-15,WMT,75.09013475659442,75.65168008993264,74.50769451339282
2024-08-16,AAPL,185.42094465289253,187.74575411690657,183.08703224627544
2024-08-16,AMGN,231.31110021083379,234.06148485200953,229.07608599445953
2024-08-16,CRM,638.483394699089,647.1660136077734,630.2407192150821
2024-08-16,CSCO,31.037354368217787,31.406138837974506,30.830152285214986
2024-08-16,IBM,96.72240410322445,97.54680248515075,95.7901840053285
2024-08-16,INTC,46.51298400315209,47.40339660614866,45.883079992454135
2024-08-16,MSFT,457.91810448707207,462.57841011277975,453.33723151808283
2024-08-16,NKE,74.44333561387079,75.21905570582861,73.6861191019107
2024-08-16,VZ,33.06635325645768,33.35092284344762,32.78105753692607
2024-08-16,WMT,75.11833062087344,75.66308737052825,74.51335803688423
2024-08-19,AAPL,185.2336737209527,187.56839162400547,182.75040289137814
2024-08-19,AMGN,231.51012640070817,234.27341914372707,229.204822941475
2024-08-19,CRM,637.0374892068742,645.9877641109207,629.1562975464907
2024-08-19,CSCO,30.974818622844033,31.345109807177437,30.76202278142856
2024-08-19,IBM,96.83246249506634,97.6723569967541,95.86867089900186
2024-08-19,INTC,45.55738296808933,46.47421345835316,44.96150451741848
2024-08-19,MSFT,456.3391135807366,461.1011845901562,451.9361068265254
2024-08-19,NKE,74.22009555581505,74.99524241809151,73.45576410318901
2024-08-19,VZ,33.07707582784313,33.35773659331234,32.78664953847705
2024-08-19,WMT,75.1557240043747,75.72240740272458,74.5762569961154
2024-08-20,AAPL,185.195436922557,187.54076746587918,182.95410705336863
2024-08-20,AMGN,231.58027696918316,234.35990145273718,229.40187030261174
2024-08-20,CRM,635.7584756823712,644.3959800492046,627.5153513430787
2024-08-20,CSCO,30.893904207362056,31.26405495401397,30.69440311452755
2024-08-20,IBM,96.8432811649616,97.67447108017356,95.93445307776321
2024-08-20,INTC,44.61163214697894,45.454888949817814,44.006299824166454
2024-08-20,MSFT,454.40193522784347,459.0449411464242,449.85152967201753
2024-08-20,NKE,73.9231736359669,74.70397524087487,73.18656543385886
2024-08-20,VZ,33.06718517073891,33.357045721712616,32.78752301268504
2024-08-20,WMT,75.19469925652034,75.73902374704895,74.58664896245376
2024-08-21,AAPL,185.04727987183207,187.39054974944804,182.61483377395766
2024-08-21,AMGN,231.77710680682875,234.55496490299453,229.49831153584913
2024-08-21,CRM,634.4138228877957,643.3199404099179,626.5481487900587
2024-08-21,CSCO,30.831336728425004,31.20123115084229,30.62265432615548
2024-08-21,IBM,96.94681433724115,97.79003158646509,95.99368905794057
2024-08-21,INTC,43.69835644723827,44.572511079141286,43.12604187548647
2024-08-21,MSFT,452.8231905524927,457.55504090213736,448.4499766348375
2024-08-21,NKE,73.69778810483228,74.47210402141737,72.9458091888409
2024-08-21,VZ,33.07694792763822,33.360042068185265,32.78915014897017
2024-08-21,WMT,75.23715287885345,75.80374472945086,74.65588769149767
2024-08-22,AAPL,184.96347521231922,187.3160159306852,182.61806517203104
2024-08-22,AMGN,231.93968038752857,234.73276492219026,229.71093578029067
2024-08-22,CRM,633.1790324304021,641.988023029372,625.2137578343785
2024-08-22,CSCO,30.764003494944394,31.134394756284152,30.561347108423355
2024-08-22,IBM,97.01848694415762,97.86210435867524,96.08695948261071
2024-08-22,INTC,42.80412269041556,43.64287835045074,42.237603543282255
2024-08-22,MSFT,451.14253389987863,455.83784457129326,446.74061710765324
2024-08-22,NKE,73.45135575106453,74.22901924032976,72.71350659242205
2024-08-22,VZ,33.08038505909739,33.367729134084875,32.79723835418032
2024-08-22,WMT,75.28343607247432,75.84406647420798,74.69322665993951
2024-08-23,AAPL,184.84671744783643,187.14996443233383,182.55533824162342
2024-08-23,AMGN,231.95120565105464,234.69369081352002,229.71959157661982
2024-08-23,CRM,631.6135767775951,640.0695491513285,623.3143442824203
2024-08-23,CSCO,30.67518778687665,31.03738176490258,30.470553309820456
2024-08-23,IBM,97.00895107184832,97.8264958770557,96.0785981612724
2024-08-23,INTC,41.89678063508219,42.68328333042816,41.32054118149343
2024-08-23,MSFT,449.10547001215315,453.6132487374451,444.53821664483496
2024-08-23,NKE,73.13436191890638,73.89144617432545,72.38879329002346
2024-08-23,VZ,33.06461259321637,33.34895536679218,32.779467238227134
2024-08-23,WMT,75.30340537006,75.83950543945365,74.68580668144774
2024-08-26,AAPL,184.65259455437308,186.97052542836806,182.18818299609762
2024-08-26,AMGN,232.12220243786157,234.88266571759877,229.80955969996285
2024-08-26,CRM,630.1168912858745,638.9075341386019,622.255279907455
2024-08-26,CSCO,30.609305902932093,30.973818161652346,30.398416954763032
2024-08-26,IBM,97.10415169051544,97.94136323272141,96.13752305896446
2024-08-26,INTC,41.030055474122385,41.8493515625328,40.48939655964344
2024-08-26,MSFT,447.48929979748567,452.1273027190459,443.1368728406675
2024-08-26,NKE,72.90169871985994,73.65962564476577,72.14859695436236
2024-08-26,VZ,33.07174486363595,33.35171923597406,32.78086350281485
2024-08-26,WMT,75.33571945931504,75.89911371629549,74.74976715937935
2024-08-27,AAPL,184.54551852072734,186.831509485948,182.30569208128924
2024-08-27,AMGN,232.07132845871928,234.80289879114767,229.85472746873037
2024-08-27,CRM,628.4766126731298,636.7532099532763,620.0573011625339
2024-08-27,CSCO,30.512076522414425,30.87042499903628,30.309624998818983
2024-08-27,IBM,97.05551266664294,97.86468608703267,96.13301124822077
2024-08-27,INTC,40.1503765725703,40.88744899805837,39.58929401260063
2024-08-27,MSFT,445.3072559707133,449.7153318768442,440.70200338886383
2024-08-27,NKE,72.55603930382023,73.3034725455975,71.81678098489235
2024-08-27,VZ,33.04713917366933,33.3318581218613,32.76308040419563
2024-08-27,WMT,75.34762889553383,75.87361759449425,74.71724914272977
2024-08-28,AAPL,184.45309484957144,186.80556782634815,182.0855441952602
2024-08-28,AMGN,232.26808297414166,235.07012376129393,230.02472050779699
2024-08-28,CRM,627.2897487445,636.0917672741269,619.490742279297
2024-08-28,CSCO,30.450249473118713,30.81770313595481,30.248665829666944
2024-08-28,IBM,97.14992592837018,97.99906182173528,96.21125439453989
2024-08-28,INTC,39.33354894721002,40.11375626516439,38.817753658365795
2024-08-28,MSFT,443.74597452785923,448.3963908716046,439.4579986126806
2024-08-28,NKE,72.33065046933635,73.09776669337535,71.6029076585847
2024-08-28,VZ,33.055632132376125,33.34215276441298,32.77185098529813
2024-08-28,WMT,75.39797371913303,75.96518444366352,74.81396526078173
2024-08-29,AAPL,184.36991474348625,186.6694839733268,182.13618940181692
2024-08-29,AMGN,232.2489222771065,234.99820911461927,230.04308197710853
2024-08-29,CRM,625.773684201249,634.0826792830085,617.4633054712946
2024-08-29,CSCO,30.358023679101667,30.716622212067012,30.15832723888095
2024-08-29,IBM,97.11690186566571,97.93318502961847,96.19789373035837
2024-08-29,INTC,38.497664244961356,39.2093727699799,37.963704687659096
2024-08-29,MSFT,441.65846345132195,446.068485097431,437.12864383604386
2024-08-29,NKE,72.0013798559808,72.74858491329765,71.27277167185693
2024-08-29,VZ,33.03499933185493,33.32117954747299,32.75251120826085
2024-08-29,WMT,75.41817548564214,75.94970072792898,74.79292120095447
2024-08-30,AAPL,184.2041475749855,186.51172882740968,181.81008954694872
2024-08-30,AMGN,232.37009376845813,235.12901215434493,230.0832938174704
2024-08-30,CRM,624.2764954418175,632.8755902248029,616.3591447917242
2024-08-30,CSCO,30.285790359983938,30.64553992559225,30.079482340232843
2024-08-30,IBM,97.1797466034213,98.01174725906021,96.22488417474342
2024-08-30,INTC,37.6951693952118,38.4340003451767,37.19165928947851
2024-08-30,MSFT,439.9433360708003,444.45806651815474,435.60323517103
2024-08-30,NKE,71.74679154512795,72.49193472491325,71.00917986088098
2024-08-30,VZ,33.03502365863588,33.316272278697454,32.74647935363809
2024-08-30,WMT,75.44694544122437,76.00268919851054,74.85020419000188
2024-09-03,AAPL,184.03076316742968,186.32268678830755,181.6548977304433
2024-09-03,AMGN,232.44803530828386,235.19490444056402,230.1608913545505
2024-09-03,CRM,622.6910641447886,631.1746300992177,614.6867722196965
2024-09-03,CSCO,30.207643865992445,30.56464312572777,30.001469491118424
2024-09-03,IBM,97.21728263299147,98.04254190301559,96.26339704185926
2024-09-03,INTC,36.901937760090135,37.61580284353311,36.40349230520721
2024-09-03,MSFT,438.1269576227176,442.5779596640982,433.7529203188446
2024-09-03,NKE,71.47275328233117,72.21083133221113,70.73568664127004
2024-09-03,VZ,33.02915683802096,33.30980516087953,32.74032880873088
2024-09-03,WMT,75.4681806239604,76.01695846036807,74.86290980897779
2024-09-04,AAPL,183.8808009321658,186.1853481853956,181.5161734516761
2024-09-04,AMGN,232.55376768380202,235.3156273596866,230.2786326794054
2024-09-04,CRM,621.2171269213153,629.7396535228146,613.298070540698
2024-09-04,CSCO,30.133600821183418,30.491512844604838,29.92953414722199
2024-09-04,IBM,97.26927213576826,98.1007319617378,96.31906419474056
2024-09-04,INTC,36.13147472416093,36.8346670630707,35.646758372781825
2024-09-04,MSFT,436.3871685025771,440.8532327335711,432.06308922843647
2024-09-04,NKE,71.2116586287347,71.95182765865083,70.48176682682991
2024-09-04,VZ,33.026922866654616,33.308987627378954,32.73948409851828
2024-09-04,WMT,75.49705026328239,76.05045990813426,74.89679364517671
2024-09-05,AAPL,183.76945965343003,186.1029200646423,181.40522714903588
2024-09-05,AMGN,232.73773901317895,235.5356627057669,230.47866903024232
2024-09-05,CRM,619.9654695403856,628.6373624761954,612.2292024449353
2024-09-05,CSCO,30.070684533280488,30.432324955751653,29.87025818460513
2024-09-05,IBM,97.35888784826147,98.20628531211055,96.41452818042775
2024-09-05,INTC,35.39268065102747,36.094296475606654,34.92714332040136
2024-09-05,MSFT,434.82579058550976,439.36439884265354,430.6089852222959
2024-09-05,NKE,70.98570988075654,71.73509002378442,70.26787923384249
2024-09-05,VZ,33.03387768363188,33.31901734277421,32.74912539899212
2024-09-05,WMT,75.54221679740868,76.10852917947739,74.95479472829136
2024-09-06,AAPL,183.98470341911704,186.01758952141728,181.94616080512512
2024-09-06,AMGN,233.02313621269465,235.10139676622026,230.9588515153588
2024-09-06,CRM,619.0819802258192,628.4159429094314,612.9586721744557
2024-09-06,CSCO,30.09442465681558,30.344497277395853,29.876864258108434
2024-09-06,IBM,97.73321401886813,98.4244431815615,96.80439890922639
2024-09-06,INTC,35.16962162929615,35.93221748714773,34.64030668303055
2024-09-06,MSFT,434.7931788915002,438.7156460888714,431.08692060237627
2024-09-06,NKE,70.93574033081366,71.63866326496931,70.15709013189002
2024-09-06,VZ,33.0361920782023,33.32561695395545,32.75856763816895
2024-09-06,WMT,75.7665236853175,76.20485521242384,75.17711862573583
2024-09-09,AAPL,184.17636295392617,186.1998177137293,182.09953038799236
2024-09-09,AMGN,233.44928948884407,235.43504897512722,231.3769449447135
2024-09-09,CRM,618.3241372546922,627.763379918679,612.1253004775272
2024-09-09,CSCO,30.130155384052554,30.379094661606644,29.909930707821044
2024-09-09,IBM,98.1447365337656,98.8121358328799,97.20963086460125
2024-09-09,INTC,34.94485042391456,35.69930056551404,34.41265930004791
2024-09-09,MSFT,434.7945125131843,438.69455610913735,431.0588399763817
2024-09-09,NKE,70.89286231893827,71.60717532335259,70.10931756940346
2024-09-09,VZ,33.0435405610742,33.33024745719488,32.76792015540406
2024-09-09,WMT,76.00857357045055,76.44833223745006,75.41782252261918
2024-09-10,AAPL,184.42016607958814,186.47431635037776,182.3787346803864
2024-09-10,AMGN,233.85899007171233,235.91612544198426,231.80972984244673
2024-09-10,CRM,617.6840071489277,627.1546019982843,611.6159222001651
2024-09-10,CSCO,30.166847767123347,30.41995858376582,29.950808205315603
2024-09-10,IBM,98.56074548522487,99.25290660460016,97.63258916138747
2024-09-10,INTC,34.73302826972594,35.48957486545338,34.21176198358961
2024-09-10,MSFT,434.8737645003358,438.8387255987624,431.2015923502778
2024-09-10,NKE,70.86485224945986,71.58258081481706,70.09296291737793
2024-09-10,VZ,33.053481173010184,33.34446655649592,32.779763523792305
2024-09-10,WMT,76.25584605796814,76.70399393342561,75.67001018933115
2024-09-11,AAPL,184.61157114466818,186.63908036133833,182.53393416382724
2024-09-11,AMGN,234.25294326848228,236.25987742028556,232.17107233436454
2024-09-11,CRM,616.8807771914065,626.2629372057381,610.701202572914
2024-09-11,CSCO,30.19946496852271,30.44884114967629,29.978770412764717
2024-09-11,IBM,98.96612427396771,99.64291950803978,98.02239387815575
2024-09-11,INTC,34.51038125068724,35.25541257124016,33.985376497861466
2024-09-11,MSFT,434.8562022235891,438.7542677672298,431.1192201961622
2024-09-11,NKE,70.81831088347535,71.5283832570489,70.03549854366719
2024-09-11,VZ,33.0592024343933,33.346209619354106,32.78266946586528
2024-09-11,WMT,76.49445738019854,76.93612750237416,75.89890046437324
2024-09-12,AAPL,184.8286564140379,186.87096694772714,182.786983520655
2024-09-12,AMGN,234.4941239726052,236.60796795667753,232.41481664823496
2024-09-12,CRM,615.948167237631,625.1974531599143,609.8655297896526
2024-09-12,CSCO,30.219567657798216,30.470835628422382,30.001486266444783
2024-09-12,IBM,99.33418846687297,100.0426803593804,98.39012492089114
2024-09-12,INTC,34.29293816564474,35.037008991431605,33.77802396872632
2024-09-12,MSFT,434.8033698263285,438.7279659699791,431.10102030906205
2024-09-12,NKE,70.76548247975096,71.4629309651048,69.98943955853439
2024-09-12,VZ,33.059578861673685,33.349705432214876,32.78102466602886
2024-09-12,WMT,76.71543103702616,77.15878039736134,76.11761372361148
2024-09-13,AAPL,185.11066941262413,187.19466136012636,183.05968574204795
2024-09-13,AMGN,235.1136613855792,237.12590521007454,233.08527895150715
2024-09-13,CRM,615.6751356553893,625.3550855191737,609.6754090540833
2024-09-13,CSCO,30.276791730866837,30.533935595161438,30.062378628427542
2024-09-13,IBM,99.81827187978026,100.50807114019455,98.88973282383364
2024-09-13,INTC,34.09603603727476,34.842756242433815,33.58530943925565
2024-09-13,MSFT,435.0486658583697,439.0690264515016,431.4179778533441
2024-09-13,NKE,70.76889926996449,71.50941707298679,70.00540583919764
2024-09-13,VZ,33.0813300792575,33.374039400722495,32.81336324108044
2024-09-13,WMT,76.99929037185282,77.46153657180444,76.4185645663752
2024-09-16,AAPL,185.3166754470249,187.35653556052534,183.2834196181265
2024-09-16,AMGN,235.18309835016584,237.36647377459175,233.0819556452918
2024-09-16,CRM,614.5014567553134,623.5534328216152,608.4360975969455
2024-09-16,CSCO,30.28107432561724,30.53160964213053,30.062024026725567
2024-09-16,IBM,100.14110811785358,100.87061430626363,99.18378810031375
2024-09-16,INTC,33.8761363251544,34.610006494359695,33.36897981220351
2024-09-16,MSFT,434.89363911386545,438.79665635958696,431.1765152508261
2024-09-16,NKE,70.69614100515865,71.37538141229173,69.9185688497528
2024-09-16,VZ,33.073429661560745,33.363793156720156,32.79068751214778
2024-09-16,WMT,77.19651914055271,77.6371820576847,76.58887400045965
2024-09-17,AAPL,185.5042462760381,187.5391556536796,183.4110364158813
2024-09-17,AMGN,235.61989309175948,237.6279827537022,233.52455988223508
2024-09-17,CRM,613.7207139172305,623.0793693686187,607.5585087875091
2024-09-17,CSCO,30.31657741009864,30.56672824497505,30.094700118364024
2024-09-17,IBM,100.560708944984,101.2452747363664,99.60149526982896
2024-09-17,INTC,33.658685418503644,34.38489084565991,33.145838201175984
2024-09-17,MSFT,434.8795272390717,438.7750022560981,431.13850028654923
2024-09-17,NKE,70.65114682916474,71.36207334283118,69.86949050824249
2024-09-17,VZ,33.08001343477945,33.36682988453075,32.80372451681303
2024-09-17,WMT,77.44134216244345,77.8885791848136,76.83833612933411
2024-09-18,AAPL,185.76534959571174,187.84129954204542,183.74322174710883
2024-09-18,AMGN,235.85027329275997,238.0264915441848,233.78170012602877
2024-09-18,CRM,612.901023266067,622.144634487566,606.9475544180383
2024-09-18,CSCO,30.338058553316536,30.593456897034457,30.122684090742492
2024-09-18,IBM,100.93911509469825,101.67565985599897,99.9889462348794
2024-09-18,INTC,33.45561412423361,34.18666247151883,32.9590169744192
2024-09-18,MSFT,434.89621632643093,438.8735596045058,431.2444460187626
2024-09-18,NKE,70.61121478090426,71.3108044834255,69.84589341352473
2024-09-18,VZ,33.08295126873385,33.37657759209804,32.805976864891704
2024-09-18,WMT,77.6700176411656,78.12477878974191,77.0707706862314
2024-09-19,AAPL,185.9771010800598,188.03137019728825,183.8761024699682
2024-09-19,AMGN,236.4329071972325,238.40866170497267,234.35120381628505
2024-09-19,CRM,612.3651126300293,621.8651539158948,606.245320154098
2024-09-19,CSCO,30.38765145950421,30.640409200772464,30.16678266864445
2024-09-19,IBM,101.40566887172088,102.08778941262872,100.44601616833651
2024-09-19,INTC,33.24782864937423,33.96768706208237,32.741703809320484
2024-09-19,MSFT,434.9922595818107,438.92360299625085,431.2777723247228
2024-09-19,NKE,70.58720630316643,71.31358578525797,69.8109397368511
2024-09-19,VZ,33.09748577803063,33.38534963694482,32.825078449924135
2024-09-19,WMT,77.93983890993127,78.39646912421533,77.34015250551217
2024-09-20,AAPL,186.24230362022774,188.32594668384604,184.2099683890723
2024-09-20,AMGN,236.72705275001906,238.88841935342492,234.6558881570819
2024-09-20,CRM,611.6290684079624,620.9110546129389,605.6857809969196
2024-09-20,CSCO,30.414609562934935,30.670927998487915,30.198714797460827
2024-09-20,IBM,101.80465659229094,102.54182502024807,100.84782017369402
2024-09-20,INTC,33.04852536482115,33.770828307000215,32.55725667043688
2024-09-20,MSFT,435.0430161955916,439.0269255431321,431.39248811899176
2024-09-20,NKE,70.55339066953519,71.25819525533284,69.7890794503412
2024-09-20,VZ,33.103268351991474,33.39690090026363,32.827412794169234
2024-09-20,WMT,78.17885216938829,78.63817698254375,77.57770605145629
2024-09-23,AAPL,186.50944261795203,188.59823825075765,184.4561643147931
2024-09-23,AMGN,237.16659277134815,239.26672175563834,235.10065633904725
2024-09-23,CRM,611.0783734849862,620.4927682038647,605.1182072247414
2024-09-23,CSCO,30.454767803174594,30.71190317447046,30.23836124773632
2024-09-23,IBM,102.24574645823323,102.9692491412233,101.28791414925911
2024-09-23,INTC,32.852952659831196,33.57099251169878,32.36224692344355
2024-09-23,MSFT,435.1675780086637,439.1620176545648,431.51824342121523
2024-09-23,NKE,70.53425262746784,71.25299716244193,69.77038713740835
2024-09-23,VZ,33.11558053830675,33.40858873767438,32.842768140363944
2024-09-23,WMT,78.43923268273804,78.90372434222151,77.84017443056737
2024-09-24,AAPL,186.65854736038483,188.68492318116262,184.5203221983703
2024-09-24,AMGN,237.65160070320366,239.61459612062563,235.51906758894194
2024-09-24,CRM,610.2460212533827,619.5437954397606,604.0221149308462
2024-09-24,CSCO,30.492132038993955,30.7407457088596,30.265423351480482
2024-09-24,IBM,102.67985230768004,103.35883659598532,101.69201620973048
2024-09-24,INTC,32.634032657590524,33.33323193586349,32.13082939086062
2024-09-24,MSFT,435.10652070065197,438.955321385069,431.3138027402887
2024-09-24,NKE,70.48010825199901,71.18886263749685,69.69158902687145
2024-09-24,VZ,33.12135964111159,33.4051547243993,32.84367782801292
2024-09-24,WMT,78.68830212531768,79.13769686989205,78.07091017886185
2024-09-25,AAPL,186.89298573162333,188.96611083512835,184.84014809929727
2024-09-25,AMGN,237.88455821646752,240.05028650208257,235.7825923262932
2024-09-25,CRM,609.3492531317042,618.5042675137523,603.3675414910773
2024-09-25,CSCO,30.512075845046333,30.766821631345532,30.293121877367483
2024-09-25,IBM,103.06095006577901,103.80295530024797,102.08443974262028
2024-09-25,INTC,32.4312507866961,33.13662527353877,31.94634655283827
2024-09-25,MSFT,435.0731506503488,439.0173089217026,431.3859156284123
2024-09-25,NKE,70.43091179440734,71.12542962014719,69.66160385943371
2024-09-25,VZ,33.12222939591912,33.41408203463812,32.84355020725349
2024-09-25,WMT,78.91611787916874,79.37398850291152,78.30301502808703
2024-09-26,AAPL,187.00007537538715,189.00767542161802,184.82213255261462
2024-09-26,AMGN,238.43705255039336,240.33620491790754,236.27777908410985
2024-09-26,CRM,608.4762153930393,617.7591684168513,602.16553999514
2024-09-26,CSCO,30.553055439410034,30.799293025538525,30.322371896771738
2024-09-26,IBM,103.50844374210872,104.17080819887074,102.50474932951683
2024-09-26,INTC,32.207686031305805,32.89299995116271,31.704957405606006
2024-09-26,MSFT,434.96851349358855,438.76954100681587,431.1284599810831
2024-09-26,NKE,70.36980642670655,71.07901845561967,69.57396624631798
2024-09-26,VZ,33.127730265869616,33.408160083842596,32.849407460321224
2024-09-26,WMT,79.16894187452132,79.61660430243,78.54312169020905
2024-09-27,AAPL,187.28808301981164,189.395974266135,185.24509430321552
2024-09-27,AMGN,238.83325972160344,240.98768988874903,236.76112237853198
2024-09-27,CRM,607.9291746318611,617.2724521753711,602.0514273118642
2024-09-27,CSCO,30.590210877082512,30.849717244029247,30.37444786160576
2024-09-27,IBM,103.94797498257368,104.69558592541355,102.97734138000584
2024-09-27,INTC,32.02008560951302,32.72203218636896,31.544817366602615
2024-09-27,MSFT,435.105665878168,439.11919439730457,431.47829831023995
2024-09-27,NKE,70.35205473692785,71.066522107139,69.59395906162142
2024-09-27,VZ,33.13949263982802,33.434335177528084,32.86635822561867
2024-09-27,WMT,79.42938421465674,79.90129373441695,78.82451973887797
2024-09-30,AAPL,187.43075833591968,189.46245350091905,185.26799034450872
2024-09-30,AMGN,239.406991434924,241.3380649534871,237.25966936734258
2024-09-30,CRM,607.1858105739859,616.5074168996833,600.96267434322
2024-09-30,CSCO,30.634940774091497,30.88434267387883,30.406311983615137
2024-09-30,IBM,104.41211548550582,105.0895577348827,103.40748522659997
2024-09-30,INTC,31.806328693093583,32.486807748250065,31.3135165031075
2024-09-30,MSFT,435.07378908150923,438.9169603372055,431.27214673533615
2024-09-30,NKE,70.3036478045307,71.01779763767821,69.51540193413285
2024-09-30,VZ,33.148525517759836,33.43147329618681,32.87201860421842
2024-09-30,WMT,79.69262183230245,80.14858778592766,79.06857589716216
2024-10-01,AAPL,187.63625909073215,189.70202623265408,185.545877147968
2024-10-01,AMGN,239.72877609320219,241.8471479806842,237.598479174259
2024-10-01,CRM,606.3067320353222,615.4543432042148,600.2757064890416
2024-10-01,CSCO,30.66061808289117,30.914473042527067,30.43783894344705
2024-10-01,IBM,104.81764711647283,105.55238633650454,103.81894590304104
2024-10-01,INTC,31.603532663438298,32.287316448321796,31.126011865496213
2024-10-01,MSFT,435.0265826124846,438.9362594574203,431.30283516925687
2024-10-01,NKE,70.25199541130294,70.94889592979789,69.47812412569556
2024-10-01,VZ,33.15079712501962,33.4401419908846,32.872051535620386
2024-10-01,WMT,79.93023598754479,80.39121623122922,79.30686358675378
2024-10-02,AAPL,187.80826252863258,189.8577334226606,185.69117646480734
2024-10-02,AMGN,240.07006837292093,242.14783093584126,237.91929874953985
2024-10-02,CRM,605.3573357572901,614.4715875793796,599.2580959065822
2024-10-02,CSCO,30.686297712007992,30.938032037718113,30.460629641902017
2024-10-02,IBM,105.22364229800411,105.94687876033659,104.21422202057866
2024-10-02,INTC,31.395935613987263,32.07163194868446,30.91735477642808
2024-10-02,MSFT,434.93004613565853,438.80092204021486,431.1690267576938
2024-10-02,NKE,70.1920490338992,70.88668817630635,69.41217011260856
2024-10-02,VZ,33.1514779273882,33.43831050172487,32.871640154988626
2024-10-02,WMT,80.16585180738907,80.62394479862135,79.53608620982791
2024-10-03,AAPL,188.00824937686525,190.0752057405115,185.9051072644268
2024-10-03,AMGN,240.4287323837185,242.5295492632982,238.2910211399188
2024-10-03,CRM,604.5086348204344,613.6532880344482,598.4762066209346
2024-10-03,CSCO,30.714784299875767,30.968623630091557,30.490914422826428
2024-10-03,IBM,105.6416962432177,106.37526404792806,104.63415062198304
2024-10-03,INTC,31.194795577604676,31.868876636145224,30.72199711717995
2024-10-03,MSFT,434.89018353579996,438.79141328338244,431.15889910425267
2024-10-03,NKE,70.14145714416175,70.8397663967848,69.36725015102269
2024-10-03,VZ,33.15492987875931,33.44355578564776,32.87653409403054
2024-10-03,WMT,80.40917400869557,80.87265162144602,79.78215327402502
2024-10-04,AAPL,188.27551588249582,190.38209899072373,186.2113799958358
2024-10-04,AMGN,240.80887584728254,242.97650115198823,238.70562091207145
2024-10-04,CRM,603.8684125531004,613.1033373697687,597.9865841627077
2024-10-04,CSCO,30.748973631553206,31.008303450468986,30.530547105952586
2024-10-04,IBM,106.07879825720752,106.83855651431831,105.0832689750897
2024-10-04,INTC,31.008883299736976,31.686545306126245,30.546801456393457
2024-10-04,MSFT,434.97451277728743,438.96173007858425,431.3250085349029
2024-10-04,NKE,70.11495933774316,70.82255222584938,69.35540267814119
2024-10-04,VZ,33.16389857842176,33.45767148277346,32.889101485936834
2024-10-04,WMT,80.66630314094837,81.14201393463775,80.04785525857034
2024-10-07,AAPL,188.02300687392173,189.70351410942104,185.94394555919638
2024-10-07,AMGN,240.44924346436113,242.96184544583463,238.02225635269687
2024-10-07,CRM,605.4532528421892,612.5005226890846,598.0987061543618
2024-10-07,CSCO,30.79765371396492,31.016481253919196,30.55874687198831
2024-10-07,IBM,106.46302789135116,107.15587969692429,105.25550823076115
2024-10-07,INTC,30.87057354761495,31.692929942119907,30.276911362017746
2024-10-07,MSFT,433.2646247998119,437.46122576864934,430.04817760595216
2024-10-07,NKE,70.00568365620195,70.80765489505737,69.3148509626153
2024-10-07,VZ,33.20966089368154,33.4413581647521,32.91191582621221
2024-10-07,WMT,80.76791168690849,81.23233417745541,80.13701995760833
2024-10-08,AAPL,187.7409807417898,189.3835077811314,185.63701241899017
2024-10-08,AMGN,240.07249280476933,242.52904637879922,237.62130585763472
2024-10-08,CRM,607.0649293632981,613.9437269254342,599.5154448302176
2024-10-08,CSCO,30.841612371678064,31.055370350118224,30.59912724541135
2024-10-08,IBM,106.84475954866689,107.51914595615223,105.61996285856051
2024-10-08,INTC,30.731813042012483,31.539975523593334,30.139091422083254
2024-10-08,MSFT,431.47400037631644,435.58866958010924,428.2471374800765
2024-10-08,NKE,69.8809503518183,70.67671370309708,69.19069366305466
2024-10-08,VZ,33.24577700496863,33.47196023274115,32.94205706567024
2024-10-08,WMT,80.8618400426837,81.31444317149169,80.21542691003566
2024-10-09,AAPL,187.56078481083608,189.24016421658112,185.50338846372065
2024-10-09,AMGN,239.80947717747574,242.28628745921867,237.41334956978497
2024-10-09,CRM,609.1673611369386,616.1349738893764,601.67249256677
2024-10-09,CSCO,30.899853897609106,31.118544322902665,30.664328860332173
2024-10-09,IBM,107.28248491827027,107.969966407094,106.0730408169546
2024-10-09,INTC,30.619415248147522,31.427485423438952,30.04049446533305
2024-10-09,MSFT,429.89842022930895,434.1011180042922,426.8088931227869
2024-10-09,NKE,69.79612644295518,70.61253216332567,69.1304526774864
2024-10-09,VZ,33.287020001915934,33.51638885205023,32.985764191859325
2024-10-09,WMT,80.98818368196282,81.4514520313128,80.34846511896092
2024-10-10,AAPL,187.24379885719628,188.85457735889878,185.1209158808879
2024-10-10,AMGN,239.40212876920162,241.81478192896031,236.9329406341634
2024-10-10,CRM,610.7051377548247,617.4945688559372,602.9864563869436
2024-10-10,CSCO,30.9386122333546,31.1489320849867,30.692155404559383
2024-10-10,IBM,107.65436586838003,108.3187228674131,106.40940864653125
2024-10-10,INTC,30.47607626264343,31.270285450170476,29.88534136978872
2024-10-10,MSFT,428.0374370311804,432.06548502214343,424.7998171354642
2024-10-10,NKE,69.6562948764487,70.4431101506003,68.96333760590667
2024-10-10,VZ,33.316121769978835,33.538635555866264,33.00768925548557
2024-10-10,WMT,81.07246959695127,81.51692754030722,80.41362862342224
2024-10-11,AAPL,187.1841612976821,188.9778845048935,185.22612093113963
2024-10-11,AMGN,239.23306697547824,241.8685191918621,236.94152491749338
2024-10-11,CRM,612.9736978697156,620.5921809697085,606.0015578578
2024-10-11,CSCO,31.01567942000716,31.252671350964984,30.791053187603413
2024-10-11,IBM,108.12880753484637,108.88885997875671,106.95436999127644
2024-10-11,INTC,30.37848806827363,31.213004179127793,29.813650097287717
2024-10-11,MSFT,426.79179571439187,431.18214733594806,423.83725116569036
2024-10-11,NKE,69.6307276294587,70.46717678191263,68.97835214495169
2024-10-11,VZ,33.38853174412286,33.636946351938114,33.10438205756059
2024-10-11,WMT,81.23391775225953,81.73836305233466,80.63955483925274
2024-10-14,AAPL,186.7486759095667,188.3485456937479,184.6001603699702
2024-10-14,AMGN,238.6714494260251,241.1079502587097,236.17126915671338
2024-10-14,CRM,613.6793928482671,620.6597370362183,606.0435730992365
2024-10-14,CSCO,31.038674100237504,31.24991476190987,30.784171592849535
2024-10-14,IBM,108.41940913374728,109.09988136342882,107.15261975390057
2024-10-14,INTC,30.19651982299428,30.99206215224412,29.596276991087546
2024-10-14,MSFT,424.75089635236753,428.6826535420292,421.37189586878594
2024-10-14,NKE,69.45440493936765,70.21327152609886,68.72577757214134
2024-10-14,VZ,33.422583552719374,33.64880008512958,33.116096715082115
2024-10-14,WMT,81.2807911452566,81.72741069839056,80.62777171304529
2024-10-15,AAPL,186.61309746545822,188.29192781761853,184.5801421587737
2024-10-15,AMGN,238.46445801519187,240.9258814230543,236.09913756010135
2024-10-15,CRM,616.0947775075049,623.126726415287,608.5079859217426
2024-10-15,CSCO,31.103222294071234,31.324065488250476,30.868991260381616
2024-10-15,IBM,108.8929870100912,109.59053282259833,107.67187429255411
2024-10-15,INTC,30.09979564687023,30.89317722029797,29.536109084648327
2024-10-15,MSFT,423.2789039431242,427.4488923431214,420.2957836322799
2024-10-15,NKE,69.38488366357537,70.20599436083945,68.73615491018644
2024-10-15,VZ,33.46399883299262,33.69454568893675,33.16110593757826
2024-10-15,WMT,81.42184793632673,81.88909625705102,80.77862788467256
2024-10-16,AAPL,186.29431853352006,187.9615622504727,184.21739372018064
2024-10-16,AMGN,238.01773883787143,240.52496875073868,235.59827613261226
2024-10-16,CRM,617.2070922238864,624.5068076009553,609.8025909446592
2024-10-16,CSCO,31.14327089795917,31.36494592086178,30.897561575011004
2024-10-16,IBM,109.23721843781033,109.95553682848663,107.99246113985089
2024-10-16,INTC,29.942144705952032,30.745092250075142,29.358609635657487
2024-10-16,MSFT,421.516997631024,425.5710572594961,418.29154110054003
2024-10-16,NKE,69.25923958946014,70.03947620250712,68.55350435415613
2024-10-16,VZ,33.51342217294303,33.749184327971385,33.21487004155709
2024-10-16,WMT,81.5051204321215,81.97484999658836,80.87344914294505
2024-10-17,AAPL,185.89534751736298,187.4358625723109,183.73675366775313
2024-10-17,AMGN,237.53202251462812,239.85911497164759,235.02441633062705
2024-10-17,CRM,618.4881368235528,625.1108350463961,610.4257680416362
2024-10-17,CSCO,31.16976485691803,31.37357995909575,30.914239588437336
2024-10-17,IBM,109.57957236673406,110.227562913503,108.28746387647531
2024-10-17,INTC,29.785996655854003,30.549698307214847,29.200093817327804
2024-10-17,MSFT,419.49345343824575,423.3219552899808,416.2295184485176
2024-10-17,NKE,69.08201827513825,69.84483126601975,68.38032625069285
2024-10-17,VZ,33.52953628626533,33.74580281561933,33.21162281899076
2024-10-17,WMT,81.56270927693936,81.99178563481925,80.87993324564168
2024-10-18,AAPL,185.4730018766901,187.06068557709844,183.34128878899176
2024-10-18,AMGN,236.98850248249613,239.40649910452865,234.5069927394731
2024-10-18,CRM,619.2931085573935,626.3253071379861,611.5757939831439
2024-10-18,CSCO,31.19417804962673,31.406379335486278,30.938958647819256
2024-10-18,IBM,109.88264920578,110.571720413239,108.59899256887907
2024-10-18,INTC,29.61141745212362,30.391285972841768,29.023919654670895
2024-10-18,MSFT,417.4969791749221,421.3627955560842,414.1908747750287
2024-10-18,NKE,68.9088348294525,69.66347338322984,68.18981139417087
2024-10-18,VZ,33.56345576611776,33.79047368303483,33.25554509814641
2024-10-18,WMT,81.61229426726638,82.06057887356808,80.95617093531716
2024-10-21,AAPL,185.55377699123014,187.29239961412293,183.6215448448722
2024-10-21,AMGN,237.0316604847598,239.52057367143388,234.7819583799647
2024-10-21,CRM,622.9114099683306,630.1280663126981,615.3794464143341
2024-10-21,CSCO,31.28965161122623,31.52061104760365,31.069680913510613
2024-10-21,IBM,110.49132490481072,111.21893734999763,109.2933941125127
2024-10-21,INTC,29.57410850542955,30.358679865508233,29.044125684500894
2024-10-21,MSFT,416.46004413477465,420.7578531552037,413.7935249265188
2024-10-21,NKE,68.91794575713021,69.77810687775577,68.32796333369974
2024-10-21,VZ,33.61471966704036,33.85179545188901,33.31584322504397
2024-10-21,WMT,81.82157885159035,82.31036668994903,81.18974542809038
2024-10-22,AAPL,185.2881859933052,186.9236693352829,183.22275685226606
2024-10-22,AMGN,236.6696111943842,239.11351204041668,234.26447096844848
2024-10-22,CRM,624.5833110605389,631.7465151629905,616.8950462344568
2024-10-22,CSCO,31.33637836462589,31.555833589776963,31.09134388369704
2024-10-22,IBM,110.89079178648268,111.60002864548481,109.6250844699102
2024-10-22,INTC,29.44242077498198,30.221144605586115,28.875476875986408
2024-10-22,MSFT,414.77384420044007,418.75468492427797,411.68308683849165
2024-10-22,NKE,68.80160537608681,69.58727635394136,68.12310353801382
2024-10-22,VZ,33.655461231598125,33.88693180429438,33.350440780016136
2024-10-22,WMT,81.92033544424974,82.3840538097424,81.2718910364278
2024-10-23,AAPL,184.94373382869986,186.3379455437238,182.7275682151797
2024-10-23,AMGN,236.33801367591226,238.38391747416324,233.78525367462078
2024-10-23,CRM,627.185131805807,632.8050046040232,618.0339221047712
2024-10-23,CSCO,31.366690881008143,31.548158256650368,31.10685042718897
2024-10-23,IBM,111.34572207350044,111.89228746981644,109.99732059045402
2024-10-23,INTC,29.339644582569022,30.03507819890147,28.776513296418585
2024-10-23,MSFT,412.7215851446602,416.32937368830426,409.6522728541855
2024-10-23,NKE,68.61550214700695,69.39051807533174,67.96904361195597
2024-10-23,VZ,33.62166656069707,33.808817003609775,33.27369611090495
2024-10-23,WMT,82.00065190234533,82.37739594784662,81.23796866380273
2024-10-24,AAPL,184.78776634443733,186.50338565802772,182.79987799226316
2024-10-24,AMGN,236.07356851804664,238.61083597692834,233.75446637111617
2024-10-24,CRM,629.1387109800139,636.7363560129238,621.7638974522121
2024-10-24,CSCO,31.43026020660019,31.66232586850769,31.19445868213721
2024-10-24,IBM,111.78959785239834,112.54775385918282,110.5496525002955
2024-10-24,INTC,29.225779868808367,30.017244644270566,28.673206405477966
2024-10-24,MSFT,411.3146341988404,415.4274619688413,408.3595963995334
2024-10-24,NKE,68.55105325920138,69.35582786135349,67.89030363247575
2024-10-24,VZ,33.682087328529846,33.925266483463396,33.38814422905568
2024-10-24,WMT,82.1346584807591,82.62649195569433,81.51444680600595
2024-10-25,AAPL,184.34914227698783,185.9194393252285,182.2213112043933
2024-10-25,AMGN,235.513541709924,237.90963477572112,233.03789055595684
2024-10-25,CRM,629.8721865988546,637.0037753931641,622.0004326939983
2024-10-25,CSCO,31.452110670993036,31.665007215865764,31.19330133148041
2024-10-25,IBM,112.08872090281588,112.78848568884234,110.77504990875651
2024-10-25,INTC,29.050313297030918,29.814336248452165,28.47208768772709
2024-10-25,MSFT,409.3195601191816,413.09027146614653,406.056421661341
2024-10-25,NKE,68.37219934759413,69.11733431598593,67.6547564428584
2024-10-25,VZ,33.71473177901879,33.94191523088767,33.404575099084084
2024-10-25,WMT,82.17884038312981,82.62781553528202,81.51598260971167
2024-10-28,AAPL,184.28012236448998,185.98446618318334,182.3152101781355
2024-10-28,AMGN,235.36844373927036,237.8586574641886,233.07724344472766
2024-10-28,CRM,632.5344872353153,639.9762273437562,624.9586249021112
2024-10-28,CSCO,31.5275610751925,31.758570332621883,31.296057872535332
2024-10-28,IBM,112.60473844524662,113.3526205659511,111.36231345464833
2024-10-28,INTC,28.967959025601758,29.742830519017588,28.430835721468124
2024-10-28,MSFT,408.04722406174216,412.15869447687237,405.2377800081915
2024-10-28,NKE,68.33131456562442,69.15172690320237,67.70224707974319
2024-10-28,VZ,33.76856239506099,34.00826339161593,33.4698398060399
2024-10-28,WMT,82.34027077714042,82.82902254973433,81.70805278930263
2024-10-29,AAPL,184.25164144855185,186.0050660818439,182.32464099716745
2024-10-29,AMGN,235.24834400833396,237.80637286371382,232.99733102138836
2024-10-29,CRM,635.1820126963532,642.9271170271792,627.8293751859211
2024-10-29,CSCO,31.609943570582644,31.849081587649263,31.382372723494967
2024-10-29,IBM,113.1293039119815,113.91066831367658,111.90021586753548
2024-10-29,INTC,28.887506250988775,29.673569714174608,28.354593463818347
2024-10-29,MSFT,406.8953302584451,411.0803534461986,404.1251801629935
2024-10-29,NKE,68.31281670124528,69.14027891120757,67.6850836149916
2024-10-29,VZ,33.83591816687392,34.084029429865346,33.54437687056444
2024-10-29,WMT,82.51422571305038,83.02107559220018,81.9011608671997
2024-10-30,AAPL,184.0848188015017,185.72274811726282,182.0617971348361
2024-10-30,AMGN,235.01102794209362,237.42216191621023,232.6592908691393
2024-10-30,CRM,637.5600220835488,644.7830550050592,629.651559290234
2024-10-30,CSCO,31.67070697411033,31.89324128661419,31.429440527103118
2024-10-30,IBM,113.60759153276305,114.3285878015058,112.32488025834803
2024-10-30,INTC,28.78842517154853,29.544965278547963,28.245790526869907
2024-10-30,MSFT,405.41378433609054,409.36827376448457,402.52050387100036
2024-10-30,NKE,68.22976556652245,69.03012468047164,67.58581649634493
2024-10-30,VZ,33.87472442178037,34.10629572505133,33.56634432617081
2024-10-30,WMT,82.64617603778652,83.11535957902723,81.9885027248497
2024-10-31,AAPL,183.9558693919265,185.66190796515224,181.98257797476413
2024-10-31,AMGN,234.78439329280295,237.2974509880029,232.48397586843384
2024-10-31,CRM,639.7651759767098,647.4358617716283,632.2201224287579
2024-10-31,CSCO,31.738494764655204,31.972403389625036,31.501928684916344
2024-10-31,IBM,114.08207196956927,114.85152714671905,112.8186807600535
2024-10-31,INTC,28.68604451838982,29.460355695021892,28.14677729677336
2024-10-31,MSFT,404.06783846432154,408.1173582675677,401.20180603306017
2024-10-31,NKE,68.17247205379624,68.97819738874334,67.52447453013411
2024-10-31,VZ,33.93383136865117,34.177741990966894,33.636624130035734
2024-10-31,WMT,82.78928188352697,83.28396732505355,82.1613812478149
2024-11-01,AAPL,183.63099321151344,185.25686773479663,181.5731983835138
2024-11-01,AMGN,234.33856797987914,236.78654288362327,231.94237341420228
2024-11-01,CRM,640.9376726825276,648.4226326847747,633.1589406424744
2024-11-01,CSCO,31.777570827776714,32.00147709809242,31.525600311033504
2024-11-01,IBM,114.44193848642294,115.18553566638496,113.13122780528265
2024-11-01,INTC,28.53566118651194,29.29695107665406,27.97829821173365
2024-11-01,MSFT,402.34523711487935,406.18593707514964,399.2592016449171
2024-11-01,NKE,68.04057075349495,68.80406241954492,67.34736950419317
2024-11-01,VZ,33.97987961833597,34.216547812528574,33.67484513643797
2024-11-01,WMT,82.8689002478394,83.3414444253063,82.2204594048363
2024-11-04,AAPL,183.2750803609352,184.90318903262906,181.21826660048586
2024-11-04,AMGN,233.84812305362277,236.3206730576164,231.4483639734488
2024-11-04,CRM,641.8404135652773,649.4597229466196,634.1524778032905
2024-11-04,CSCO,31.812491246443965,32.038510173025514,31.55860801921068
2024-11-04,IBM,114.77578343293489,115.53389746245954,113.45940734649733
2024-11-04,INTC,28.374502306572328,29.138279480199742,27.81558843989253
2024-11-04,MSFT,400.58138680334184,404.3961762984974,397.46329962940825
2024-11-04,NKE,67.89846048185777,68.65217457658893,67.19540989026557
2024-11-04,VZ,34.03124549709235,34.271503921566826,33.72892243622804
2024-11-04,WMT,82.93618261535742,83.41360763956676,82.29531739639782
2024-11-05,AAPL,183.09343523215645,184.54022042043425,181.41340212759468
2024-11-05,AMGN,233.63042529118752,235.71133291327703,231.48614981562588
2024-11-05,CRM,643.6946805687845,649.9791914272815,637.1625070778975
2024-11-05,CSCO,31.8765607233533,32.13002104586502,31.639691867461597
2024-11-05,IBM,114.5415722969545,115.47681939345298,113.5615867080143
2024-11-05,INTC,28.45908490986711,29.046612685522227,27.89564358116376
2024-11-05,MSFT,399.933491908804,403.8366752566229,397.2389160607975
2024-11-05,NKE,67.87116980424453,68.59122509765676,67.27811449480812
2024-11-05,VZ,33.998798743428765,34.31037166666704,33.720902958923055
2024-11-05,WMT,83.10309069936564,83.57425550844823,82.49437135401975
2024-11-06,AAPL,182.8567505966433,184.26532823144734,181.1511106957104
2024-11-06,AMGN,233.3435699731009,235.4031793103509,231.1817953185195
2024-11-06,CRM,645.4292608859482,651.6043797184212,638.71170404261
2024-11-06,CSCO,31.9355088926309,32.182982535090055,31.691881061630724
2024-11-06,IBM,114.27240241128334,115.18996739993689,113.29334584770636
2024-11-06,INTC,28.5225495665255,29.106636229190027,27.95184698836328
2024-11-06,MSFT,399.17180035767166,402.9860381492378,396.42784478769505
2024-11-06,NKE,67.8150141331315,68.53301444223291,67.22137617720769
2024-11-06,VZ,33.95757795978152,34.270072931087974,33.67902144660704
2024-11-06,WMT,83.25706011086673,83.7205101513379,82.64075155553232
2024-11-07,AAPL,182.69574439973294,184.13808319023616,181.0352144439542
2024-11-07,AMGN,233.1205640530256,235.23649011235932,231.0179575994958
2024-11-07,CRM,647.6064849596173,653.9757083609853,640.9817155228349
2024-11-07,CSCO,32.009011667072876,32.260465936246284,31.76916305478588
2024-11-07,IBM,114.0360489339951,114.97195305354026,113.08967613828791
2024-11-07,INTC,28.58709405873443,29.18174890308553,28.022014721143563
2024-11-07,MSFT,398.57233683522827,402.4502479156442,395.92353277505447
2024-11-07,NKE,67.78217172042207,68.52270562974444,67.21169918504094
2024-11-07,VZ,33.923361641710365,34.24426847867445,33.65269816266567
2024-11-07,WMT,83.4403409122334,83.91976003221181,82.84056384193025
2024-11-08,AAPL,182.4131093294667,183.79071060777574,180.68817353286153
2024-11-08,AMGN,232.7807501609317,234.81393923880708,230.60310327225642
2024-11-08,CRM,649.1994672329506,655.3066394958839,642.3173010489853
2024-11-08,CSCO,32.062521517754334,32.30637228221752,31.81321999307147
2024-11-08,IBM,113.74143463993158,114.64204767294045,112.76079799195195
2024-11-08,INTC,28.636556138206945,29.21855402472441,28.058706396950793
2024-11-08,MSFT,397.7194484994358,401.4591783859666,394.93742769559617
2024-11-08,NKE,67.70455009208995,68.41659446162855,67.10691167702778
2024-11-08,VZ,33.87561742209858,34.18628606903993,33.5957207765061
2024-11-08,WMT,83.58227960717551,84.03983717471283,82.95653012787446
2024-11-11,AAPL,182.43658368388856,183.99663363348688,180.87448107394954
2024-11-11,AMGN,232.7823315972469,234.96893614183963,230.76142526759904
2024-11-11,CRM,651.9035020539897,658.7503762338921,645.7765699384297
2024-11-11,CSCO,32.156450135189445,32.430085340649,31.935816838647213
2024-11-11,IBM,113.62210986324715,114.60554862471047,112.69562804398839
2024-11-11,INTC,28.770774479485087,29.386039155034616,28.22202340326381
2024-11-11,MSFT,397.50730723858214,401.6401084043896,395.05132569000676
2024-11-11,NKE,67.76593628591648,68.52009343228413,67.20799825052669
2024-11-11,VZ,33.869639118315604,34.1907089785474,33.60522611013644
2024-11-11,WMT,83.8150818971862,84.32639406850551,83.2374800866385
2024-11-12,AAPL,182.11140889285673,183.48616232376943,180.3642179516275
2024-11-12,AMGN,232.4373084229944,234.40065790861044,230.20617593183331
2024-11-12,CRM,652.9784575666994,659.0441975054803,646.098790646873
2024-11-12,CSCO,32.19449141830329,32.44323234321788,31.945766439879492
2024-11-12,IBM,113.33079923797038,114.21726992225076,112.30749945155047
2024-11-12,INTC,28.847154645698712,29.42536013904315,28.262454403782968
2024-11-12,MSFT,396.5754724484254,400.3147019347745,393.7331886024624
2024-11-12,NKE,67.69374969063315,68.37272152926995,67.06044554769984
2024-11-12,VZ,33.822901518446706,34.11660359617096,33.53254402727159
2024-11-12,WMT,83.93290838490425,84.38057701815396,83.28516491047498
2024-11-13,AAPL,181.97293624544162,183.4157479959581,180.33177920808038
2024-11-13,AMGN,232.22723068805226,234.35989366378607,230.1549912442178
2024-11-13,CRM,655.3753135942305,661.8673911504326,648.6831581304494
2024-11-13,CSCO,32.27455397927131,32.52799584825046,32.03316478211825
2024-11-13,IBM,113.10154589586875,114.03568758853933,112.17936622371207
2024-11-13,INTC,28.908600774337387,29.51323121310829,28.338879890118267
2024-11-13,MSFT,396.02533735033757,399.88872520350486,393.42330443185546
2024-11-13,NKE,67.66417920168877,68.41514718135069,67.10710815561569
2024-11-13,VZ,33.78979197048409,34.11509132253136,33.52404190267011
2024-11-13,WMT,84.12814801945804,84.61659868362976,83.53077610033456
2024-11-14,AAPL,181.76983201668398,183.21170689642733,180.09274631052293
2024-11-14,AMGN,232.0104022037453,234.0383705785234,229.85313873673323
2024-11-14,CRM,656.9612804543148,663.3542132978382,650.3254122782935
2024-11-14,CSCO,32.330518454906006,32.59076868007501,32.091454795517315
2024-11-14,IBM,112.87772999277196,113.79360060677122,111.8861060280655
2024-11-14,INTC,29.013177304448615,29.60757709737152,28.437479095035265
2024-11-14,MSFT,395.35394790519956,399.2298217044399,392.6522208718575
2024-11-14,NKE,67.6441645100277,68.34401708822318,67.03192449324241
2024-11-14,VZ,33.75847482985214,34.05794772993217,33.47614470687576
2024-11-14,WMT,84.28571004250195,84.75697511376673,83.65717079105933
2024-11-15,AAPL,181.39392798884614,182.70574552803313,179.62541074397296
2024-11-15,AMGN,231.56851671006905,233.54128811647232,229.34892187476177
2024-11-15,CRM,658.2077105812007,664.1646954841557,650.9907629483367
2024-11-15,CSCO,32.37139242587462,32.60838224004747,32.11072983161569
2024-11-15,IBM,112.53060558916636,113.396021774781,111.54072672626225
2024-11-15,INTC,29.036661726907795,29.61700148819553,28.44081012795912
2024-11-15,MSFT,394.3032899866768,397.88616497210774,391.4440813448748
2024-11-15,NKE,67.52267979329217,68.21721953848913,66.91231135133316
2024-11-15,VZ,33.69830116880258,34.00311032796551,33.414596706886044
2024-11-15,WMT,84.39851161062843,84.8438975801422,83.75028031976561
2024-11-18,AAPL,181.0730507363156,182.438336798419,179.33597557441098
2024-11-18,AMGN,231.2251887041737,233.18381603151337,229.0086664381595
2024-11-18,CRM,659.3386612125205,665.4617404089255,652.3890009168153
2024-11-18,CSCO,32.410956193252744,32.66096901069136,32.16045340899573
2024-11-18,IBM,112.24035411023219,113.11884655278834,111.23094469410648
2024-11-18,INTC,29.113001811561485,29.697118563593122,28.522987440936866
2024-11-18,MSFT,393.37885730900416,397.08364413664077,390.5639340802785
2024-11-18,NKE,67.44914144979617,68.12841300482047,66.82177529421602
2024-11-18,VZ,33.65169849551002,33.94585201025889,33.36385829628687
2024-11-18,WMT,84.51806494971656,84.96965402714905,83.8673039503407
2024-11-19,AAPL,181.08547666700483,182.5838171367135,179.53474857541195
2024-11-19,AMGN,231.1381415792256,233.38510615314482,229.1901305019579
2024-11-19,CRM,662.7254409410975,669.6234156606387,656.1844709885944
2024-11-19,CSCO,32.52269535856846,32.783900987658875,32.28786864553488
2024-11-19,IBM,112.06990669764107,113.03544143185441,111.2240254324724
2024-11-19,INTC,29.17470953714849,29.80436008068477,28.61368389422138
2024-11-19,MSFT,393.13803001417153,397.09684961105347,390.7382531820088
2024-11-19,NKE,67.46158079037292,68.26014443034376,66.9586819643369
2024-11-19,VZ,33.631916203011365,33.977104241185515,33.384418598495365
2024-11-19,WMT,84.77339845341986,85.29666582495297,84.21001465753933
2024-11-20,AAPL,180.87315843414265,182.2813408157369,179.19717976015824
2024-11-20,AMGN,230.8824058861942,232.9280404224263,228.7518522695947
2024-11-20,CRM,664.5670950516487,670.9783450434919,657.7223486844464
2024-11-20,CSCO,32.58504742637662,32.84040247852393,32.33915008688964
2024-11-20,IBM,111.82094495328835,112.72486923005799,110.86450646583805
2024-11-20,INTC,29.250139752838145,29.851087118069664,28.667377636217697
2024-11-20,MSFT,392.4356652181847,396.21901221264096,389.7594693164314
2024-11-20,NKE,67.41772771163971,68.13281430241592,66.82873907941688
2024-11-20,VZ,33.59474150877764,33.9039245799726,33.319724035164626
2024-11-20,WMT,84.93596599078145,85.41226925796092,84.30999303318414
2024-11-21,AAPL,180.33547449656155,181.4877994839569,178.4993165697453
2024-11-21,AMGN,230.16128232458556,232.14335554661804,227.95543143319045
2024-11-21,CRM,666.0899490726639,671.6856961769626,657.981994578496
2024-11-21,CSCO,32.62760132127806,32.8317667590666,32.33486296621756
2024-11-21,IBM,111.32600037310249,112.1358555539428,110.40688137846443
2024-11-21,INTC,29.132543642731132,29.706922858967655,28.51296224642255
2024-11-21,MSFT,391.0463050516813,394.2444593962585,388.0904562884234
2024-11-21,NKE,67.16616634693086,67.89778155292915,66.6054591736813
2024-11-21,VZ,33.49652854725238,33.827330451945045,33.226055787899405
2024-11-21,WMT,85.03049714665636,85.46081092399145,84.37921192865915
2024-11-22,AAPL,180.25884470711944,181.74638969166583,178.66335951809154
2024-11-22,AMGN,230.0580463223037,232.16155716279408,228.00550021107807
2024-11-22,CRM,668.4267555629738,675.2160509821873,661.903739787645
2024-11-22,CSCO,32.70790621485313,32.97801007382517,32.47455078919921
2024-11-22,IBM,111.15864158339461,112.09388111552995,110.22918236670812
2024-11-22,INTC,29.247592293604594,29.86217303397267,28.679362703346985
2024-11-22,MSFT,390.6367180370452,394.58368308559983,388.11393220204405
2024-11-22,NKE,67.18664853819662,67.91679760122595,66.61524500440123
2024-11-22,VZ,33.47806220438971,33.789415894895484,33.21018243491112
2024-11-22,WMT,85.2358297240066,85.73744163642992,84.62960696389483
2024-11-25,AAPL,179.92426548963672,181.27352303419838,178.18989296702233
2024-11-25,AMGN,229.7019437988134,231.63690013056515,227.4899694288296
2024-11-25,CRM,669.4901994334459,675.6722886452044,662.4027511631601
2024-11-25,CSCO,32.745033972293335,32.99670937382463,32.49080606964027
2024-11-25,IBM,110.86506391615094,111.72849454536313,109.86297939006207
2024-11-25,INTC,29.323039504589424,29.90948996704681,28.72724010611479
2024-11-25,MSFT,389.68880391261547,393.34400151343067,386.88206748804186
2024-11-25,NKE,67.10831453684992,67.78043560603423,66.48016123910045
2024-11-25,VZ,33.430094059260796,33.720883742397554,33.1428006487637
2024-11-25,WMT,85.35105392203157,85.804009691339,84.6904171050145
2024-11-26,AAPL,179.86757943942635,181.34017139422244,178.28595292083583
2024-11-26,AMGN,229.58490375006105,231.7323896668803,227.57416131368905
2024-11-26,CRM,672.2406525897258,679.0870281381713,665.5967677753431
2024-11-26,CSCO,32.83711693106332,33.10283099745948,32.59970074240846
2024-11-26,IBM,110.6849232675075,111.62078760096178,109.79467382470388
2024-11-26,INTC,29.408730488146883,30.03201651151125,28.8378422495582
2024-11-26,MSFT,389.3089462943246,393.20792012749763,386.83484267065694
2024-11-26,NKE,67.11507979254851,67.86941191688084,66.5724305962341
2024-11-26,VZ,33.40853570779585,33.7326083531325,33.14962065394145
2024-11-26,WMT,85.5726728011212,86.08360414070196,84.97816364577106
2024-11-27,AAPL,179.8848570520302,181.4080941543227,178.34222791828876
2024-11-27,AMGN,229.56073669735315,231.7332545725616,227.57951149491194
2024-11-27,CRM,675.1832121079539,682.2482239691143,668.7474889676593
2024-11-27,CSCO,32.93694712394116,33.2127860426882,32.7076391428061
2024-11-27,IBM,110.55346044865789,111.50839537705627,109.66683345113775
2024-11-27,INTC,29.525471989177632,30.157937455317963,28.96078188780249
2024-11-27,MSFT,389.08585317457994,393.09354656476773,386.6854484829984
2024-11-27,NKE,67.16171639798193,67.91954342486952,66.62039185774614
2024-11-27,VZ,33.398788640497884,33.72112107182413,33.14137309745084
2024-11-27,WMT,85.8144664737262,86.33887716198363,85.22748717257586
2024-11-29,AAPL,179.71698778495775,181.12460011639675,178.07774568783236
2024-11-29,AMGN,229.32299208737427,231.40972776218987,227.25609323337443
2024-11-29,CRM,677.5108733081914,684.1408864729859,670.5283909567964
2024-11-29,CSCO,33.01365319716178,33.27062616457349,32.764360586069934
2024-11-29,IBM,110.31369107250362,111.21659478131285,109.40620384941307
2024-11-29,INTC,29.584271336713293,30.199452749563555,28.99806238202208
2024-11-29,MSFT,388.47848822699495,392.23330827503383,385.8913239356139
2024-11-29,NKE,67.12010538337341,67.85840943966788,66.56149992778764
2024-11-29,VZ,33.3626411518895,33.68205771558851,33.0980781106979
2024-11-29,WMT,86.00245594117314,86.49580332624294,85.38533709740513
2024-12-02,AAPL,179.6475020886569,181.1266691652364,178.0604177285229
2024-12-02,AMGN,229.21716964964992,231.32777871830618,227.183194046712
2024-12-02,CRM,680.0117746543854,686.9243012130473,673.3544298444347
2024-12-02,CSCO,33.098479403279505,33.37026939998474,32.86154360980356
2024-12-02,IBM,110.14397529889729,111.07226564541914,109.23363386637794
2024-12-02,INTC,29.692692659669014,30.318306656097743,29.116054647442173
2024-12-02,MSFT,388.08054217864344,391.9918822442949,385.5870283562387
2024-12-02,NKE,67.13676871817917,67.8738801815401,66.57445090310333
2024-12-02,VZ,33.343500415441426,33.65776947665932,33.07928899012022
2024-12-02,WMT,86.21472229754892,86.72442520989054,85.60590303003343
2024-12-03,AAPL,179.42574874662782,180.8310636351617,177.75605687366811
2024-12-03,AMGN,228.975949345419,230.97071494291885,226.8357377619112
2024-12-03,CRM,681.6096346022457,688.1737472708578,674.6541631509284
2024-12-03,CSCO,33.153827412234044,33.41740427525106,32.906048549066085
2024-12-03,IBM,109.90870799865509,110.79467570195635,108.94181266464875
2024-12-03,INTC,29.789328210784507,30.397763682823353,29.19572947263186
2024-12-03,MSFT,387.3684740287856,391.12722367965597,384.7012768434684
2024-12-03,NKE,67.10281541765919,67.79539451500122,66.4953998533707
2024-12-03,VZ,33.30912177246862,33.605268913476245,33.030275807388215
2024-12-03,WMT,86.36875193738886,86.84827268481004,85.72213934895441
2024-12-04,AAPL,179.20501562741947,180.61678721759372,177.53372771159425
2024-12-04,AMGN,228.7547154829477,230.73032656144352,226.59987547933724
2024-12-04,CRM,683.0616386939488,689.6372498458512,676.1668434910749
2024-12-04,CSCO,33.20529981783655,33.472683197515856,32.95993143696064
2024-12-04,IBM,109.68295067003407,110.56761767038486,108.70333695642759
2024-12-04,INTC,29.90482008442764,30.514087347983327,29.309843207115406
2024-12-04,MSFT,386.65342540958846,390.4284872298521,383.9830083866319
2024-12-04,NKE,67.07802241796651,67.75933678381611,66.46001792063353
2024-12-04,VZ,33.27797018236176,33.56884796398543,32.99618979280844
2024-12-04,WMT,86.51644879168407,86.99507271589499,85.86370990227124
2024-12-05,AAPL,179.68507447765785,180.63422910302506,177.8860082117352
2024-12-05,AMGN,227.8837628685916,230.16968159240193,224.62166386564456
2024-12-05,CRM,709.9171069809811,717.4073701680373,701.6175349083426
2024-12-05,CSCO,33.29237807162379,33.47527160963868,33.01205824376238
2024-12-05,IBM,110.13626707643503,110.88188811237804,108.92867701318444
2024-12-05,INTC,29.875401035418033,30.544938172081,29.338156691029386
2024-12-05,MSFT,387.3455331201411,390.0420324447016,383.3251294845666
2024-12-05,NKE,67.10197881114192,67.76748007861785,66.40675279436995
2024-12-05,VZ,33.333217622080774,33.68698075522433,33.03734733558404
2024-12-05,WMT,86.93661522570662,87.47216077793574,86.14880015658355
2024-12-06,AAPL,180.1162651078808,181.04074951007703,178.29518503292437
2024-12-06,AMGN,226.9823529103164,229.2129405699952,223.70069111778454
2024-12-06,CRM,738.6318403067758,746.2290431925672,729.7055455344774
2024-12-06,CSCO,33.37195764128028,33.55041675841095,33.08806981124847
2024-12-06,IBM,110.59586267947024,111.32334719441725,109.36126404611794
2024-12-06,INTC,29.827014900623574,30.491955939556302,29.291411498653677
2024-12-06,MSFT,388.0241781555068,390.66211505409944,383.94193703445643
2024-12-06,NKE,67.10095529132803,67.74997194791541,66.3907084498598
2024-12-06,VZ,33.37216414180546,33.73556005614986,33.07612048670906
2024-12-06,WMT,87.35040220585171,87.87306023969806,86.54263936352052
2024-12-09,AAPL,180.62758450480354,181.5994799481482,178.85224274591945
2024-12-09,AMGN,226.18154004972845,228.43061395407514,222.95387630990237
2024-12-09,CRM,768.9053711315081,776.9527276864357,759.542319343741
2024-12-09,CSCO,33.464925881706414,33.6499718234895,33.18871245270958
2024-12-09,IBM,111.11752011607987,111.85983800823578,109.88645825493857
2024-12-09,INTC,29.78655394663968,30.461444854846377,29.26409248002676
2024-12-09,MSFT,388.93364109255464,391.6651757532921,384.928496481957
2024-12-09,NKE,67.1279850975217,67.78498241219863,66.42774207534427
2024-12-09,VZ,33.395482915187884,33.76727451231495,33.10723603354434
2024-12-09,WMT,87.80109350841352,88.33412690440872,86.9971022041212
2024-12-10,AAPL,181.01734232775198,181.92358379366567,179.16786463414053
2024-12-10,AMGN,225.25185153734108,227.43215073379196,221.9688563626079
2024-12-10,CRM,800.4751809236307,808.5560952484448,790.5991743182411
2024-12-10,CSCO,33.53803421296597,33.71342561245204,33.249551671591675
2024-12-10,IBM,111.57183360353638,112.29034938444453,110.31094426270013
2024-12-10,INTC,29.725152030815998,30.383931942083503,29.189556381785152
2024-12-10,MSFT,389.56615230054007,392.1634678218054,385.4204274872077
2024-12-10,NKE,67.10767579456343,67.74524411944039,66.38627649285601
2024-12-10,VZ,33.42629479220155,33.7940601715521,33.12830614498516
2024-12-10,WMT,88.20830813348044,88.72499463823245,87.38088254926933
2024-12-11,AAPL,181.7023771674537,182.77425831189817,179.9846479779382
2024-12-11,AMGN,224.5877622100068,226.96623360456974,221.4888305441009
2024-12-11,CRM,831.584781447274,841.0018502150737,822.498113062905
2024-12-11,CSCO,33.658104311652735,33.86035132454214,33.39151014679185
2024-12-11,IBM,112.11307493489386,112.93009141592002,110.94264195662436
2024-12-11,INTC,29.745635746720254,30.433187092645095,29.227588405792865
2024-12-11,MSFT,390.6184196745268,393.576160345379,386.7819498717398
2024-12-11,NKE,67.21781467298166,67.92869809962643,66.56452118722513
2024-12-11,VZ,33.5042646152434,33.86041505745516,33.218127789877606
2024-12-11,WMT,88.70128587421381,89.28920656116763,87.9411939121994
2024-12-12,AAPL,182.0364300654947,182.91843575745264,180.11863898385172
2024-12-12,AMGN,223.5663644804563,225.74796949605485,220.2840984316703
2024-12-12,CRM,862.7238275905362,871.5154810524782,852.5697453073592
2024-12-12,CSCO,33.72112457455271,33.89436407024247,33.42136462603298
2024-12-12,IBM,112.46329482971817,113.19692962273352,111.20808791578133
2024-12-12,INTC,29.69804036161078,30.34361703548574,29.142240217027204
2024-12-12,MSFT,390.91314549091936,393.4760173615797,386.68917425391214
2024-12-12,NKE,67.19032577585578,67.83942519500846,66.47133555812508
2024-12-12,VZ,33.57071547108376,33.90715437317578,33.25773674437154
2024-12-12,WMT,89.07083085395445,89.60035828606136,88.24384695571649
2024-12-13,AAPL,182.5799331217811,183.57665319279798,180.80742016317274
2024-12-13,AMGN,222.81624525730038,225.03370331016487,219.64923870638552
2024-12-13,CRM,899.4872074899955,908.9159571190653,888.4562890020899
2024-12-13,CSCO,33.81968021580424,34.008436321810926,33.54422214860424
2024-12-13,IBM,113.03120271618711,113.78684713422844,111.77815083714545
2024-12-13,INTC,29.656954742625846,30.333626063318903,29.14406745488602
2024-12-13,MSFT,391.95231411131425,394.73020638114554,387.9452086048551
2024-12-13,NKE,67.22407194792939,67.8816200794428,66.52417463164467
2024-12-13,VZ,33.59082437764859,33.97785995373198,33.305677390996884
2024-12-13,WMT,89.54621169375756,90.08998779622068,88.72628641257799
2024-12-16,AAPL,183.03644300909127,183.99144595281427,181.17003028320613
2024-12-16,AMGN,221.91954821788661,224.15720030112962,218.72982223597424
2024-12-16,CRM,932.9354485613156,942.8660703698419,922.3504283586826
2024-12-16,CSCO,33.90246127556423,34.087037591817364,33.611335150588545
2024-12-16,IBM,113.433140654321,114.20712465835405,112.2014702939791
2024-12-16,INTC,29.63812430716815,30.295016709039405,29.09370902043226
2024-12-16,MSFT,392.46611450158633,395.18298639045395,388.3566968233575
2024-12-16,NKE,67.24807610151493,67.92347928525238,66.55366731055436
2024-12-16,VZ,33.67078711963865,34.00841130611807,33.36369702279206
2024-12-16,WMT,89.95938173494464,90.51853980070072,89.14970305005563
2024-12-17,AAPL,183.33863252847402,184.20263872446742,181.42005744749451
2024-12-17,AMGN,220.91944234190933,222.99736355708603,217.64661094990902
2024-12-17,CRM,971.3741956620504,980.803131019217,958.9849453573747
2024-12-17,CSCO,33.96169839248238,34.13114874063215,33.66206587814126
2024-12-17,IBM,113.86361405393772,114.56807848492095,112.54621746902684
2024-12-17,INTC,29.551555614679504,30.197347878784743,29.011860581430994
2024-12-17,MSFT,392.946453604287,395.4509990068794,388.6641230355883
2024-12-17,NKE,67.18585805396637,67.8015012313695,66.44274173716798
2024-12-17,VZ,33.68532971860461,34.05602993968243,33.38037677629582
2024-12-17,WMT,90.34659333281968,90.8549707174594,89.47710809602269
2024-12-18,AAPL,183.6799887422972,184.57069611117285,181.7499152913997
2024-12-18,AMGN,219.9205395346372,222.06589167418304,216.6933013938132
2024-12-18,CRM,1008.8865010830849,1019.1539583442085,997.0313556710911
2024-12-18,CSCO,34.0260997810463,34.20111422614884,33.72447425347119
2024-12-18,IBM,114.23187742903322,114.9766746461993,112.95565557216045
2024-12-18,INTC,29.50317400185522,30.145625602658725,28.953075429847978
2024-12-18,MSFT,393.27256072212896,395.8506825640003,389.02776259692854
2024-12-18,NKE,67.157864136255,67.805744472265,66.43904727993483
2024-12-18,VZ,33.75851467804177,34.104877909423955,33.44529417301227
2024-12-18,WMT,90.72607004436999,91.26510526388017,89.88331124775411
2024-12-19,AAPL,184.39306614066172,185.48745516938254,182.71419702806574
2024-12-19,AMGN,219.37337953904998,221.60538685192859,216.338150576549
2024-12-19,CRM,1054.3638639485116,1065.745353172948,1041.2571346771476
2024-12-19,CSCO,34.153113427792924,34.356136075653154,33.893463736039344
2024-12-19,IBM,114.95817391587278,115.74931373889761,113.69983108406936
2024-12-19,INTC,29.475072812707833,30.170641770101355,28.993649369343935
2024-12-19,MSFT,394.8354015882126,397.80271252617484,390.9782216055503
2024-12-19,NKE,67.24341231798178,67.91395108213915,66.5632263794303
2024-12-19,VZ,33.74836406435208,34.16513487492762,33.48113423306122
2024-12-19,WMT,91.28585642489658,91.85531548943143,90.46564807821983
2024-12-20,AAPL,184.85575784531227,185.8156000441493,182.99415650070216
2024-12-20,AMGN,218.51900041505112,220.6849692778815,215.3719299219369
2024-12-20,CRM,1097.0091503490662,1108.4145594834106,1083.9643743713548
2024-12-20,CSCO,34.237859203266915,34.42291928283433,33.94781817304272
2024-12-20,IBM,115.43914663160163,116.20772074825094,114.16040720471636
2024-12-20,INTC,29.435491579231833,30.09314003123414,28.907155881972972
2024-12-20,MSFT,395.5398783404925,398.2547746181647,391.4003719685717
2024-12-20,NKE,67.25248018907354,67.91006470543367,66.54680255533277
2024-12-20,VZ,33.7983429242155,34.16572543805404,33.49877343822461
2024-12-20,WMT,91.72427398664827,92.27993866110762,90.88326629756531
2024-12-23,AAPL,185.0360855605911,185.83720065356258,183.1124225590947
2024-12-23,AMGN,217.54085765543851,219.37115679341727,214.22443050953382
2024-12-23,CRM,1151.157293477056,1160.8540584592765,1133.3474440471261
2024-12-23,CSCO,34.28084654203388,34.43585560513047,33.980803911952066
2024-12-23,IBM,116.05275290189911,116.66062592943655,114.58462375684181
2024-12-23,INTC,29.247309684259925,29.890754389642208,28.744752126207565
2024-12-23,MSFT,396.4571274410414,398.7812661431899,392.00270281995813
2024-12-23,NKE,67.09538122708294,67.62223001975222,66.28451248794696
2024-12-23,VZ,33.6650909319519,34.11030070300455,33.38052199527044
2024-12-23,WMT,92.14534889086377,92.58181958502777,91.17159667459622
2024-12-24,AAPL,185.63347679341433,186.674109715386,183.82496923857187
2024-12-24,AMGN,216.8083730016983,219.04594529418117,213.76082433025977
2024-12-24,CRM,1195.806952451213,1208.9248507429215,1182.3227259390114
2024-12-24,CSCO,34.38704253922237,34.584863344464665,34.105795301828
2024-12-24,IBM,116.56932398868088,117.38963109507601,115.32456940992137
2024-12-24,INTC,29.245253734998407,29.910587988505586,28.72730516764186
2024-12-24,MSFT,397.34371779889494,400.23743640521684,393.3297434844746
2024-12-24,NKE,67.16514852359553,67.8554534292177,66.49140810172877
2024-12-24,VZ,33.735053486783386,34.090986627508826,33.440670524196776
2024-12-24,WMT,92.62713725251822,93.22020332764545,91.81150215661334
2024-12-26,AAPL,185.96190736785368,186.85471400654734,183.99769781237438
2024-12-26,AMGN,215.81112237092648,217.90928856149753,212.635417170723
2024-12-26,CRM,1241.9930361193474,1254.5784609935529,1227.3807073057887
2024-12-26,CSCO,34.44942495472472,34.625239236803765,34.1423503735313
2024-12-26,IBM,116.9354397422748,117.69440669474598,115.62608544571583
2024-12-26,INTC,29.195135012757817,29.828798194826696,28.648824946654173
2024-12-26,MSFT,397.63401813636955,400.2229227781699,393.3235201918404
2024-12-26,NKE,67.13124406375806,67.77668819814285,66.41002064582248
2024-12-26,VZ,33.809615104302,34.155826950123895,33.494516657780316
2024-12-26,WMT,93.0095841854826,93.55980313923347,92.1431432340459
2024-12-27,AAPL,186.59661608226511,187.65696458267738,184.82172607559357
2024-12-27,AMGN,215.1479950892419,217.3426004759562,212.13419327709835
2024-12-27,CRM,1293.764785673725,1307.741654277023,1278.4024998835266
2024-12-27,CSCO,34.56268580391136,34.76273772728811,34.28722432570236
2024-12-27,IBM,117.54723582556797,118.36035819283478,116.27096448069918
2024-12-27,INTC,29.17606137133943,29.8488452796418,28.675322136066228
2024-12-27,MSFT,398.7897593972833,401.7077631485802,394.7987775653754
2024-12-27,NKE,67.19825658633387,67.87465107471121,66.51747043964522
2024-12-27,VZ,33.83998115411525,34.22450506393888,33.555808893833465
2024-12-27,WMT,93.52710915909009,94.11478231462019,92.6914556535185
2024-12-30,AAPL,187.30393360191434,188.40835623383467,185.54741666746204
2024-12-30,AMGN,214.53366421395825,216.78106230885726,211.56994748432137
2024-12-30,CRM,1345.3899901225886,1360.424550483424,1330.1265412520531
2024-12-30,CSCO,34.68719826318425,34.89480399117224,34.4148466780571
2024-12-30,IBM,118.15669664753167,119.00452174266479,116.90648342445574
2024-12-30,INTC,29.182880810955613,29.8604872487122,28.681513254649854
2024-12-30,MSFT,399.9773058068406,402.99548242308043,396.0508242226024
2024-12-30,NKE,67.30059923420453,68.00110020542849,66.63908075273734
2024-12-30,VZ,33.89237020061519,34.263732567553305,33.60760293590089
2024-12-30,WMT,94.06136306008233,94.67479614727763,93.24453191293875
2024-12-31,AAPL,187.82986112157576,188.83552772943492,185.98824467454057
2024-12-31,AMGN,213.77997463082883,215.893016537169,210.72445449536477
2024-12-31,CRM,1402.882006188526,1417.4402180373406,1385.6366948876841
2024-12-31,CSCO,34.78315026894761,34.97455287190482,34.49683600562479
2024-12-31,IBM,118.73839688838167,119.52499312910344,117.41483047415801
2024-12-31,INTC,29.136825203400875,29.79804820980937,28.629800161615034
2024-12-31,MSFT,400.97160748201077,403.77374268334637,396.83652001968477
2024-12-31,NKE,67.32087452844333,67.97401955866546,66.61444612819732
2024-12-31,VZ,33.91360338288612,34.304699711931626,33.62371473262404
2024-12-31,WMT,94.55045239416349,95.11950313424704,93.67929848105129
